t-stat,Degrees Of Freedom,p-value
-1.683088,429.856108,0.0930841449864892
1.290772,570.685482,0.19730541017048275
-0.454887,577.745358,0.6493614121853751
-1.905658,348.876043,0.057516332927313674
0.724845,577.470871,0.4688407168637163
-1.888208,370.254121,0.059779618440885786
1.225798,424.718662,0.22095394985349692
-1.162841,541.652055,0.24540606920350883
-2.218233,347.953764,0.02718406550064979
-0.574738,561.223993,0.5656988138562697
-0.940314,546.926311,0.34747162677677745
-1.234599,565.856506,0.2174922177551465
-1.082906,439.847271,0.2794434311920313
-0.511706,564.616926,0.6090568521789057
-2.232638,356.034668,0.02619407620979269
-6.475506,534.441532,2.1438564826812904E-10
-0.468147,572.609041,0.6398576102537115
-1.601743,541.106983,0.109796038870829
-3.072539,329.312382,0.0022995293675480417
0.35954,574.218939,0.7193233416164322
-1.931608,548.262967,0.05392293129968341
-1.003004,557.166066,0.3162943263699799
-1.948288,572.8289,0.051868476653970486
0.740847,555.760216,0.4590991061457186
-1.78285,306.980166,0.07559879388468439
-1.015315,441.083188,0.31051229636283484
-3.32493,299.825494,9.942800390537925E-4
2.49474,493.313751,0.012930921733255607
-1.180674,505.108699,0.23828792175722657
1.326655,529.184673,0.185195032801176
0.391975,575.181177,0.6952218752938246
1.045953,380.934971,0.2962459646993185
-0.746288,545.470245,0.45581496628646456
0.595346,580.265598,0.5518443209885742
0.389336,578.472588,0.6971708918902726
1.773019,428.177893,0.07693640486367226
3.211313,503.914221,0.0014056866510294697
0.392228,579.834134,0.695033885400226
0.288235,559.835947,0.7732735387919172
3.83045,534.226726,1.430942726483586E-4
0.878743,431.072792,0.3800301844827858
1.567869,580.790867,0.11745634821268314
-0.46453,580.880441,0.6424421293693021
-0.212513,570.484299,0.831782747058035
-2.275556,560.69355,0.0232490558465736
0.11836,571.952895,0.9058239738168616
-0.914626,342.024795,0.36103234633723635
-0.201639,468.030252,0.8402865611041654
1.153096,549.409393,0.2493724003856994
0.071137,552.938298,0.9433144423437945
-0.761375,431.560283,0.44684895636679656
0.522339,519.687905,0.6016568989542521
5.245103,528.165794,2.2642278940665506E-7
0.304363,580.935743,0.7609603473137543
0.706041,577.625869,0.4804473019147699
-0.304154,570.170341,0.7611215377599636
3.60309,540.981091,3.4346461028844644E-4
0.569888,550.613366,0.5689861039017181
2.182642,570.332627,0.029469319009297834
2.217048,326.425371,0.027308438773770982
-0.982211,294.352166,0.32680252645536834
-0.319008,577.761603,0.7498357444845317
3.693361,493.663098,2.460186801180875E-4
1.165195,370.50548,0.24468968316630102
-0.325086,580.35755,0.7452331398129117
-0.351872,563.107996,0.7250658948647764
0.090352,578.694902,0.9280387621566317
-0.683237,528.032372,0.49475676742330843
2.518516,505.838659,0.012092455581945938
1.388329,530.027072,0.16562009226592744
0.87926,500.311794,0.37968241940208447
-0.063127,575.552038,0.9496872911104376
0.52785,580.564346,0.597805130051523
2.034981,554.08713,0.04232825242748173
1.944373,573.856065,0.05233875374846808
2.555354,573.175199,0.010865014512916105
3.494654,500.425246,5.168299768809614E-4
-0.434076,501.653381,0.6644198782902369
-0.998898,573.702356,0.31826522712529437
-0.897181,566.965572,0.3700031435640837
0.764253,576.851343,0.44502898535934143
-0.548862,545.36563,0.5833247897960023
-0.842245,576.315902,0.40000020438975004
0.121954,579.116402,0.9029777544869093
-4096.0,NA,NA
0.854219,580.221776,0.3933361966190141
-2.555857,335.979465,0.011032303474031814
1.720119,528.934366,0.08599572579587633
1.379353,480.234142,0.1684279220507201
1.218524,534.149079,0.2235628133744636
5.171864,537.886835,3.2752412293390876E-7
-1.070543,427.092529,0.2849795747152606
-1.764468,482.068957,0.0782864483631836
-0.172268,578.048705,0.8632871354541058
-0.411142,578.459778,0.6811206840809401
0.691993,494.467051,0.48926652992182906
-0.960619,511.604888,0.33719754686519965
-0.962992,515.258757,0.3360032494614622
0.008363,580.411878,0.9933302428061297
-0.374111,579.070077,0.7084586787634229
-1.053205,426.090099,0.2928439258571316
-1.239641,554.989042,0.21563212283012967
-8192.0,NA,NA
-3.089399,520.952752,0.002112701681110665
-0.717278,539.122959,0.47351322831295584
-1.123365,545.270355,0.2617768545637831
-0.938136,570.265802,0.348571674721882
-4096.0,NA,NA
0.626889,505.404565,0.5310150670119704
-3.819406,299.281078,1.6265018617597763E-4
1.456451,572.326463,0.14581635129045156
-0.41781,578.991223,0.6762409381309523
-0.430271,549.875726,0.6671671007577089
0.167858,578.675025,0.8667536386688957
-0.009935,576.03625,0.9920765870255736
-0.076379,519.752324,0.9391469671999755
1.248086,395.662054,0.21273764661774686
-0.338239,569.707466,0.735307696749141
-5.79065,569.048535,1.1602282035100932E-8
-2.154292,481.0445,0.03171317815788513
-2.028715,326.186564,0.043299311292789286
-2.143965,520.318239,0.03249843568546561
1.044326,419.107025,0.296936557684089
-3.028397,432.528668,0.0026057084942364226
0.575017,549.771492,0.5655150394235731
-1024.0,NA,NA
5.460594,443.939559,7.913692545713502E-8
4096.0,NA,NA
16384.0,NA,NA
1.622968,440.262403,0.10531202991094557
3.503815,507.262939,4.992172114230975E-4
0.555387,580.753152,0.5788438480842428
2.359896,537.305265,0.01863660743160156
2.734497,417.490932,0.006513537477786269
5.296074,444.359082,1.864897363201834E-7
4.845294,385.395969,1.8352886788086664E-6
2048.0,NA,NA
3.535128,576.346743,4.4031013715883915E-4
-2.461946,501.645919,0.014153810593328167
-0.068501,576.629565,0.9454105705620187
2.358433,453.202671,0.018775981066224467
6.456648,403.913493,3.0760549663000347E-10
3.015964,356.271082,0.0027455502846791546
1.847898,520.309913,0.06518443482096048
1.66487,577.640217,0.0964809539217002
5.813983,445.441649,1.1646901443285174E-8
2.98641,531.055975,0.0029530202702290342
2.580369,397.387826,0.01022743137010007
1.553698,429.390104,0.12099318197354547
1.70331,480.12695,0.08915719765698293
0.085799,579.067948,0.9316558582922103
0.802781,570.976285,0.42243535085289663
2.122297,381.164363,0.03445714121830079
2.735604,322.706644,0.006570994424409005
0.0666,576.823388,0.9469232225551354
2.579629,516.155166,0.010166084505183859
2.361438,367.801426,0.018724867362179376
3.06182,401.617039,0.002347901876366798
2.619057,373.825819,0.009176166592691937
2.299382,381.931059,0.022022146561643252
2.014935,337.116603,0.04470496533572765
0.64766,434.646941,0.5175468210243033
2048.0,NA,NA
2.374819,331.281791,0.018126570154401778
0.772687,548.427963,0.440040510406853
5.436321,416.398693,9.28376613362758E-8
-0.59689,557.586801,0.5508231017317662
1.278057,575.372642,0.20174468547338464
-1.361365,483.954875,0.1740318490386139
-0.789988,560.358082,0.4298689434776931
-0.332776,579.112165,0.7394238052925823
0.205098,580.88914,0.8375674065866225
8192.0,NA,NA
1.527281,577.435079,0.1272387025259043
3.95667,529.477216,8.635846730231655E-5
4.302103,565.610455,1.9933094262514217E-5
2.381197,554.054542,0.017593319903473015
-0.091319,510.122723,0.9272749684340411
-0.062149,572.058554,0.9504658837319458
-0.02736,552.577497,0.9781824796232388
-0.978204,535.645903,0.3284150214707905
0.917442,549.684354,0.359313424229208
1.744247,580.596493,0.08164522309245514
1.027827,576.031545,0.30446260807380154
2.976964,555.583165,0.003038048798590598
1.396372,570.369572,0.16314567208496045
0.751849,503.714565,0.4524930238385161
-3.327622,294.034104,9.87292367130754E-4
0.049863,474.907452,0.960252526285061
-1.623783,440.945345,0.10513673998808704
-0.089294,578.25876,0.9288791797462518
-0.870682,483.830697,0.3843595945115629
-0.891012,549.46482,0.3733127170161977
0.713032,564.903022,0.47612038929715084
1.245273,490.661126,0.21362578389140818
2.106313,513.00471,0.0356623025217615
0.023814,578.766254,0.9810091808485075
-1.475468,374.781289,0.14092636801707537
0.633511,558.649874,0.5266592686959142
-0.344274,580.578706,0.7307648959291903
0.923263,571.130859,0.3562600429813789
1.116397,388.942454,0.26494144972795386
-0.861714,384.671206,0.38938175807117215
-0.152482,575.984548,0.8788601843509443
1.986414,580.873614,0.0474568445272574
2.824455,363.217033,0.00499744050127493
-1.818068,473.819506,0.06968505106622229
-4.150452,560.736955,3.833967149825355E-5
-6.401854,532.372465,3.372702953656898E-10
-0.992463,568.442161,0.3213939881664807
-1.319268,384.786323,0.187864020906646
-2048.0,NA,NA
-0.580091,497.19059,0.5621160413133466
-4.221313,479.421902,2.906330910640447E-5
-0.567795,580.942413,0.5703935409480922
4096.0,NA,NA
-1.358464,448.094533,0.17499998850853093
-2.416903,543.365681,0.015981530066583094
-0.815918,576.244282,0.41488416967053343
-0.65911,405.841397,0.5101989273504259
1.626368,456.512816,0.10456143636779869
0.45229,579.331576,0.6512293833763285
2.04538,488.247581,0.04135284903633285
1.970027,411.824346,0.04950488858745161
-1.350329,405.822312,0.17766302980920878
-0.112534,561.567865,0.9104402270299401
1.993277,490.774778,0.04678427118286144
3.922978,406.665037,1.0265737052694845E-4
1.402027,527.129224,0.1614957616956294
0.962532,506.806001,0.33624145156073015
-1.283839,579.360726,0.1997114978540433
-6.069249,498.135563,2.547868513277997E-9
-1.175034,501.092621,0.2405391580259626
-4.176967,483.960664,3.50487619237629E-5
-6.979715,576.387383,8.161792515724038E-12
-5.495041,429.288814,6.708746410395653E-8
-5.701055,540.218042,1.9610336556486782E-8
-1.383309,355.609424,0.16743795305851583
2.146059,549.495152,0.03230557551673896
2.599165,579.406002,0.009583126307175505
3.178909,526.7909,0.0015651672893641777
1.675932,551.2621,0.09431853246558664
1.946872,335.58758,0.052384097033686405
-0.492999,557.13817,0.6222075407261732
3.379977,546.897575,7.766402285416252E-4
0.893254,539.018493,0.37211979567473286
-0.380703,514.412441,0.703580803450803
8192.0,NA,NA
-2048.0,NA,NA
0.444081,574.470314,0.6571512509284689
5.601974,580.952043,3.2744682521013146E-8
5.495674,580.912698,5.8325181351293054E-8
-0.008695,577.860558,0.9930654820404269
3.420429,519.027376,6.744723109071149E-4
-4096.0,NA,NA
-3.097654,469.49169,0.0020674950773842396
-2.553264,510.412048,0.010961551680596572
0.674163,580.138508,0.5004762213848164
3.231001,574.065416,0.0013041876122275031
-1.334454,551.298687,0.18260600922008174
1.51743,377.724204,0.1299946215994987
-1.83481,454.139425,0.06718776476195353
-0.070921,562.547693,0.9434858347900069
-1.269581,557.495189,0.2047636234804281
-2.357426,346.610909,0.018957435701077073
-0.172599,575.650265,0.8630273036630175
-4.1084,468.082812,4.7033021083767485E-5
-3.573352,457.673311,3.8984498087384317E-4
-4.351891,417.948392,1.6987501476641156E-5
-8192.0,NA,NA
-5.169673,395.903044,3.7291669212342604E-7
-4.08152,306.335526,5.713611155291059E-5
-1.471857,545.566346,0.14163609034103875
-3.068434,318.656044,0.0023365623230134458
-2.301726,505.943482,0.021755987075761717
-0.871946,486.022111,0.3836683651312427
-1.521607,372.087813,0.1289569218293808
1.344595,456.297536,0.17942406335618988
-0.608095,554.911448,0.5433732663492387
-4096.0,NA,NA
-1024.0,NA,NA
1.092929,523.497033,0.2749276558241298
0.16493,576.462255,0.8690568969718968
-0.131885,560.789658,0.8951225563202483
-1.486784,567.609058,0.13762711725970977
-1.835089,543.16503,0.0670391474661743
-4096.0,NA,NA
-0.16856,579.758272,0.8662015337626193
-0.249674,569.437559,0.8029295060487042
-0.018233,578.816233,0.985459259937882
-1.417445,416.604804,0.15710030875828562
-4096.0,NA,NA
-0.327518,577.292488,0.7433948654200779
-0.114585,569.222365,0.9088144754273677
8192.0,NA,NA
1.526847,579.848148,0.12734432312469313
0.231166,579.518272,0.81726743412162
-0.345778,557.451871,0.7296400112423931
8192.0,NA,NA
8192.0,NA,NA
-0.184135,580.704578,0.8539718310086746
-0.571211,514.824991,0.5681058878538532
-3.858186,493.256233,1.2939439480641354E-4
-3.026051,320.779276,0.0026781789374842697
-1.622432,559.251087,0.10527443801021541
-1.869227,311.60503,0.06252909702498102
-2.26843,419.880292,0.023810025429556927
-1.089741,421.93412,0.27644922566726104
-0.672786,573.032001,0.5013546564868493
-1.756481,539.500914,0.07957362638508773
2.076146,379.831246,0.0385525695598663
-4096.0,NA,NA
-0.85121,551.864302,0.39502190083270283
-2.883461,525.734788,0.004094426674841929
-0.413626,580.095111,0.6793008977213573
-1.433428,501.459153,0.15235874577399977
-4.346221,414.593331,1.7444165519177108E-5
-1.769382,524.734736,0.07741091195189156
-2.926665,508.871539,0.0035793897255828955
-2.171927,437.700452,0.03039739383718854
1.660899,579.680038,0.09727446348240676
-1.227426,536.441551,0.22020087260832244
2.090712,517.69259,0.03704095794940132
-0.942998,480.531948,0.3461557781176695
-0.323049,580.485831,0.7467744665912162
-0.451524,579.382296,0.6517808957375582
-2048.0,NA,NA
-2.235968,540.246804,0.02576142330241982
-0.691849,573.136078,0.48931232969404936
-0.614469,578.878672,0.5391468803043622
-0.117814,551.769769,0.90625791022122
-1.136137,426.420586,0.2565373399160322
-1.459293,425.279618,0.14522269379542063
-2.521784,303.342364,0.012188066069245159
-2.699623,303.967797,0.0073304678830878505
-1.930114,580.044986,0.05407993417717744
0.264587,574.261432,0.7914225702526108
-0.459084,534.233087,0.6463605749527714
-0.00608,545.781192,0.9951511133973301
-1.746062,382.04586,0.0816039594184243
-1.155204,393.355426,0.24870814031415378
-1.423295,433.39719,0.1553701061660182
-0.23452,560.078403,0.8146670159028696
2.740686,553.808892,0.006329029804768904
-0.32577,580.416925,0.7447157891550571
0.293615,563.117097,0.7691602931417081
0.925243,580.818445,0.35522377615556344
3.107542,368.794952,0.0020328182980482445
-0.520987,524.167651,0.6025958452340301
-0.510573,527.663828,0.6098636122610951
-0.772692,580.959844,0.4400189199696173
2.797749,499.562749,0.005344698653453994
2.667231,456.771452,0.007919553673314095
-0.639297,558.053479,0.522892064278129
0.21378,573.230838,0.8307946378061422
1.245789,486.177518,0.21344187958432226
-4096.0,NA,NA
-4096.0,NA,NA
-8192.0,NA,NA
-1.703931,341.999959,0.0893023046990088
-0.915956,539.428307,0.36009925901172524
-1.516809,387.289792,0.13013070004987437
-3.153669,320.903106,0.0017647698212905235
-2.232724,286.010375,0.026341049682740918
5.145702,569.177145,3.6744401721300335E-7
0.272354,571.182712,0.7854482641058889
1.809737,421.520122,0.07104869111849887
-1.394533,491.037423,0.16378728092613948
1.998376,535.33698,0.046181196298108684
0.445526,560.75109,0.6561116245591845
0.409747,559.451632,0.6821483924298974
1.934544,394.049269,0.053761771653000334
-0.299801,577.328451,0.7644368598028928
-2.528764,340.913575,0.011897078865685529
3.131717,558.85653,0.0018287917388561947
1.688209,555.905417,0.0919319719411289
4096.0,NA,NA
1.089005,512.771194,0.2766632197092407
-1.301563,332.816254,0.1939660260502406
-1.570955,453.528151,0.11689046601949549
0.367874,538.291772,0.71311179326714
0.995364,361.646802,0.32022477302529895
-4096.0,NA,NA
0.172164,551.128478,0.8633717992167593
0.253673,554.260352,0.7998422641998437
-1.725424,370.738746,0.08528437764953545
-0.947369,326.110688,0.3441522464048764
-2.175927,380.594328,0.030175272818736693
-0.231869,580.959939,0.8167214112168988
0.041118,538.234395,0.967217072568227
0.339772,576.774334,0.7341519265052923
-1024.0,NA,NA
-4096.0,NA,NA
-0.76596,450.226909,0.444101480365646
-1.497774,524.892914,0.13479308022980807
-1.150241,564.144751,0.2505319659552059
0.328336,554.770974,0.742781516198348
-0.079178,572.896459,0.9369186912423374
5.311983,578.943447,1.5488529947482732E-7
-2.294083,392.697383,0.022312909150944662
-1.080872,493.930678,0.2802815095001069
2.362747,502.583294,0.018519999514076124
1.091971,577.709005,0.27530102244712285
4.078041,542.993311,5.221927533360926E-5
0.570287,579.144504,0.5687042288389816
-2.668169,527.221987,0.007861337953573222
1.298104,519.260686,0.19482787677378655
8192.0,NA,NA
-2.063698,345.596918,0.03979253756963099
0.756037,578.765408,0.4499346146847276
-8192.0,NA,NA
3.056792,517.442899,0.002352792333359499
6.48929,579.338485,1.8529378031928445E-10
5.520499,577.648378,5.112655743211292E-8
2.167557,575.629913,0.03060161521208493
2.336137,573.849389,0.01982747593302059
6.217216,580.353243,9.677021406417907E-10
0.24493,574.506056,0.8065980912267623
2.939173,512.79285,0.0034392370311195908
0.740295,580.74722,0.4594201898672634
3.92486,570.457933,9.737565944689663E-5
1.258052,579.38501,0.20887971572624986
1.68248,523.720447,0.0930718437900544
-2.1189,393.946745,0.03472415074829048
0.659641,579.532587,0.5097462826849655
-8192.0,NA,NA
-1.82476,470.703213,0.06867093969018484
-8192.0,NA,NA
-0.072906,565.209335,0.9419067113704459
-0.070925,577.450495,0.9434820023157732
1.80477,579.789537,0.0716294058858784
-1.314409,405.142039,0.18945223300201142
-1.150654,485.307428,0.25044124018434055
0.197699,481.307875,0.8433640380671985
1.059561,417.294102,0.2899572674020836
2.034076,467.225244,0.042508280713206226
-2.060947,412.62711,0.03993422860354681
-0.034899,577.671348,0.9721723334272956
-2.087559,491.914628,0.03735160004838793
-1024.0,NA,NA
-0.597842,485.862104,0.5502239125622645
-1.754982,371.09436,0.08008757133753194
-0.844695,445.015958,0.39873503027573265
-1.498204,510.309558,0.13469855507019612
-1.367805,503.512785,0.17198327142883618
1.370834,395.34002,0.17120444145569924
-0.359607,580.46521,0.7192718346598183
-1.633907,540.235339,0.10286096235834807
-1.478985,570.174828,0.13969656007538367
1.562598,444.59297,0.11885867206772982
-0.546695,519.929864,0.5848228275769711
-0.330228,572.289971,0.7413485411990055
1.011949,528.527375,0.3120254759073675
2.945681,563.357543,0.0033556141688906305
2.088278,539.982505,0.03724064285126594
1.625816,558.111497,0.10455329236621447
-1.771217,528.790627,0.07710056677419819
-1.367359,534.575931,0.17208743685236028
-4.031342,547.629652,6.332045091401069E-5
-1.987443,307.961132,0.04775881260570348
1.297786,565.661494,0.1948898349939019
1.907502,567.587365,0.05696004203891758
2.277932,470.412815,0.023178377664876182
2.2685,539.724078,0.023692881465059212
3.665633,571.841338,2.69709713456745E-4
1.241289,580.355576,0.2150004805244734
1.801732,438.375888,0.0722745037733954
1.188762,423.007218,0.23520025474618578
1.461909,497.410088,0.14439761807423457
1.531926,548.481581,0.12611725238470184
0.257905,580.549851,0.7965716215244742
2.25346,447.876115,0.024713064100854387
2.788219,537.359458,0.0054876337466778224
1.862947,571.530834,0.0629824953960918
1.547671,565.113033,0.12226133486952095
3.595508,513.820328,3.5499555171325525E-4
-0.427162,574.090446,0.6694214951305106
3.018925,460.899991,0.0026774366480473155
-0.355493,558.226625,0.7223545750787137
-0.590281,572.306235,0.555235272154349
1.108623,580.627873,0.2680518418284876
-0.272439,570.604597,0.7853830463524486
1.412078,580.188624,0.15846310694042298
1.888064,355.800648,0.059830777486797215
0.211653,578.697126,0.8324522757428077
0.047879,580.101129,0.9618291545110087
-2.202484,393.768836,0.028210008551899764
3.20007,462.302924,0.0014684823406660996
-0.753915,524.157586,0.45123879814201995
1.942838,565.602561,0.05253159611045777
-2048.0,NA,NA
1.746011,500.74428,0.08142229369228238
-3.829008,495.113706,1.4516771526618127E-4
-0.271329,486.518517,0.7862530900426921
-4.568503,483.648725,6.242412931172994E-6
-3.8094,524.502552,1.5579857450802114E-4
-3.221568,399.686934,0.001379307211666068
-4.685177,447.988443,3.7156056201391426E-6
-0.075962,580.202096,0.9394755151922749
8192.0,NA,NA
-0.287343,536.259981,0.7739607008785092
-1.297434,526.691048,0.19504988378953692
-1.123427,511.476451,0.2617832043814089
-2.906712,285.565392,0.003938688845185825
-0.592751,453.506914,0.553643251780342
-4096.0,NA,NA
-0.951692,430.972634,0.3417866259370359
-2.907791,383.310516,0.0038516546332607324
-0.413444,577.962022,0.679434700427712
-2.353985,451.863963,0.019000608191764797
-2.256276,576.983481,0.0244268463962181
-1.282938,565.803489,0.20003907240857233
-2.298908,374.305525,0.02206036608115715
-1.543057,515.092668,0.1234310552214517
0.05538,574.031599,0.9558549983806954
-5.618181,476.789817,3.285319974886395E-8
1.000592,449.391604,0.3175625587327686
-4.20219,534.758088,3.097682483859765E-5
-2.332625,577.382936,0.020010512386848943
-4096.0,NA,NA
-4.388354,468.722203,1.412254938060026E-5
-5.15676,492.956821,3.6452456078665454E-7
-4.600329,447.12484,5.500970787680418E-6
-1.662616,492.56086,0.09702548940246547
-2.139307,580.85403,0.03282700533524567
-3.771821,451.367223,1.836326743723482E-4
0.174905,559.543214,0.8612175507091928
0.24876,568.226545,0.803636316960842
-1.861961,405.574695,0.06333162500189585
-2.701932,349.396772,0.0072300878550476365
-1.385992,544.762473,0.16631640981624995
-8192.0,NA,NA
-0.992621,575.362113,0.32131194558091625
-2.048545,431.381948,0.0411112819130644
4096.0,NA,NA
-4.959265,504.395642,9.684701877166279E-7
-2.029484,579.49396,0.04286548043833285
-4.311029,358.075421,2.103118051807766E-5
-0.91874,515.48591,0.3586612650343797
-2048.0,NA,NA
-0.646415,565.800457,0.5182727401839649
-1.07936,398.164525,0.281080675862291
-2048.0,NA,NA
-3.939939,482.631408,9.353430499349323E-5
-4.519221,551.535064,7.599048924927646E-6
-8192.0,NA,NA
-6.318573,437.397765,6.508320634598874E-10
-1.20135,573.497484,0.2301113520014355
-4096.0,NA,NA
-2.765587,533.792294,0.005878770608157004
-0.750126,369.959488,0.45365559438689884
-1.327182,406.610416,0.18519321923869736
-2.304235,307.261943,0.021876264315879072
-1.813067,517.511237,0.07040069322368754
-1.405767,468.217379,0.1604565495957625
0.276431,556.067594,0.7823197615535957
-1.980628,457.069262,0.048232081900607474
-3.814513,387.215214,1.5875558957410043E-4
-1.500817,528.586743,0.13399997056144952
-2.575825,547.619811,0.010261137618350095
-4096.0,NA,NA
-3.891187,331.932611,1.2055741892005826E-4
-1.374282,546.89027,0.16991706129878192
-2048.0,NA,NA
-0.708268,529.284397,0.4790906392147958
-1.607175,372.654549,0.10886290408829458
4096.0,NA,NA
-0.513983,568.21371,0.6074636967293272
1.949866,551.676914,0.05169828273495547
-0.908684,321.72721,0.36419712818409444
-0.318576,575.276624,0.7501636813699883
-4096.0,NA,NA
-0.008899,513.029112,0.9929031783226477
3.817996,413.386965,1.5514618384626644E-4
-0.704942,436.757124,0.4812220815494621
-0.627455,578.521547,0.5306085900824677
1.04175,580.267172,0.29796143406724385
-1024.0,NA,NA
-0.753792,566.655288,0.4512872242772079
-1.176508,442.12957,0.24002497547683532
-1.405346,580.750652,0.1604531231372679
2.622148,545.143425,0.008981992061707134
-0.528452,577.471178,0.5973886811855516
-0.094648,559.145332,0.9246283300347435
-1.21001,577.277523,0.22677029371051727
-0.088845,579.413298,0.9292357937050725
-1.117058,579.473702,0.2644324662277838
-2.514401,439.143864,0.0122799097114475
0.082281,577.51141,0.9344517721603696
-0.430145,580.067644,0.6672499233914349
-1.783518,544.444838,0.07505894819524733
-0.650753,578.047562,0.5154645220698976
0.66508,575.869208,0.5062655861921228
0.672494,576.457349,0.5015387213961984
-1.309659,574.81791,0.19083441125325618
-0.123115,579.135134,0.9020587461748658
-0.31001,545.662353,0.7566717126201729
-1.52933,531.032444,0.12677808905981514
-0.716781,563.91088,0.47380599603565543
-1.1976,579.309689,0.2315625562650353
-0.581687,580.678699,0.5610032688810521
1.534086,433.722613,0.12573759668173956
-1.902667,355.049689,0.05789278271838939
0.864956,430.236999,0.3875449534935902
-2.684517,551.415376,0.00748194018336058
-2.54045,541.203595,0.011349288445275484
-1.777173,541.378108,0.07610115149907504
0.597804,466.028004,0.5502610997803552
