t-stat,Degrees Of Freedom,p-value
-3.518861,310.945776,4.981040813121129E-4
-1.392102,319.758433,0.16485894913727073
1.134663,502.55559,0.2570574462109634
3.180676,341.482988,0.001603968955190327
-0.618226,491.995298,0.5367124553765645
-0.850066,447.346053,0.39574311806275286
-0.919223,416.759217,0.35851065578974994
1.507995,454.793582,0.1322501289988609
-0.41428,484.451365,0.678852423881871
-2.885821,263.889281,0.0042266732036227855
-0.631688,425.655224,0.5279298673474653
-8192.0,NA,NA
-2.195052,403.503147,0.028728872757666727
-1.661674,368.495188,0.097428598530798
0.083993,492.137702,0.9330961516867446
-0.875036,483.495261,0.38198878560474303
-1.354724,504.928492,0.17611134216613356
-0.922889,485.830692,0.3565231536429857
-8192.0,NA,NA
-6.988869,427.068305,1.0712044998754174E-11
-1.863278,367.271597,0.06322113296085906
-2.923297,342.737015,0.0036936725001487833
-3.898934,309.644157,1.1849658529816138E-4
-0.779126,373.508494,0.4363988477742774
-0.639063,496.113334,0.5230768863932651
-1.388011,344.762092,0.16602999785633032
-3.341949,463.549398,8.99240063457949E-4
-2048.0,NA,NA
-1.377168,344.545453,0.16935435073007277
-1.570747,479.558874,0.11690095422524727
-1.980629,503.757637,0.04817640028759227
4096.0,NA,NA
0.330206,361.526302,0.7414355760282234
-1.179534,357.333039,0.23897031332800678
-2.840652,330.330081,0.0047814812488318715
1.980867,478.430787,0.048178403106918344
-0.874659,438.518823,0.3822382530625006
0.562337,481.535966,0.5741481087348319
2.28517,430.864349,0.022787963258333654
1.449294,331.307581,0.1482013627973433
0.501468,493.252694,0.6162655271109638
1.285618,482.883433,0.19919260140482753
1.187323,496.7598,0.23566767465101623
2.264125,300.536074,0.024278932579088197
0.82435,504.01163,0.4101306544554846
0.145105,499.538652,0.8846864981464413
0.946408,438.062623,0.34446226692006565
2.917262,484.407727,0.0036952059380710445
0.006923,452.29581,0.9944793417096345
1.864934,502.814596,0.06277296330655102
-2.355365,373.399837,0.019021090858586265
-2.627046,483.595724,0.008886399539863563
-1.055579,292.774649,0.2920308688054176
0.139052,500.363405,0.8894650054981872
0.016172,479.593405,0.9871038986383089
-0.595773,381.835489,0.5516798529659446
-0.092642,501.082972,0.9262250028884924
0.915939,492.234621,0.3601473890587821
-0.943185,263.821361,0.34644919820279596
0.143786,491.398678,0.8857284035340505
1.046313,443.630967,0.29598628702128815
4.455874,473.977876,1.0436692349236054E-5
0.291935,492.327609,0.7704592948113596
2.374855,328.172682,0.01813025215585773
1.40334,496.852509,0.16114011204422374
3.272638,495.634436,0.001139831767788868
0.140974,499.682372,0.8879472948940801
3.944015,491.899459,9.177233376456151E-5
-0.375111,485.889045,0.7077415972511021
0.321953,476.506569,0.7476294909839685
4.041777,365.081713,6.472129666623694E-5
-0.831023,276.229976,0.4066783638222766
0.674365,504.799229,0.5003879908749391
16384.0,NA,NA
-0.099417,502.280689,0.9208468508423269
2.24826,364.369181,0.025156833863883676
1.022299,458.337538,0.30717867624324513
1.87523,490.727737,0.061354679934179535
1.155123,461.178565,0.24863820188115082
0.14424,494.5726,0.8853697113393448
2.599345,454.402889,0.009644061776934443
1.212332,361.123383,0.22617786287723662
3.196937,478.957327,0.0014808005068067676
2.443811,493.763828,0.014882026087719824
2.204647,502.945139,0.027930855055217974
3.037476,472.09919,0.0025178085035002518
2.070299,357.578574,0.03914172720780895
0.635922,488.555051,0.5251250380799948
-2.196127,461.422012,0.028579754446745
-0.484403,500.23283,0.6283119072950839
-1.209235,458.349674,0.22719594698401857
-2.253386,434.869397,0.02473224915908894
-2.128847,492.305458,0.03376269837578219
-4096.0,NA,NA
1.225536,500.250521,0.22094999499642687
-1.875963,307.485219,0.06160758521771363
1.033723,494.955959,0.30177048602277345
1.703859,423.535695,0.08914092216448788
0.488347,505.71472,0.625515753683545
4.284213,500.320026,2.1999333994715542E-5
0.710465,355.237612,0.47788198143535343
-0.543916,441.412868,0.5867738898619663
-1.491689,389.254961,0.13659065262339032
0.224455,496.141433,0.8224956836439135
-0.530316,504.523208,0.5961261772201552
1.099905,434.995269,0.2719818411223882
-1.037289,439.268433,0.3001718460904561
1.347726,426.220278,0.17846243625792724
0.787471,499.593335,0.4313796260260512
-1.30683,282.983781,0.19233143521949092
-2.052013,286.651293,0.04107655333744865
-1.566525,442.87908,0.1179399603421808
-1.921835,264.944445,0.055699030130649974
-3.113402,466.234653,0.0019632120933664237
-2.252948,405.801892,0.024795842342761342
-1.049185,381.392949,0.2947573588580289
-1.910581,452.165105,0.05669062953040724
-1.001613,462.059203,0.31705477871641363
-3.83943,346.128843,1.4661501691554793E-4
1.709501,446.877315,0.08805240379852508
0.504933,497.684641,0.6138294012697461
-1.429242,459.563642,0.153614068485172
0.700632,452.270879,0.4838929817374642
0.229688,453.334993,0.8184378170491442
-5.34042,490.907568,1.420816576527196E-7
-2.216007,390.588208,0.027266811032695598
-3.521985,354.597057,4.8428692275721174E-4
0.404267,497.689201,0.6861900564917947
-3.201139,354.068241,0.0014927172179019055
-0.432694,487.434802,0.6654284670942381
-2048.0,NA,NA
5.013261,432.161352,7.822754575226298E-7
4096.0,NA,NA
4096.0,NA,NA
8192.0,NA,NA
2.419982,499.668013,0.015877030916458423
-0.720286,492.884203,0.47169036302322465
1024.0,NA,NA
1.976828,494.759246,0.048615872709992125
1.34409,364.277066,0.179755765695627
2.207775,381.660474,0.027854126919222066
4.04951,429.986846,6.088512010871128E-5
3.470536,388.761967,5.776684003047095E-4
0.479258,482.83024,0.631972085857933
2.754846,503.902395,0.006084405927704983
-1.182672,455.759218,0.23755576622902885
0.470524,500.778195,0.6381855557167868
1.355137,502.573907,0.17598266818814734
5.140531,422.233597,4.198339940142404E-7
2.211376,363.942073,0.027630756633622466
0.887246,502.246894,0.3753711340046044
-1.088523,411.340597,0.27700163125185895
4.839467,404.494932,1.8551446088199697E-6
1.882663,491.853754,0.06033602791361248
1.793892,373.733398,0.07363862843710489
-2048.0,NA,NA
0.728826,385.462023,0.46655067755117074
1.635101,470.366398,0.10269687333496402
-0.324295,504.834883,0.7458490261353495
1.383458,504.571751,0.16713624140357242
1.628214,362.362484,0.10434860359051079
2.298667,275.105759,0.022273676805937725
0.791316,505.060835,0.4291310655730758
0.070909,503.341223,0.9434983446039098
0.923275,438.779731,0.3563713354521014
1.132413,486.715054,0.25801840691130185
1.67432,394.951279,0.09485936825785202
1.502471,431.461659,0.13370703148034524
2.147382,347.088074,0.03245501037787424
0.856473,437.303146,0.3922052715519009
0.447601,419.074388,0.6546724561778787
-0.195651,427.504869,0.84497629854253
2.034253,421.78626,0.04255123462881638
3.951599,376.215002,9.271630606200176E-5
0.289743,501.000359,0.772132729789829
2048.0,NA,NA
1.691357,490.281893,0.09140411843637897
-2.717413,377.611583,0.006882432426740114
-0.809516,490.833959,0.4186106539832619
0.129558,504.30781,0.8969677905993618
0.031988,504.814547,0.9744942635915035
1.043007,413.487952,0.29755446166762844
2.395706,504.717259,0.016951636970549133
3.319814,490.377722,9.678647877096047E-4
1.070083,504.762194,0.2850933722132356
4.071364,501.211353,5.430454519750327E-5
2.594907,498.72481,0.009740242863657267
1.135082,477.671828,0.2569102011127533
-0.403945,489.374091,0.6864296240498746
-1.206031,321.331899,0.2286927809910836
1.212704,405.384248,0.2259492352463046
-0.475903,497.215704,0.6343525119387127
-0.641213,476.760491,0.5216924197741295
0.185627,503.958469,0.8528119657882534
2.851326,501.993041,0.004533046229422633
2.19011,488.769923,0.02898805838787677
2.208125,482.18113,0.027705420431851202
2.605218,463.47678,0.009476799226054045
-2.493385,268.163162,0.013256370155285887
-0.761078,382.69633,0.4470791778399563
0.39,447.69509,0.6967220225620498
-1.615317,483.16412,0.10689483387934129
-0.452065,459.663614,0.6514354028644148
0.137829,492.720552,0.8904318705471002
-1.278234,305.849175,0.20213612226140165
-0.322088,465.425115,0.747530645470331
0.100785,503.541615,0.9197612502479298
1.803455,476.020004,0.07194894478414504
-1.554558,357.022322,0.12093734554202984
-1.429013,374.296419,0.15383450657669895
-0.582357,452.453238,0.5606163185967574
0.272081,496.592162,0.7856728229735832
0.462009,503.822961,0.6442742986812013
0.966974,401.337823,0.3341393609562209
1.097775,409.600545,0.27294765800203824
0.218197,505.729475,0.8273636381829315
-0.271661,503.904454,0.7859939523047098
2.953662,497.489498,0.0032889168980174688
1.361689,425.4087,0.17401673848293564
2.786042,327.285259,0.005646700838410235
-1.984155,275.434423,0.04823096856594766
-4.817452,470.201057,1.964653922656179E-6
-7.373957,423.660323,8.784207760322099E-13
-1.828169,464.382251,0.06816555731675632
-2048.0,NA,NA
-2048.0,NA,NA
-4.327311,374.262739,1.93936180644846E-5
-1.924801,387.460468,0.05498611914349632
-0.124142,491.022803,0.9012536461261405
-1.741682,393.943004,0.08234464832829341
-3.332583,431.915618,9.344907034573276E-4
-1.618084,476.529187,0.1063061663969812
1.732249,286.718317,0.08430465226257633
-0.187242,504.331865,0.8515461982353092
0.377094,475.030384,0.7062721505385263
0.756496,504.951088,0.4497046671699825
2.648856,383.42641,0.008410246560752288
1.36717,414.237703,0.17231344390490277
-1.770366,352.581503,0.07753026459954072
0.581858,502.707304,0.5609231626115871
0.687217,505.455784,0.49226117777563516
2.960644,382.264465,0.003261436088787484
0.884971,501.917794,0.37659602132768466
1.699501,392.996138,0.09001612900412104
-3.898917,357.024189,1.1542078612873122E-4
-7.096654,413.794771,5.588479607893925E-12
-1.832227,379.223494,0.06770165342048631
-3.919783,422.143023,1.0338405678856856E-4
-6.836712,491.485212,2.4112356971599973E-11
-4.456168,331.824094,1.142472433189626E-5
-5.416669,449.830527,9.908907993013392E-8
-0.472326,419.141337,0.6369399364480861
2.095239,498.930553,0.036653264342250136
2.620908,505.507902,0.009033617828112739
4.236128,424.379524,2.7909704583439776E-5
3.339291,477.489544,9.056598053989173E-4
2.342222,287.386126,0.019851944188701953
0.45842,498.309032,0.6468505829529168
5.075957,460.894589,5.604081447785347E-7
2.188707,377.592771,0.0292300584950953
1.388995,441.78415,0.16553403454018056
0.995589,284.976088,0.32029447952475354
-2048.0,NA,NA
0.729185,494.070174,0.4662340263755862
3.889898,498.649579,1.138828350912835E-4
4.775766,502.356666,2.352523804871609E-6
-0.416441,482.753391,0.6772724184286991
1.595206,500.716847,0.1112971235227771
-1.587025,407.235217,0.11328309324977281
-3.563999,409.059532,4.0834307271538355E-4
-3.448238,369.28789,6.293349472201728E-4
1.081818,505.359091,0.2798493489345524
2.744589,504.929243,0.00627445623760714
-1.373,449.221269,0.1704373056471019
0.295878,505.463945,0.7674447661318429
-2.255659,412.951588,0.024614642442253178
-0.938213,407.803266,0.3486902847242417
-3.257201,381.265862,0.0012259990571874008
-2.613356,297.25959,0.009422031913308194
0.786672,384.196985,0.4319588637122065
-5.929868,409.086548,6.454764172778512E-9
-3.925361,408.282302,1.0162013672836334E-4
-5.624383,331.602177,3.959446769078099E-8
-2.423226,356.615005,0.015880524756771482
-0.718848,462.82015,0.47259734433312195
-5.579363,362.93694,4.7280423724219976E-8
-3.25075,342.393741,0.0012653266673624023
-2.052571,477.503595,0.0406586928054185
-3.448863,331.86697,6.355316229536701E-4
-2.64084,456.001798,0.008553932884918914
-1.932364,312.310677,0.054218710523459786
-0.593589,435.658502,0.5530950945635142
-1.4962,393.220806,0.13540370470282437
-0.96944,433.190461,0.33286665487582556
-4096.0,NA,NA
-4096.0,NA,NA
-2048.0,NA,NA
0.918085,427.371164,0.3590921967160581
1.187634,482.702071,0.23556170440754287
-2.554066,483.859939,0.010952628006661918
-3.047356,414.423139,0.002456371715240387
-0.699262,501.189681,0.4847126953290337
-1.731643,414.752255,0.08408071057658754
-0.827249,397.098361,0.40859277493757895
-0.833298,499.330299,0.40507509518139295
-0.291519,461.37149,0.7707854352639556
-0.254172,505.600335,0.7994660160483776
0.48263,413.208032,0.6296140521629234
-0.091418,505.063371,0.9271967054647932
3.828534,471.030816,1.4632163478567328E-4
-0.741099,487.891806,0.4589899559622517
1.844157,342.448253,0.06602389259902752
0.4407,505.683202,0.6596185301016488
0.373849,486.58414,0.7086795007228284
-1.359828,473.938425,0.17453089142778533
0.707969,499.708297,0.47929458720623064
-3.262275,461.108837,0.0011872379863080544
-8192.0,NA,NA
-8192.0,NA,NA
-4096.0,NA,NA
-2.005663,411.161845,0.04554693841538819
0.089355,483.755316,0.9288367662733643
-0.518047,501.406186,0.6046539812862727
-0.269504,478.133093,0.7876581311734807
-0.811829,339.23074,0.41745903903370374
2.34913,270.332926,0.01953738733620325
-1.814678,445.482073,0.07024583805886034
0.33111,460.987944,0.7407118535593622
-0.589689,497.872491,0.5556666763861302
-3.980613,416.218957,8.109894290572826E-5
-0.178349,499.683899,0.8585211821407112
-1.553642,399.513949,0.12106161562220974
-8192.0,NA,NA
1.519846,505.412245,0.1291749954984831
-2.077981,458.904086,0.03826642679286955
-0.766057,481.961042,0.44401740202665074
-0.305837,466.300351,0.7598652455051583
-3.413133,430.186932,7.030329229986816E-4
-2.505893,427.556605,0.01258482650321248
-3.485971,294.913018,5.649076105292536E-4
-0.821744,473.883778,0.41163584826936994
-3.642967,290.321936,3.191409558074036E-4
-2.162475,295.187051,0.03138457775010692
-1.238125,257.003376,0.21679951803162756
0.374756,501.850405,0.7080002506940117
-1.112945,347.809901,0.26650064697384546
-8192.0,NA,NA
-2.353721,352.434779,0.01913507957045006
-5.375456,447.166083,1.232642661772824E-7
0.766219,496.047456,0.4439104636108451
-0.014947,505.191094,0.9880803644360874
-2.596588,311.381207,0.009862147016276251
-0.345758,504.41974,0.729668745084431
0.74347,504.969044,0.45754294297649833
2.509181,474.407888,0.012433388320076011
-1.546164,474.137511,0.12273213441548436
1.250436,420.652763,0.21183544214212402
-0.305794,505.157196,0.7598874719939848
3.928635,311.979224,1.0522802686274702E-4
-0.256091,505.623465,0.7979847262969362
-0.322426,463.012142,0.7472755253322205
-2.101903,372.586417,0.03623259982537509
2.201244,405.226712,0.02828190323861457
2.775303,347.244234,0.005813618834093592
-1.479877,401.12877,0.1396910035596468
-0.487,461.242408,0.6264896780125986
1.167785,395.150396,0.2435976308196044
-4096.0,NA,NA
-4096.0,NA,NA
-1.823106,262.518116,0.06942459571596914
-0.782616,366.979956,0.43435734825420735
-1.479989,464.83767,0.13955358975128762
-2.350618,371.737998,0.01926410887590359
-4096.0,NA,NA
-3.398444,299.0493,7.69617814760964E-4
-2.701803,274.062885,0.0073265477924716795
6.272848,491.51154,7.779550337261298E-10
2.484767,476.774222,0.013305656911083652
1.315443,444.883916,0.18903858844812094
-1.519961,411.271135,0.12928916312261918
3.492991,368.856341,5.356373831242323E-4
1.195786,458.226758,0.23239850606382806
-1.863067,330.405143,0.06333998854696886
0.466226,486.372996,0.6412624748797884
0.563986,482.610314,0.5730256442581316
-2.536432,302.014715,0.011702386255127978
4.253416,487.44686,2.524821709792846E-5
2.93883,474.89201,0.0034549735301199203
1.447531,407.07135,0.14851793852728168
0.127559,484.214264,0.8985509353897481
-1.107818,427.59435,0.2685631874509953
-2.912951,336.061288,0.0038199134005258437
-0.931943,405.075606,0.35192109402938243
0.260194,456.079415,0.7948315570378992
-0.279659,430.420401,0.7798734758097436
0.826644,329.653221,0.40903679005029914
0.225756,490.383949,0.8214852571370899
-0.467889,487.780351,0.6400729488142818
-2.084721,383.98913,0.03775485211625966
0.147501,483.436302,0.8827980861452915
1.267105,359.125999,0.20593882119897922
-0.304142,420.371441,0.7611702043786099
-8192.0,NA,NA
-0.045973,502.246552,0.9633500432604132
-1.074068,417.314058,0.28341284716009507
0.714386,485.786013,0.4753316513118817
-0.751387,377.559077,0.45288787399694874
0.072683,505.412248,0.9420871309266468
6.87413,501.151483,1.86080040265324E-11
-1.338475,406.480453,0.1814898036470055
4096.0,NA,NA
2.22793,464.313423,0.026363502018543317
3.65402,496.191365,2.856624475091607E-4
4.254454,483.452081,2.517248224509494E-5
1.776929,289.951054,0.07662826192121952
-3.18818,353.43744,0.0015595127523091695
0.337513,502.680227,0.7358711025807851
0.723188,424.976228,0.46996222234312635
-16384.0,NA,NA
1.826282,392.492086,0.0685672955158334
-4096.0,NA,NA
4.658883,397.078145,4.345071057620942E-6
6.754664,500.96762,3.981948104581079E-11
6.814215,505.403472,2.7055246931695365E-11
4.255198,498.066822,2.4960329542578208E-5
3.363756,493.707304,8.286929346508209E-4
7.161245,499.888567,2.8756996783840805E-12
-0.176677,504.877575,0.8598329571536958
3.481205,381.930742,5.568593091056506E-4
3.043476,426.987911,0.002483104459964691
6.788754,479.544829,3.352518263000093E-11
1.611738,502.288395,0.10764710403268385
1.371209,415.746484,0.17104948053739255
-2.569964,301.84554,0.010650626749926546
0.618499,504.11683,0.5365258064590686
-4096.0,NA,NA
0.034872,504.657488,0.9721955962593136
-1.949368,263.365106,0.05231289054973634
-1.410025,345.596909,0.15943162832103352
1.475437,496.155773,0.1407293901530613
1.953958,504.933286,0.0512578577726579
-1.390401,342.987754,0.16530868131043785
-0.146889,471.599849,0.8832824062011646
1.585859,271.714843,0.11393436454822004
-1.481415,316.359053,0.1394913236885823
-0.697864,403.638568,0.4856640553794269
1.946041,418.903702,0.05231815550799346
-1.303614,418.303617,0.19308221252571722
0.198777,501.928266,0.8425176784345774
-2.181274,410.656588,0.029729720768402135
-0.696879,403.471128,0.48627983057892665
-0.791058,322.765234,0.42949103900435315
-2.205778,340.403138,0.028067273408453552
-2.681436,300.268898,0.007736119961471327
-1024.0,NA,NA
-3.083655,360.11114,0.002202580494459168
-1.64071,450.60712,0.10155542189455347
-0.136158,481.862185,0.8917532410983331
-1.021826,388.951418,0.30749838302864074
1.132324,477.346272,0.2580667081147485
2.926559,288.922441,0.0036995460443620676
3.550249,471.161963,4.235201036919545E-4
4.129862,428.543294,4.3650538007256046E-5
2.11012,464.241179,0.03538245198374712
1.695117,434.574239,0.09076955417036858
2.493545,324.685999,0.013144789328265905
-6.03791,466.76343,3.1882364680041326E-9
-2.957593,259.784738,0.003386056364053754
2.349951,480.990092,0.019179111659684667
3.245635,421.820635,0.001265308760271866
2.730306,461.496606,0.006569669984900051
2.154712,475.456948,0.03168592142462989
2.762161,486.667491,0.005959251862543091
1.890214,501.17831,0.05930604776205284
0.744769,505.728589,0.45675732341598785
1.271141,449.411683,0.20433601360946385
2.501738,482.917741,0.012688325067811368
-0.080537,502.895803,0.9358422097309278
1.058236,459.08312,0.2905043546019108
1.791559,498.108449,0.07381055467934994
1.729186,502.062966,0.08439049675881294
2.775542,492.258184,0.005720750379399675
2.587191,464.700556,0.009978841047558307
0.333481,502.539308,0.7389103238011054
4.077674,331.022035,5.702679180652481E-5
0.7731,476.874116,0.43984622937076967
0.091888,505.522249,0.9268234263231392
1.509787,504.539412,0.131723759451003
-0.608325,495.240892,0.5432508314801572
1.199057,505.58145,0.2310674558111534
0.508942,505.729366,0.6110148437319776
1.836741,354.850359,0.0670843795086622
-1.245453,481.978155,0.21357040860603616
-1.670971,269.239562,0.09588932365167613
3.211429,460.974896,0.0014131434131554599
1.886175,475.312508,0.05988077497043243
-0.417671,503.108406,0.6763658671361479
1.593724,428.873914,0.11173454267973026
-5.837786,400.607252,1.0938194877461852E-8
-4096.0,NA,NA
-5.712262,373.41693,2.279371009211631E-8
-4.868862,426.478724,1.5837675512230017E-6
-16384.0,NA,NA
-4.144651,394.096318,4.168595289588137E-5
-1.650678,445.060035,0.09950978712395031
-2.460347,389.517995,0.014313521437889542
-0.226345,488.800462,0.8210277202734889
-1.51742,293.481725,0.13023709193111221
-0.239379,460.681638,0.8109181751407082
-8192.0,NA,NA
-2.352333,311.165689,0.019278755202957316
-2.838409,357.841217,0.0047925406257170716
-4096.0,NA,NA
-1.715653,477.010208,0.08687491688832105
-1.713067,451.292051,0.08738702036672019
-1.901081,496.50173,0.05787014151739144
-2.889838,455.216123,0.004038519754164002
-2.25825,343.614799,0.024556844144912986
-2.603918,394.791476,0.009564148627893466
-6.757356,421.21259,4.692594627282341E-11
-0.551938,505.470083,0.5812347668553184
-4.292149,480.238685,2.1413923402281457E-5
-5.094713,493.112925,4.982691775282252E-7
-3.68635,442.075856,2.557622482074318E-4
-5.282768,441.862882,2.00186026413527E-7
-3.998325,418.855034,7.539461167634108E-5
-1.387566,452.052456,0.1659528435823907
-3.98782,502.845089,7.658009161368292E-5
-4.345634,433.760594,1.731637869359273E-5
-2048.0,NA,NA
0.822458,442.034532,0.4112597128112989
-0.865649,434.430639,0.3871604628911999
-3.422414,267.576862,7.178408195557025E-4
-1.694473,331.934605,0.09111337028713684
-8192.0,NA,NA
-0.968929,483.101563,0.333065444393839
-2.984136,305.067624,0.0030736399895741474
2048.0,NA,NA
-6.405881,458.265671,3.712839606474929E-10
-3.786291,497.39232,1.7159070344647823E-4
-3.843121,368.546239,1.4303555463920792E-4
-1.42608,375.565367,0.15467592353514048
-0.115738,492.620285,0.9079073520685287
-2.235382,463.347178,0.025867937339093185
-2.045863,311.771323,0.04160862778927481
-2048.0,NA,NA
-5.526861,406.384272,5.837396250652251E-8
-5.058694,469.550208,6.066523294900553E-7
-1.15976,325.026309,0.24699776926097894
-8192.0,NA,NA
-7.788177,363.2132,7.186982997993197E-14
-1.430156,502.829725,0.15329331796237144
-0.538595,497.035919,0.590407462857812
-3.703449,404.816984,2.4218842724018247E-4
0.220752,456.380965,0.8253842624170049
-2048.0,NA,NA
-2.836735,291.856787,0.004876793937301316
-1.896135,428.670814,0.058614367370234434
-2.084818,427.629305,0.037678511894002925
-0.168077,505.697853,0.8665899005597353
-2.711357,388.734656,0.006998080231656282
-3.931116,396.444276,9.977099385698957E-5
-1.774664,436.696285,0.07664995878697572
-3.598698,449.235791,3.553817459543475E-4
-4096.0,NA,NA
-3.838015,316.630284,1.4974973492316626E-4
-1.539277,425.875029,0.12447933057464489
-2048.0,NA,NA
0.106075,498.766662,0.9155654946314549
-0.413584,399.763664,0.6794005698550429
-1.398506,439.679147,0.16266610404404824
0.384098,504.924513,0.7010675110662619
0.450105,333.902202,0.6529268157102688
2.366903,492.707779,0.018323273643048976
-0.263212,505.469649,0.7924944389687566
-0.417586,505.702004,0.676427069380138
3.540931,383.259073,4.477886677636267E-4
-0.928364,419.080119,0.35375316824118874
-2.558433,488.267767,0.010815116087308951
0.103604,505.722753,0.9175246848121312
0.751934,433.657485,0.45249865873712447
-2.270833,373.350281,0.023726032801735727
-4096.0,NA,NA
-4.483546,503.74128,9.098345759064829E-6
1.257538,496.974805,0.20914948577243653
-2.121853,503.315475,0.03433798701494061
-0.845943,503.648037,0.39798626925868896
-0.962374,461.10618,0.336366166669796
-2.222244,497.992226,0.026715311097937858
-2.843744,287.97245,0.004777989443181595
0.813039,479.820376,0.4165989315453609
-1.584253,489.914464,0.11378141871705272
-1.729186,497.600758,0.08439600885274155
-2.181539,479.513751,0.02962849026824934
-0.951378,505.343782,0.341867320265815
-0.671862,498.751024,0.5019826414675811
-3.088664,496.883369,0.002123113037331826
-1.063384,489.146336,0.2881325246712003
-0.219694,463.650142,0.826206166770745
-1.706726,483.916165,0.0885145192953175
-1.223876,501.657997,0.22157350633934925
-1.087112,504.03384,0.27750690262983946
-1.366545,504.934544,0.17237615518805194
-1.477247,306.03861,0.14063774343736057
-0.754692,383.08375,0.4508974976496316
-2.205299,478.383256,0.027908050794135494
-1.469355,487.490818,0.14238155284759635
-2.570545,436.342461,0.010484476913549402
