connecting
connected
num samples PrepareData :43.0
num features PrepareData :277.0
num samples PrepareData :42.0
num features PrepareData :277.0
num counters: 277
alice case num: 43
alice control num: 42
277
Done with inputCounters gen
2729
Done with inputAliceCase gen
Done with inputBobCase gen
Done with inputAliceControl gen
Done with inputBobControl gen
-1.005865,83.034749,0.317402768661619
-7.173261,161.458997,2.5034362412541225E-11
-0.85475,166.292234,0.39391930824854593
0.257759,164.871165,0.7969143560026541
-0.028389,165.534697,0.9773860941796102
0.524343,165.410027,0.6007419387259334
-0.402851,165.17998,0.687578750376025
-0.896629,165.606775,0.371218457666631
-1.005865,83.034749,0.317402768661619
0.011625,167.029165,0.9907386742765014
-0.268287,157.969941,0.7888284343873709
0.592166,150.400718,0.5546286025499283
0.008319,167.029037,0.9933724025520934
-0.978541,149.146089,0.32939139570682885
-1.164747,166.11724,0.24579134421576065
-0.520544,165.506508,0.6033801352268546
-0.399923,161.904351,0.6897403616294631
-1.698682,135.599048,0.09167243617875986
1.847158,163.955304,0.06652648555073193
-0.430168,166.977012,0.6676281054980622
-0.465019,152.513408,0.6425810995044541
-0.186969,164.464932,0.851915383551425
-1.597696,83.034749,0.11390942050144282
3.1E-5,2.305843009213694E18,0.0
-0.573905,151.21622,0.5668847298942915
-1.368853,165.688228,0.1728981570031506
-3.899714,167.033332,1.3929744316021488E-4
-0.792867,120.36449,0.42941538130766854
0.008319,167.029037,0.9933724025520934
0.202016,159.854661,0.8401610766880836
1.005935,84.0,0.3173358132295192
1.110861,122.199453,0.2688091622359807
-1.115568,143.786987,0.26646804518789635
0.669313,151.576771,0.5043140373283241
-0.682021,163.003573,0.49619363706390507
0.885703,130.663272,0.3774047015838604
3.1E-5,2.305843009213694E18,0.0
0.466932,160.641546,0.6411812038848461
3.1E-5,2.305843009213694E18,0.0
-0.562476,166.007354,0.574550512404913
1.005935,84.0,0.3173358132295192
0.329054,159.212235,0.7425473197644845
0.008319,167.029037,0.9933724025520934
-0.573905,151.21622,0.5668847298942915
-1.005865,83.034749,0.317402768661619
1.005935,84.0,0.3173358132295192
-0.882241,152.732019,0.37903289523532424
-1.005865,83.034749,0.317402768661619
-0.7461,128.163725,0.4569733268694759
-1.532629,100.38814,0.12851276102957765
-1.578434,83.034749,0.11826819270661793
0.008319,167.029037,0.9933724025520934
-1.005865,83.034749,0.317402768661619
1.005935,84.0,0.3173358132295192
-1.005865,83.034749,0.317402768661619
-0.209824,165.628421,0.8340629165768966
0.263157,154.912063,0.792779259353471
-1.005865,83.034749,0.317402768661619
-1.390597,83.034749,0.16806348268464488
0.008319,167.029037,0.9933724025520934
-0.270242,162.540163,0.787316906396944
-0.874955,120.887662,0.3833334386789651
-1.43095,83.034749,0.15619737018964797
-0.598859,164.456325,0.5500909157559071
-0.324737,165.396231,0.7457904927998812
-0.345458,164.91335,0.7301903338639703
0.011835,167.029175,0.9905713806955172
-0.195797,164.620166,0.8450105348515031
-0.400182,166.682457,0.6895348740699943
-0.731059,155.428261,0.4658437714800038
-1.394853,83.034749,0.16678036135414098
0.324915,162.56112,0.7456631668863614
-1.005865,83.034749,0.317402768661619
-0.17186,166.939839,0.863755749642469
-0.199916,166.679336,0.8417899731247007
-0.35501,166.6058,0.7230311046101956
0.014582,167.029314,0.9883830626024652
0.485896,164.364439,0.6276880385013353
-1.005865,83.034749,0.317402768661619
0.171632,158.384714,0.8639459391847801
0.845959,150.900024,0.39891508349590543
-0.883626,166.774739,0.378170146428391
-1.284477,153.428814,0.2009111190789612
0.867722,149.204936,0.3869399845967485
-3.695333,166.921918,2.974104446064943E-4
-0.366839,166.937721,0.7142036796768279
-2.862313,161.883326,0.004761908572093876
-1.207022,135.605127,0.22952493998212475
-0.727142,131.181511,0.4684346496664745
0.685292,154.821544,0.49418445174749914
0.669179,162.621033,0.5043302081123728
-0.319157,163.722874,0.7500143002644932
0.008319,167.029037,0.9933724025520934
-1.755141,83.034749,0.08292354028973016
0.536686,137.154054,0.5923540147619177
-2.248204,167.005827,0.025871361009016883
-1.005865,83.034749,0.317402768661619
-0.469656,166.151416,0.6392165912128824
0.431405,160.023005,0.6667545404754116
0.008319,167.029037,0.9933724025520934
-0.887402,144.188015,0.3763403307275902
-0.127628,164.879559,0.8985988978084698
-1.005865,83.034749,0.317402768661619
0.992769,163.686373,0.3222878382298979
3.1E-5,2.305843009213694E18,0.0
0.149854,163.676367,0.8810643023421276
-1.005865,83.034749,0.317402768661619
-0.970704,150.131586,0.33325698770709067
0.592166,150.400718,0.5546286025499283
-0.976078,133.041172,0.3307972815177648
0.263148,165.708906,0.7927634184039754
1.005935,84.0,0.3173358132295192
-3.992492,156.342414,1.0032073420995996E-4
-1.394853,83.034749,0.16678036135414098
0.862787,129.764896,0.38984634679310504
-2.123202,164.852837,0.03522958578873569
0.021736,166.408701,0.9826845876819554
1.005935,84.0,0.3173358132295192
1.356076,84.0,0.17870918306891315
-0.090676,166.907131,0.9278587686120858
1.005935,84.0,0.3173358132295192
-0.709326,158.401628,0.47916495586198726
-1.005865,83.034749,0.317402768661619
-1.095295,160.523014,0.2750280572592675
0.660903,100.170861,0.510191672646449
1.005935,84.0,0.3173358132295192
-1.276844,83.034749,0.20521653810253382
-1.207533,159.178096,0.22901811216354762
0.626997,166.553435,0.5315197340185038
-0.62641,164.18806,0.5319159852804258
1.005935,84.0,0.3173358132295192
0.75648,162.646415,0.45045580317040956
0.008319,167.029037,0.9933724025520934
0.508955,164.441167,0.6114659859241531
0.008319,167.029037,0.9933724025520934
-1.534148,92.785932,0.12839612771498898
0.585249,154.577858,0.5592336811619354
-0.017209,166.852656,0.986290443038947
-2.73636,118.607705,0.007167803283928928
-2.238689,153.346973,0.02661579578043144
0.121611,162.322736,0.9033575186002409
0.008319,167.029037,0.9933724025520934
-1.417351,83.034749,0.16012179901977386
3.1E-5,2.305843009213694E18,0.0
0.008319,167.029037,0.9933724025520934
2.066269,126.74722,0.040839845971010647
-1.005865,83.034749,0.317402768661619
-0.132532,166.015976,0.8947240103228763
1.005935,84.0,0.3173358132295192
-1.55895,167.025843,0.12090098127204207
-0.119836,167.026835,0.9047570840672031
3.1E-5,2.305843009213694E18,0.0
-1.43095,83.034749,0.15619737018964797
-0.194313,166.865596,0.8461671678418325
3.1E-5,2.305843009213694E18,0.0
-1.005865,83.034749,0.317402768661619
0.592166,150.400718,0.5546286025499283
1.290021,84.0,0.20058351007256836
-0.331141,166.401631,0.7409546168205533
0.008319,167.029037,0.9933724025520934
0.139129,165.349345,0.8895175225066867
-1.005865,83.034749,0.317402768661619
-0.446003,166.64093,0.6561740331504411
-0.63168,101.694799,0.529013418246032
-0.798803,152.84616,0.4256441445582416
-0.366587,166.085721,0.7143936990464639
-0.360355,165.576697,0.7190409464994519
1.595883,100.75609,0.11364684572341988
0.008319,167.029037,0.9933724025520934
-0.012337,166.881111,0.990171484138382
-1.739512,83.034749,0.08565029697928647
-0.642539,164.472209,0.5214179427918613
1.437017,153.890559,0.1527432029679341
-1.169882,163.805502,0.24374781286286318
0.906232,102.381169,0.36694094723501136
0.021999,166.131878,0.9824751533332048
0.321577,164.876179,0.7481804847710669
-0.077881,164.847827,0.9380171637945136
-0.70869,165.543609,0.4795136526644551
-0.819758,151.697136,0.4136402106991084
-1.005865,83.034749,0.317402768661619
0.736059,166.251278,0.4627320539607176
-0.405987,166.047545,0.6852748524263544
0.614518,164.556527,0.5397218171544285
-1.005865,83.034749,0.317402768661619
-0.072437,166.282442,0.9423411961114192
-0.91586,158.46322,0.3611319722050115
-0.652396,99.788553,0.5156457838622329
-0.07574,166.728696,0.9397167558041137
1.387414,145.468825,0.1674373708947552
-1.12602,120.832521,0.2623885022731417
3.1E-5,2.305843009213694E18,0.0
-0.731032,166.981608,0.4657841551629166
0.008319,167.029037,0.9933724025520934
-0.544227,166.950883,0.5870113814687066
-0.775476,160.737882,0.4391978504104963
-0.499701,166.981492,0.6179434403097228
-0.868498,152.960458,0.38648239338753376
-0.427561,161.210619,0.6695413341562744
1.005935,84.0,0.3173358132295192
-1.1617,162.892788,0.24705672336547002
0.008319,167.029037,0.9933724025520934
-0.539812,166.887535,0.5900462429834311
0.008319,167.029037,0.9933724025520934
0.889317,151.448144,0.3752431403950407
0.703231,148.503897,0.483012837446662
3.1E-5,2.305843009213694E18,0.0
0.151734,164.749421,0.8795823864284085
0.420435,165.415102,0.6747133708726119
0.172623,164.563273,0.8631598950147581
-0.354324,167.000844,0.72354307737721
1.163156,135.553381,0.2468096963427988
0.335457,158.930133,0.7377227724278794
-1.559853,166.57504,0.12069249817838013
3.1E-5,2.305843009213694E18,0.0
-0.441372,161.280825,0.6595348624588528
0.762048,166.136978,0.44711184091305967
3.1E-5,2.305843009213694E18,0.0
0.008319,167.029037,0.9933724025520934
-1.744748,166.997866,0.08286837998446253
-0.491788,166.901298,0.6235153944065595
-0.469607,163.23583,0.6392625191289911
1.281474,158.011669,0.20190454928511548
-0.021641,164.239538,0.9827605971833284
1.005935,84.0,0.3173358132295192
3.1E-5,2.305843009213694E18,0.0
0.275467,166.187426,0.7832996836133557
1.005935,84.0,0.3173358132295192
0.008319,167.029037,0.9933724025520934
1.005935,84.0,0.3173358132295192
-1.446065,114.470811,0.15089143062808108
-0.573905,151.21622,0.5668847298942915
-1.860627,83.034749,0.06633665424925941
1.005935,84.0,0.3173358132295192
-1.351011,116.009356,0.17932098483300374
-1.520303,165.290425,0.13034544308055718
-0.646605,166.813523,0.5187762842867856
0.008319,167.029037,0.9933724025520934
1.005935,84.0,0.3173358132295192
-1.005865,83.034749,0.317402768661619
-1.519611,165.030426,0.13052230177669133
-0.202313,166.940783,0.8399183792152491
0.008319,167.029037,0.9933724025520934
3.1E-5,2.305843009213694E18,0.0
0.352531,158.65392,0.724907952850053
0.771656,163.958,0.44142893413493534
0.029126,159.38441,0.9768005376741984
-1.648386,163.592491,0.10119265982412418
0.066851,167.034747,0.9467802721069027
-1.003187,158.250502,0.3173021145956939
-1.005865,83.034749,0.317402768661619
-2.128386,161.957294,0.034817755577992646
-0.397364,166.715675,0.6916073381239443
0.846247,135.397539,0.3989081147046698
0.298692,166.585246,0.7655473306299174
0.011835,167.029175,0.9905713806955172
0.011835,167.029175,0.9905713806955172
-0.028301,158.520567,0.977457680949473
3.1E-5,2.305843009213694E18,0.0
0.014582,167.029314,0.9883830626024652
-1.005865,83.034749,0.317402768661619
-0.097456,163.708452,0.9224834878837767
0.594474,166.392222,0.5530025880175358
0.144937,161.786253,0.8849410151917048
-1.006488,166.826312,0.3156384967460699
-0.601455,147.478862,0.5484603799749543
-0.63807,166.930727,0.5243024451014346
-1.425942,113.839567,0.15662153941368895
0.025074,165.638754,0.9800261206329941
-1.001782,166.597544,0.31790171704068637
-0.428,166.772777,0.6692033145901898
-1.005865,83.034749,0.317402768661619
-0.976883,164.973107,0.3300573824698031
2.034179,119.297183,0.04415107541751717
0.426061,126.541619,0.6707872357834972
-0.696979,160.535387,0.4868239920112335
-1.006288,160.250642,0.3157940847639893
Gen running time:11.07836263
330226426
