connecting
connected
chi,p-value
23.576694556701028,1.2003254610259972E-6
0.33295873195876285,0.563922051475507
1.1758720670103093,0.2781979656486804
27.850731829896908,1.3104449281264863E-7
1.1758720670103093,0.2781979656486804
38.255847185567006,6.205086444666108E-10
177.68969723195877,0.0
4.758679577319588,0.02915090295321321
3.4488807886597934,0.06329461590200736
17.40965323195876,3.0129192847616615E-5
3.4488807886597934,0.06329461590200736
3.5271921701030924,0.060369942088504436
3.4488807886597934,0.06329461590200736
3.409352396907216,0.06482788319862287
1.1583505154639174E-4,0.9914127980757595
3.409352396907216,0.06482788319862287
6.9360824742268035,0.008447392386142338
18.658379520618556,1.563585642705423E-5
130.41534485051545,0.0
3.409352396907216,0.06482788319862287
3.5271921701030924,0.060369942088504436
0.04234472164948454,0.8369640680478438
2.310527958762887,0.12850039724678186
3.4488807886597934,0.06329461590200736
6.9360824742268035,0.008447392386142338
179.73067193298968,0.0
0.351217,0.5534250230887413
3.409352396907216,0.06482788319862287
0.0702397680412371,0.7909879976750549
3.4468029639175253,0.06337424210272524
104.52959192268041,0.0
5.690733639175257,0.017054723180239484
6.9360824742268035,0.008447392386142338
1.1758720670103093,0.2781979656486804
3.409352396907216,0.06482788319862287
3.4488807886597934,0.06329461590200736
1.7426383453608247,0.1868048778822501
6.856586484536082,0.008831510516438712
3.4488807886597934,0.06329461590200736
3.409352396907216,0.06482788319862287
3.409352396907216,0.06482788319862287
235.32094940206184,0.0
4.498868082474226,0.03391729783303643
3.4488807886597934,0.06329461590200736
6.856586484536082,0.008831510516438712
0.38888709278350514,0.532884973770519
97.04956280927834,0.0
194.30154028350515,0.0
5.857120592783505,0.015514153910084705
1.1583505154639174E-4,0.9914127980757595
3.409352396907216,0.06482788319862287
3.4488807886597934,0.06329461590200736
3.409352396907216,0.06482788319862287
3.409352396907216,0.06482788319862287
6.372625082474227,0.011589403195475745
106.5454081443299,0.0
3.4488807886597934,0.06329461590200736
3.409352396907216,0.06482788319862287
2434.3623821185565,0.0
24.969896907216494,5.823245404767974E-7
3.4488807886597934,0.06329461590200736
7.05207962886598,0.00791732793866895
258.0347178402062,0.0
195.8645517113402,0.0
6.9360824742268035,0.008447392386142338
6.856586484536082,0.008831510516438712
3.409352396907216,0.06482788319862287
13.86725356185567,1.9618719887526392E-4
4238.521388788659,0.0
197.45658512886595,0.0
120.56048943298968,0.0
21.136407659793814,4.277242088401856E-6
6.214268979381443,0.012672466902985846
2278.214857783505,0.0
3.409352396907216,0.06482788319862287
82.29307961340206,0.0
33.95073882474227,5.65252178397202E-9
841.4901593247422,0.0
19.30386092783505,1.1148069703148522E-5
55.427495525773196,9.692247004977617E-14
0.592530293814433,0.441442334441283
3.4488807886597934,0.06329461590200736
5.727319587628866E-5,0.9939617425653798
6.9360824742268035,0.008447392386142338
45.421701747422674,1.588640330396629E-11
3.4488807886597934,0.06329461590200736
2.391830680412371,0.12197071958484373
0.43032229896907215,0.5118308434285392
6.856586484536082,0.008831510516438712
45.49770970103093,1.528177584475543E-11
3.4468029639175253,0.06337424210272524
168.537010314433,0.0
570.655824742268,0.0
0.14167427319587628,0.706622198977811
3.409352396907216,0.06482788319862287
3.409352396907216,0.06482788319862287
6.856586484536082,0.008831510516438712
Gen running time:9.093761745
