connecting
connected
chi,p-value
0.07671480144404333,0.7817997865768547
0.8292037581227437,0.3625028717189973
0.16388348375451264,0.6856059664841594
0.0036101083032490976,0.9520885922673513
0.2152228249097473,0.6427042457385583
0.05438589711191336,0.8156000174502778
0.1588823700361011,0.6901875825652978
0.03773730324909748,0.8459715876207742
5.34115523465704E-6,0.9981560154621424
0.1543374711191336,0.6944243045391291
0.006563833935018051,0.9354280419967012
0.02710804512635379,0.8692232444686131
5.34115523465704E-6,0.9981560154621424
0.03182972202166066,0.8584018901270956
0.07667254151624549,0.7818583741133832
0.038605180505415164,0.8442329116718198
0.038605180505415164,0.8442329116718198
0.26534296028880866,0.6064730025556914
0.40411686101083033,0.5249707606792169
0.060984102888086644,0.8049472327458269
3.405776173285199E-5,0.9953436496718308
1.0808664259927798E-5,0.9973768369114162
0.23288421841155235,0.6293934220002724
0.07853047292418773,0.7792988341847272
0.1543374711191336,0.6944243045391291
0.32581227436823107,0.5681354400736454
0.6247841353790614,0.42927500725316714
0.014981949458483756,0.902581625613525
0.07671480144404333,0.7817997865768547
0.012454559566787005,0.9111405735623447
0.07853047292418773,0.7792988341847272
0.0808734512635379,0.7761172080235391
0.11969855054151624,0.7293616659779745
1.6409747292418774E-5,0.9967678625581238
0.1284213140794224,0.720074522761275
0.0808734512635379,0.7761172080235391
0.07853047292418773,0.7792988341847272
0.025270758122743684,0.8736942512773084
0.07853047292418773,0.7792988341847272
0.038605180505415164,0.8442329116718198
0.07853047292418773,0.7792988341847272
0.014981949458483756,0.902581625613525
0.07671480144404333,0.7817997865768547
1.0808664259927798E-5,0.9973768369114162
5.34115523465704E-6,0.9981560154621424
0.07853047292418773,0.7792988341847272
0.05146045306859206,0.8205411872389285
0.07671480144404333,0.7817997865768547
0.025270758122743684,0.8736942512773084
2.2148014440433213E-5,0.9962450353107736
0.23288421841155235,0.6293934220002724
5.34115523465704E-6,0.9981560154621424
0.07671480144404333,0.7817997865768547
0.07853047292418773,0.7792988341847272
0.07671480144404333,0.7817997865768547
5.977075812274368E-5,0.9938314922125664
0.016841371841155237,0.8967449877257924
5.34115523465704E-6,0.9981560154621424
1.0808664259927798E-5,0.9973768369114162
0.07671480144404333,0.7817997865768547
0.15119723826714804,0.6973938501013803
0.0771768736462094,0.7811603178916589
0.025270758122743684,0.8736942512773084
0.03813176895306859,0.8451787832187223
0.10064434837545126,0.7510577567765483
0.0771768736462094,0.7811603178916589
0.05520183754512635,0.8142469877527465
0.04422382671480145,0.8334377349298374
0.030917055956678704,0.8604255631238792
0.15799030144404333,0.691013577503899
0.1543374711191336,0.6944243045391291
0.01573848014440433,0.9001648528877988
0.07671480144404333,0.7817997865768547
0.24317996028880867,0.6219187549801799
0.1610064368231047,0.6882316003889574
0.2023698321299639,0.6528147474609234
0.23288421841155235,0.6293934220002724
0.012032294223826717,0.912653792123599
5.34115523465704E-6,0.9981560154621424
0.0808734512635379,0.7761172080235391
0.10629064440433213,0.7444073621276539
0.14156301985559566,0.7067320769956019
0.07267997472924187,0.7874739725831457
0.08433614079422383,0.7715050008796703
0.6870809693140795,0.40715902940052306
0.24317996028880867,0.6219187549801799
1.146762714801444,0.28422785353497426
0.006563833935018051,0.9354280419967012
0.1543374711191336,0.6944243045391291
0.0024067382671480145,0.9608726607777929
0.014096823104693141,0.905489234042996
0.0011235541516245488,0.9732603482745896
5.34115523465704E-6,0.9981560154621424
0.05146045306859206,0.8205411872389285
0.053762842960288805,0.8166404163733542
0.463764142599278,0.4958700304530794
0.07671480144404333,0.7817997865768547
0.12606519133574007,0.7225471870021373
0.18790740433212996,0.6646640033234326
0.07671480144404333,0.7817997865768547
0.23288421841155235,0.6293934220002724
0.025270758122743684,0.8736942512773084
0.07671480144404333,0.7817997865768547
0.018111212996389892,0.8929456105016477
0.07853047292418773,0.7792988341847272
5.309025270758123E-5,0.9941864205104884
5.34115523465704E-6,0.9981560154621424
0.12732807220216605,0.7212186319351068
5.34115523465704E-6,0.9981560154621424
0.0771768736462094,0.7811603178916589
4.1577075812274366E-4,0.9837318960603655
0.07853047292418773,0.7792988341847272
3.837954113718412,0.05010462397026083
0.1543374711191336,0.6944243045391291
0.02963864801444043,0.8633126971015557
0.6639832743682311,0.41515720981073667
0.12732807220216605,0.7212186319351068
0.15799030144404333,0.691013577503899
0.15799030144404333,0.691013577503899
0.004693140794223827,0.9453824445184724
0.07853047292418773,0.7792988341847272
0.00812274368231047,0.9281868775237009
0.07671480144404333,0.7817997865768547
0.06588088989169676,0.797431425384918
5.34115523465704E-6,0.9981560154621424
0.15799030144404333,0.691013577503899
0.025270758122743684,0.8736942512773084
0.0037554404332129964,0.9511349057684455
0.039611936823104696,0.8422412505676392
0.027414259927797835,0.8684933733165311
0.07853047292418773,0.7792988341847272
5.309025270758123E-5,0.9941864205104884
5.34115523465704E-6,0.9981560154621424
0.02710804512635379,0.8692232444686131
0.02710804512635379,0.8692232444686131
6.9829650230447645E22,0.0
0.05146045306859206,0.8205411872389285
1.8647292418772564E-4,0.9891048188638077
0.27152078880866426,0.6023134340621572
0.0037554404332129964,0.9511349057684455
0.030894454873646213,0.8604760651198455
0.07671480144404333,0.7817997865768547
0.1543374711191336,0.6944243045391291
0.07853047292418773,0.7792988341847272
0.07671480144404333,0.7817997865768547
1.1532735162454875,0.2828649350694493
0.07671480144404333,0.7817997865768547
0.001263537906137184,0.9716441448679075
0.15799030144404333,0.691013577503899
5.309025270758123E-5,0.9941864205104884
0.024869895306859208,0.8746916881482869
0.15799030144404333,0.691013577503899
0.025270758122743684,0.8736942512773084
0.14030707581227436,0.7079759280599773
0.07853047292418773,0.7792988341847272
5.34115523465704E-6,0.9981560154621424
5.34115523465704E-6,0.9981560154621424
0.15799030144404333,0.691013577503899
0.05146045306859206,0.8205411872389285
5.34115523465704E-6,0.9981560154621424
0.06461375992779783,0.7993469464991472
0.07671480144404333,0.7817997865768547
0.05609857761732852,0.8127720876080716
5.34115523465704E-6,0.9981560154621424
0.0771768736462094,0.7811603178916589
0.11969855054151624,0.7293616659779745
0.04562946389891697,0.8308507773696536
0.14588534657039712,0.702498894819144
5.34115523465704E-6,0.9981560154621424
0.025330855595667872,0.873545416244304
0.0771768736462094,0.7811603178916589
0.014981949458483756,0.902581625613525
0.08474565884476534,0.7709663688240811
0.0871583285198556,0.7678213224820931
5.34115523465704E-6,0.9981560154621424
0.10240151444043322,0.7489665367508145
0.010572460288808665,0.9181038714887132
5.34115523465704E-6,0.9981560154621424
0.023393028880866425,0.8784394420433824
0.14030707581227436,0.7079759280599773
0.07671480144404333,0.7817997865768547
0.022075738267148013,0.8818857941060155
0.015492983754512638,0.9009425070119675
0.028348606498194946,0.8662918582183063
0.07671480144404333,0.7817997865768547
0.40934646028880867,0.52230140278497
0.11356298555956679,0.7361236270902789
5.34115523465704E-6,0.9981560154621424
0.07059841335740073,0.7904674756859812
6.670848375451263E-4,0.9793945400505321
0.014981949458483756,0.902581625613525
0.07853047292418773,0.7792988341847272
0.16325736642599278,0.686175074567297
0.07671480144404333,0.7817997865768547
0.003865718411552347,0.9504235492879313
0.16985969855595667,0.6802365281045994
0.07310744404332131,0.7868649382063061
6.9829650230447645E22,0.0
0.02963864801444043,0.8633126971015557
0.07853047292418773,0.7792988341847272
0.0659307238267148,0.7973564942775747
0.07671480144404333,0.7817997865768547
0.05609857761732852,0.8127720876080716
0.07671480144404333,0.7817997865768547
0.15119723826714804,0.6973938501013803
0.15119723826714804,0.6973938501013803
0.07853047292418773,0.7792988341847272
0.23828720397111913,0.6254459323092876
0.1776431155234657,0.6734065827723559
0.016841371841155237,0.8967449877257924
5.977075812274368E-5,0.9938314922125664
0.0808734512635379,0.7761172080235391
0.05492496750902527,0.8147049165877678
0.45531466425992784,0.4998218507569331
0.07853047292418773,0.7792988341847272
0.014981949458483756,0.902581625613525
0.10433212996389891,0.7466915727191691
0.07853047292418773,0.7792988341847272
0.02710804512635379,0.8692232444686131
0.003754736462093863,0.9511394802240393
0.03660111552346571,0.848279452130729
2.8028880866425994E-5,0.9957758346333695
0.006092229241877256,0.9377861054545402
0.03726147472924188,0.84693366009887
0.07853047292418773,0.7792988341847272
0.07853047292418773,0.7792988341847272
5.34115523465704E-6,0.9981560154621424
0.07853047292418773,0.7792988341847272
5.34115523465704E-6,0.9981560154621424
0.07853047292418773,0.7792988341847272
0.15814156859205777,0.6908733245636776
0.025270758122743684,0.8736942512773084
0.14030707581227436,0.7079759280599773
0.07853047292418773,0.7792988341847272
6.9829650230447645E22,0.0
0.13032490974729244,0.7180953989901235
0.10140794223826716,0.7501465459205627
0.07671480144404333,0.7817997865768547
0.15799030144404333,0.691013577503899
5.34115523465704E-6,0.9981560154621424
0.45016044945848377,0.502258769324164
0.3188512743682311,0.5722988060987236
0.07671480144404333,0.7817997865768547
0.07853047292418773,0.7792988341847272
0.023320862815884476,0.8786256350218267
0.034728794223826714,0.8521650994220831
0.1068047129963899,0.7438116685122323
0.5640794223826715,0.45262123512730035
0.036869707581227436,0.847730563130193
0.23839608122743683,0.6253669568712807
0.07671480144404333,0.7817997865768547
0.33052327256317693,0.565351128574427
0.12732807220216605,0.7212186319351068
0.08433614079422383,0.7715050008796703
0.11815888808664261,0.7310399661407639
0.025270758122743684,0.8736942512773084
0.025270758122743684,0.8736942512773084
0.025270758122743684,0.8736942512773084
0.07853047292418773,0.7792988341847272
0.014981949458483756,0.902581625613525
0.07671480144404333,0.7817997865768547
0.0808734512635379,0.7761172080235391
0.089160940433213,0.765246568238679
0.05505337364620939,0.8144923883736894
0.11815888808664261,0.7310399661407639
0.03808642960288809,0.8452696898886425
0.037388563176895304,0.846676080620857
0.010572460288808665,0.9181038714887132
1.6409747292418774E-5,0.9967678625581238
0.10888569133574008,0.7414163439973569
0.08064574187725632,0.7764242214145951
0.07671480144404333,0.7817997865768547
0.013430462093862817,0.9077398237399683
0.23104693140794225,0.6307486289299412
5.34115523465704E-6,0.9981560154621424
0.011952619133574007,0.9129423115271791
0.0063597581227436825,0.9364376096151952
Gen running time:21.291886137
