connecting
connected
t-stat,Degrees Of Freedom,p-value
-4.469116,584.744895,9.434037079623709E-6
-0.39897,1003.482387,0.6900001949892898
-0.300916,867.297148,0.7635506721394143
-1.468937,616.873254,0.142359633909658
1.263081,1032.663794,0.20684517921432866
3.326267,674.85566,9.278790389246616E-4
-1.394663,938.482068,0.16344750654148466
-1.947171,781.273017,0.051872200916849506
-0.713666,968.415991,0.475605688669529
0.545658,1018.77372,0.5854204981584994
0.163141,831.116673,0.8704470779623625
-1.23378,875.070415,0.21761616154731722
1.21535,749.978942,0.22461507787642665
-1.653437,946.707294,0.09857348641419261
-2.610594,754.657834,0.009217862897887532
-0.154425,1026.308396,0.8773050043993664
-0.302101,1029.840686,0.7626360684679817
-1.481977,983.763828,0.1386666503575814
-1.409876,1034.775077,0.15887678703077457
-0.478931,1034.803362,0.6320888995052115
-0.948762,1027.858517,0.34296468307628547
-2.553761,648.305721,0.010884288638836533
-7.821505,928.550164,1.4147159247492831E-14
-0.372541,1025.776803,0.7095670484536506
-2.118286,968.951162,0.03440488900935885
0.142966,1018.470261,0.8863453120587539
-4.880165,617.450456,1.3509097520309282E-6
-0.832387,836.453083,0.40542812283834695
-1.011111,968.091101,0.3122159481252361
-1.895709,651.967891,0.05844050343277181
-4.127095,887.920316,4.019583737843825E-5
0.69192,613.496528,0.4892493439343908
-1.592553,710.115216,0.11170551023007769
-1.379273,701.376042,0.16825022379841958
-2.45343,880.327711,0.01434299255126212
-3.118571,972.107038,0.0018707862419358944
0.796141,853.954687,0.4261713451054061
1.579602,578.017603,0.1147450900755922
-2.188217,597.974824,0.029039998382757903
-1.308918,786.244313,0.1909445585772317
-4.0,NA,NA
-4.007115,593.034412,6.929086269805852E-5
2.777957,966.404067,0.00557612339961544
-1.445772,894.745253,0.14859132690843124
0.97435,1034.127113,0.33011064175569294
0.384543,942.714329,0.7006627606285472
2.043024,929.424736,0.04133168744017035
1.838701,595.403036,0.0664570389047856
-0.033873,1011.932593,0.9729851037189284
1.330995,1012.282561,0.18349035133102287
1.130099,1012.206757,0.25870222796764963
2.061764,824.199019,0.039543239465076985
2.691981,977.424697,0.007224288849415839
-0.47339,775.250397,0.6360682310924086
0.075876,1034.43342,0.9395324224508173
1.108618,836.588384,0.2679136114278011
4.589473,961.714334,5.031905671026848E-6
0.451489,888.440613,0.6517473387334567
2.616522,1021.319115,0.009014228176263073
0.060674,1014.911181,0.9516307838247475
-0.861095,985.275665,0.3893952223888518
-3.540396,934.456194,4.1924033428817454E-4
-0.301875,1024.741217,0.7628086068072757
-0.180856,1032.067381,0.8565161141582756
4.0,NA,NA
-0.131873,877.355852,0.8951149798868294
0.239648,1034.985095,0.8106506013005332
-0.437933,883.872438,0.6615418515106242
-1.822418,599.128786,0.06888991001171157
0.057894,1034.401701,0.9538442438380235
2.435428,953.32857,0.015056577243367064
0.442077,1027.422829,0.6585265238809317
0.6526,1034.475956,0.5141591748652741
0.119233,883.735066,0.9051178608247903
7.343641,953.068121,4.4564352208453784E-13
0.213024,1000.930703,0.831351620886029
1.819875,710.655136,0.06919860494453012
0.062529,1015.700794,0.9501538708008161
4.124874,989.636928,4.0209638145993765E-5
2.17853,812.29905,0.029653441260746094
0.888937,909.872434,0.3742718877890838
3.79427,1008.397535,1.5689431901066975E-4
2.580841,586.753107,0.010097684522048178
0.89972,978.925694,0.36849054229213385
0.96304,857.309634,0.3357990021913193
4.94821,864.467855,9.002230758614616E-7
1.067895,815.838091,0.28588376131952464
0.611979,1034.626627,0.5406861092654722
2.270335,614.853814,0.023532448227038927
0.384261,1031.624971,0.7008642013250075
2.751481,738.146561,0.006078131611273019
0.420432,1005.881293,0.67425969448738
2.783146,977.035741,0.005487276424645193
3.158838,817.701643,0.0016422149384698326
-0.301875,1024.741217,0.7628086068072757
1.887845,862.11982,0.059382372765221625
2.927303,934.912178,0.0035020200566802107
1.000299,897.947392,0.31743530742274917
3.395531,962.039693,7.129652393245145E-4
4.034778,993.226356,5.884871875228015E-5
4.10129,1015.046703,4.437284046665546E-5
4.998927,906.452552,6.919367772084684E-7
2.023334,894.599471,0.043335651059265734
-0.367894,1028.689634,0.713027957178588
-1.842339,949.393392,0.06573726098275548
-0.255934,1021.188006,0.7980533444063438
-0.877142,920.033127,0.38063849147074846
-1.339079,996.049157,0.180850456339111
-1.677211,994.740707,0.09381539422314245
-4.0,NA,NA
-4.0,NA,NA
1.25676,1032.580354,0.2091247714943294
-1.834684,697.354621,0.06697835408469566
-0.780812,721.250526,0.43516926663737887
1.734569,995.579448,0.08312667828399345
1.775119,842.979978,0.07623901439412273
2.69377,784.153659,0.00721589022178426
6.023295,988.989339,2.407356092248847E-9
0.460222,684.863692,0.6455029604913083
0.427146,1025.927063,0.6693626179058298
-1.237331,710.582263,0.21637294540735563
-2.760119,785.249136,0.005912702786375227
-0.42031,1035.00031,0.6743462501511033
-0.840255,1035.000815,0.4009594850145115
-0.615805,989.332323,0.5381648688330062
-0.723807,988.0644,0.46935555789156513
0.216472,1031.790296,0.8286626391588074
0.738747,961.643466,0.4602409019569338
-0.659541,927.43286,0.5097121638680419
0.378908,1034.406329,0.7048339422937051
-0.901577,1034.401936,0.3674914831798366
-2.341876,656.061431,0.019485299745963247
-2.542655,842.672298,0.01117922779952467
-2.967682,523.743979,0.003137754348827973
-0.69595,582.929407,0.4867375147066899
-5.190833,890.556054,2.5943641246213224E-7
-2.163934,877.66024,0.030738564026183683
-2.030326,828.176663,0.042642521952600765
-1.379273,701.376042,0.16825022379841958
-2.307623,910.004327,0.021243697237372246
-1.281365,932.177046,0.20038414143796868
-0.071835,1020.711914,0.9427472913859335
-4.489092,656.09807,8.448546151689304E-6
3.860625,908.379167,1.2110838929468848E-4
0.700188,826.387768,0.48400697211340793
-0.230184,1026.435077,0.8179946596289056
-1.467608,634.710244,0.14270607437771465
-0.393369,1032.705193,0.6941281569524074
0.406604,1016.930977,0.684384414137603
1.15788,576.475329,0.24739249838821653
-0.131873,877.355852,0.8951149798868294
1.008785,853.463347,0.3133636679736638
-0.423704,945.330889,0.6718780840653193
0.429116,910.056732,0.6679403717157251
-6.625922,992.792991,5.649475461399755E-11
-1.579573,981.447941,0.1145269023067198
-1.368644,838.516202,0.17147713568691536
-2.142967,996.20731,0.03235746604072393
0.204875,1035.001488,0.8377100704999554
-4.004401,843.248991,6.765707401586168E-5
1.292492,970.676981,0.19649439694275084
-1.201397,945.286412,0.22989815549825532
6.991634,880.990822,5.367040145642932E-12
4.0,NA,NA
0.301627,866.990836,0.7630087548066171
2.265048,740.757566,0.02379778839161828
5.133975,895.302084,3.4807870452624456E-7
-0.664717,995.455408,0.5063854716677563
0.405395,1013.167565,0.6852727731981845
2.37918,650.03336,0.01763888556177995
3.123695,948.42324,0.0018401678178283642
1.365432,757.513888,0.17252263379102661
4.44463,666.394196,1.0310444967798205E-5
5.887245,944.164359,5.452963192098537E-9
4.317858,949.616257,1.740974311581489E-5
1.76353,573.015948,0.07834402963893505
4.249802,1028.50825,2.3338644982384693E-5
-2.670932,916.852175,0.007698100812957367
0.475888,1002.808497,0.6342578244513697
2.055286,990.619075,0.04011312302146952
7.726958,862.951152,3.064215547965432E-14
2.934473,832.807274,0.0034329364495575554
2.414049,986.203367,0.01595761764508219
1.953718,1012.74796,0.051009569852525694
7.870016,785.022106,1.176836406102666E-14
1.720348,1015.867787,0.08567373700326053
1.566819,718.461583,0.11759731494303938
4.586048,584.628741,5.528850646863148E-6
1.080511,775.251309,0.28025070699513854
0.596851,881.603441,0.5507601029550415
1.237641,1010.366813,0.21613673646203058
3.261539,786.466084,0.0011558437547793954
0.481007,1001.393198,0.6306166006790495
1.820643,1023.566023,0.06895302495447164
2.306599,708.947405,0.021364642648673104
1.922546,1034.815806,0.05481134357586259
-0.523206,964.243764,0.6009511147259782
1.223398,994.014987,0.22146934257551987
3.183125,567.429789,0.0015367264794909907
2.00947,1033.565919,0.04474688247399006
3.348786,663.047744,8.576095104624315E-4
2.275591,657.406637,0.02319145241250986
4.533186,593.239119,7.030594252777078E-6
3.3072,601.092233,9.985500152336346E-4
-0.782711,960.816799,0.43398970539182047
-0.932209,563.412184,0.3516278187790469
-1.066919,553.505863,0.2864735449815159
1.904933,654.680163,0.05722670303507771
1.879509,1029.945938,0.060457164149694265
1.280555,802.709402,0.2007199009857994
7.094482,661.571407,3.3495428652940973E-12
0.08935,1034.484732,0.9288210535616843
1.43861,699.981327,0.1507080124079505
1.924532,1017.114617,0.054566637287912334
1.951623,656.996843,0.051407516885967786
-0.189446,742.583357,0.8497950428457453
-2.971845,783.695145,0.0030507392892063375
1.647995,687.074436,0.09981087945279699
-0.71386,979.95289,0.47548373695883983
-0.233828,808.931062,0.8151776730038872
-0.596375,1030.330261,0.5510557379222095
1.150785,569.076553,0.2503040043158298
2.001359,574.863569,0.045823254523484014
-2.0,NA,NA
2.0,NA,NA
2.180571,707.942142,0.02954370036301479
2.307523,680.180178,0.021325007787266204
3.233985,1029.136637,0.001259591750603306
0.47787,997.516153,0.6328474337668037
4.0,NA,NA
4.962656,949.261282,8.239109976493353E-7
2.097501,1026.778873,0.036193269686635166
6.303633,985.40666,4.3796521964623025E-10
3.45681,981.793732,5.700379385020771E-4
0.530747,1034.722822,0.5957080034010702
0.270961,985.89842,0.7864777462795147
-0.395936,1003.75092,0.6922363862160925
-0.072668,968.599953,0.9420853159859611
-0.255809,973.045389,0.7981523898970933
0.500098,986.875094,0.6171175655999832
-1.193192,937.510852,0.2330960539586029
0.51375,1017.139839,0.6075383721834391
2.911425,1033.825348,0.0036750946574364285
2.102384,1000.942241,0.035768945791299744
3.945264,911.238154,8.583540635975773E-5
3.643952,936.179073,2.832446576050973E-4
-2.0,NA,NA
-0.574827,911.902043,0.5655500891510673
0.794497,950.496581,0.4271044769120742
-3.659869,539.185634,2.771653013846197E-4
0.134931,812.845412,0.8926998332175662
-1.007142,982.400189,0.31411453540916723
-1.060766,1009.145743,0.2890500620221764
-0.012015,945.44094,0.9904161824475832
-1.291979,876.840307,0.19670482752321417
-0.529547,887.684933,0.5965584555089407
-0.081545,1028.677705,0.9350244019698327
-0.917631,998.195645,0.35903374029345614
0.159391,1030.651375,0.8733920581693124
1.215034,1004.715528,0.22463857895448758
1.790716,969.985005,0.07365062335822214
-1.102344,857.347597,0.27062149225093235
-1.065898,787.974126,0.2867962362306231
1.610071,813.841285,0.10777013034679994
1.189099,764.79053,0.23476977057636006
2.520819,876.179551,0.011884720539467653
0.965833,789.575152,0.3344234767545049
0.555232,892.007914,0.5788751920312585
0.901181,901.66358,0.36773273451617805
-1.177525,811.562787,0.2393312235323526
3.431179,1032.489978,6.247618446708625E-4
-1.121668,542.708553,0.2624996645575427
1.724213,789.658804,0.08506075714391326
3.975582,609.064924,7.863285747489179E-5
-2.388673,748.469065,0.01715617074621646
-1.86305,867.742369,0.06279290927624787
-3.084348,1030.905258,0.002094307359131016
-7.984677,918.700032,4.1936588869515155E-15
-1.206583,904.710723,0.22790818054796624
-1.634547,982.277599,0.10246445725102671
-0.071963,992.907033,0.9426458457406305
-1.310601,767.437516,0.1903846758841251
-1.450342,661.167424,0.14743738806094597
-4.162376,947.737569,3.436182859540012E-5
0.189394,838.306292,0.8498298718095019
0.546266,1029.873878,0.585001420284943
-1.617724,883.61578,0.10607898102672264
-3.817331,914.233514,1.4399029645439037E-4
-0.483096,1032.905997,0.6291299523885583
2.0,NA,NA
1.624533,700.376029,0.1047120151039016
-0.147604,1021.47935,0.8826844270309415
1.077071,970.902003,0.28171609077759063
0.466667,1034.65344,0.6408363875877496
3.665552,711.423087,2.651758266207782E-4
0.65229,1034.999182,0.5143589452315291
-1.679177,836.484379,0.09349100364272911
0.442807,1023.932393,0.6579988678918407
0.31666,1032.310665,0.7515656257792003
2.0,NA,NA
4.770741,796.949838,2.182852767651511E-6
0.421778,1034.662776,0.6732746808311738
1.732229,769.647059,0.08363342869108781
-1.642188,1032.958393,0.10085542069446385
-7.996314,838.074385,4.245346890310432E-15
-2.63013,723.188325,0.008716780556579368
-5.256962,862.525406,1.8475055444502694E-7
-9.434375,1019.264535,2.5740587051382887E-20
-5.12685,833.563646,3.664879054183831E-7
-6.133158,991.357732,1.2428301601670117E-9
0.996541,975.573206,0.3192344631026054
-1.137195,725.285596,0.2558323311670725
-0.69932,790.483544,0.4845577888796464
3.141434,991.450139,0.0017310655537019493
3.350535,1032.490561,8.357572891517506E-4
4.617649,925.429339,4.429499897984357E-6
4.471671,858.825827,8.802505614191602E-6
0.057894,1034.401701,0.9538442438380235
4.237854,545.023229,2.6499990716688515E-5
-0.096048,1002.656238,0.9235016434329444
2.0,NA,NA
5.651501,967.186358,2.0920071674979113E-8
2.248289,826.169095,0.02482065911167175
-1.67199,651.798141,0.09500623064981462
1.607221,987.890467,0.10832544126713195
1.678339,543.165814,0.09385613313173868
-2.0,NA,NA
-0.40692,588.162928,0.6842147841011129
0.976136,1019.914165,0.32922853678694697
7.813887,1032.444578,1.354472090042691E-14
6.641829,1034.573151,4.9966697446279795E-11
-0.457364,957.695267,0.6475131681457964
5.104951,920.61819,4.020298423057511E-7
-2.004478,721.67333,0.04539202261848739
-4.491333,849.671021,8.055550275462112E-6
-4.375732,836.992866,1.3631417235699351E-5
1.086667,1034.902585,0.2774370346174484
3.673724,1031.889348,2.513210726751147E-4
-2.319172,928.136961,0.020602032805637882
1.486148,728.03412,0.13767287932198302
-3.256925,871.802666,0.0011697610653377422
-1.402631,650.760222,0.1612037778829961
-3.586324,882.990618,3.537840229039171E-4
-3.304904,695.163517,9.988532493866809E-4
-0.12093,1030.350275,0.9037700578998108
-7.380783,754.975033,4.161020376569468E-13
-5.819823,702.710029,8.954454239619216E-9
-7.226004,693.250563,1.3153788235474942E-12
-3.207427,639.205494,0.0014061513699521865
-0.764366,962.569893,0.444836496893143
-8.463624,654.356191,1.6982217413695246E-16
-4.27037,622.912736,2.2561548849728967E-5
-3.607635,931.888991,3.254274922809434E-4
-4.654375,602.825713,3.9987454929851796E-6
-4.760035,866.740264,2.2674415773633763E-6
-2.378075,709.244821,0.017667253083271904
-0.661031,928.102409,0.5087564851626252
-0.968691,860.890839,0.3329714451661733
-1.189971,859.613374,0.23438633373529283
-4.0,NA,NA
-4.0,NA,NA
-1.370748,533.719868,0.1710296909749497
1.513529,546.033473,0.1307239187629432
-0.79131,1017.025634,0.42894761620539346
-0.104645,930.194045,0.9166800647815515
-4.0,NA,NA
-0.390472,1012.370737,0.6962697029084018
0.603879,942.267081,0.5460694423517187
0.676939,1033.611052,0.4985961254288782
-1.979588,1017.645633,0.048018962844594656
-2.16663,987.447463,0.030501669285999643
-2.111549,591.67458,0.03514381584607945
-0.619607,1025.890149,0.5356541400915774
-0.691135,1028.868694,0.48963661069670716
0.012933,1034.987528,0.989683739092825
-0.324968,998.369667,0.7452733736100967
-0.301418,1030.247753,0.7631565960914841
0.120758,1031.96618,0.9039062247736052
0.239679,900.188135,0.8106336789887101
0.5837,707.265221,0.5596082621702321
0.57185,1030.575183,0.567548303434604
3.639711,1009.213082,2.867850631105284E-4
-0.111193,1004.874832,0.9114855069977466
1.768567,839.408743,0.07732930210678446
0.810152,1015.297882,0.41804266174946436
0.823408,1033.758413,0.41046592693260653
0.901683,997.194668,0.367443012439024
0.456486,997.113473,0.6481399510217034
-0.61267,927.942866,0.5402446739703284
-4.067907,941.603514,5.1408599677848414E-5
-3.297894,577.34083,0.0010340308689761016
-1.082116,1014.02648,0.2794582477450509
-2.790453,547.626477,0.005446917841805425
-2.1394,702.841786,0.032747127110318366
-0.472583,840.502567,0.6366333978460402
-0.475236,994.449163,0.6347231305009339
-0.614737,1020.704379,0.5388654310892895
1.11541,905.593361,0.2649706646069534
-4.0,NA,NA
-0.907665,914.595269,0.3642943294791934
2.237897,559.324556,0.02562061081266509
0.98425,894.052624,0.3252588826820655
-2.215716,971.843121,0.026942046467437402
0.48359,715.194225,0.6288248944946317
-1.064316,799.020925,0.287507099278802
0.627335,820.382438,0.5306142213387177
-1.159971,962.059537,0.24634839765752437
-1.243801,528.417462,0.21412429729197124
-1.136372,571.343636,0.25627731699575584
-4.638551,789.312612,4.106017014802258E-6
-0.81692,1006.403083,0.4141674819013058
-2.140752,933.343108,0.032552573810823784
-1.592096,942.870691,0.11169831403490105
2.962753,1034.90097,0.0031187374063916806
-1.989223,960.537474,0.04695987560918002
1.543777,975.959529,0.1229665357792653
-0.539248,1000.408035,0.5898357306009809
-1.517438,1007.776548,0.12946975055004073
-0.323844,1034.782889,0.7461215834570079
-0.851456,868.097895,0.394750906761531
-1.703089,1029.279561,0.08885330706526817
0.657866,980.728037,0.5107786201328346
-0.730698,1021.547669,0.465131185545024
-2.926254,535.454142,0.0035763495122636147
-0.593891,828.857243,0.5527470628092146
-0.547305,989.100364,0.5842926743003014
-4.0,NA,NA
-2.151148,647.43135,0.03183386382242896
-3.132132,542.110845,0.0018291010105595173
-3.358816,623.000218,8.305189064102234E-4
-3.067565,1030.318108,0.002214453606708558
0.503963,682.458449,0.6144500236420845
-0.280165,1018.708562,0.7794077977976411
-1.932449,783.60735,0.05366421197523172
-0.800096,700.842005,0.423926290378404
-1.468937,616.873254,0.142359633909658
-0.702549,967.264398,0.48250588920259796
-2.899558,665.066956,0.003860129210097056
-1.014286,797.625532,0.3107538711791554
-0.128475,1029.182315,0.8977981816468811
1.204785,1034.891237,0.22856175044088145
3.95391,948.867922,8.259883135619539E-5
0.48152,1022.579894,0.6302499946144289
0.909457,1017.786003,0.3633242567844974
1.028247,1026.762712,0.30407581790015437
4.616046,586.659891,4.808058436500673E-6
1.299011,842.463689,0.19429555839669876
0.051115,963.833702,0.959244474315508
0.92867,807.938863,0.3533374908908198
-0.395936,1003.75092,0.6922363862160925
-0.395936,1003.75092,0.6922363862160925
0.280768,802.506957,0.7789607163298016
-0.10511,786.173607,0.9163153351441123
-0.332138,1034.039536,0.7398523699405908
3.34887,860.694232,8.466695295188398E-4
3.367666,784.038084,7.95046462382043E-4
-1.484817,822.164867,0.1379755988026996
-0.773064,927.266773,0.43968151930851596
0.839516,950.509839,0.40139091049248554
-1.647532,642.97236,0.09993731515913495
-2.449957,546.849261,0.014599746932740118
-8.0,NA,NA
-2.748244,519.984701,0.006199711788603289
-2.062539,555.841224,0.03962049416535427
-3.515638,843.322092,4.6208997998500536E-4
-2.663226,697.261241,0.007918183299904543
-4.0,NA,NA
-4.994685,529.103344,8.017329634852316E-7
-3.204767,534.180877,0.001432451203494503
8.352467,996.141013,2.220446049250313E-16
2.153789,982.691038,0.03149935493231992
1.453651,902.795035,0.14639061285181
2.0,NA,NA
-2.844324,646.454623,0.00459133103684452
3.006378,899.89427,0.0027172409219089477
1.115862,809.295879,0.26481242132580474
0.624521,866.027892,0.5324499725314245
0.94982,995.362915,0.3424342796857438
-0.259287,1028.940719,0.7954656739794919
-2.57692,683.677853,0.010177009376876529
4.877804,992.424374,1.2488668894583554E-6
-0.204889,839.737154,0.8377085011008933
3.559964,963.092877,3.890306805010013E-4
2.041757,700.942237,0.04154950152396664
0.004645,981.151141,0.9962947837764808
-0.48453,1034.281995,0.6281123685456154
0.969651,572.561797,0.332629905479632
-3.062561,707.660835,0.0022777047550622937
-1.310601,767.437516,0.1903846758841251
-0.395936,1003.75092,0.6922363862160925
0.441552,995.899353,0.6589092769488261
0.447317,999.807541,0.6547430844971753
0.879714,770.320921,0.3792886104427966
-1.390901,636.448912,0.16474152303247247
0.772769,860.047482,0.4398714181834509
-0.250847,1031.821418,0.801982344473906
-0.476931,995.691358,0.6335159114687565
-0.709252,605.204869,0.4784412445509103
-2.895783,689.703709,0.0039018036191752386
0.757956,973.714279,0.44866072165782134
0.426479,932.864612,0.6698572414285313
0.064993,1034.943535,0.9481921250208218
-1.430686,560.98616,0.15307699779390027
-8.0,NA,NA
-0.452068,943.500927,0.6513239049423696
1.113018,904.961469,0.2659962537490963
-1.776866,572.351305,0.0761213370069528
-1.613497,858.024411,0.1070042636118489
0.124927,997.751875,0.9006065078155325
0.239217,1026.435033,0.8109850770451026
0.36113,1029.675173,0.7180763480544714
8.63378,1022.595597,0.0
-0.777563,1030.72645,0.43700510962644823
-0.767699,864.790913,0.44287558740408295
3.576175,845.117046,3.684571879798426E-4
3.74001,1006.926141,1.9439274254517969E-4
5.714236,936.873222,1.4800676462201068E-8
-2.0,NA,NA
0.834774,1014.807957,0.4040414375002852
-2.015863,1020.09319,0.044076100939982016
1.302103,997.636195,0.1931817208098079
1.778167,746.603126,0.07578333667087911
-3.875195,523.04995,1.2007638479902166E-4
1.914352,755.891528,0.055952458928692606
-8.0,NA,NA
5.45835,860.313195,6.288722165237459E-8
7.965674,1023.57901,4.440892098500626E-15
8.463294,1023.413016,0.0
4.563386,1006.388476,5.6544559579041476E-6
4.005561,1001.115905,6.644896055019167E-5
0.280639,965.087585,0.7790474482645762
8.674883,1016.863572,0.0
0.059676,1034.107002,0.9524252169617202
4.510868,831.275081,7.385032859019702E-6
3.205023,954.828867,0.0013953229582575055
7.342585,993.651663,4.3565151486291143E-13
1.532188,1033.680042,0.1257820258779172
1.684228,909.180516,0.09248084661208478
-1.467608,634.710244,0.14270607437771465
-3.402231,586.149681,7.139370158318633E-4
0.804241,1032.358049,0.42144296013253646
1.476517,613.120993,0.14031856071446702
-8.0,NA,NA
-1.382388,962.690293,0.16717321563870058
-2.291181,526.002452,0.022347440862271677
-1.606052,720.342637,0.10870073669205649
1.201349,1034.405707,0.22989083983421166
2.460074,1029.490371,0.01405424809820155
-1.942414,647.893941,0.052519960694493016
-0.813627,1025.22341,0.4160475844045477
1.59651,555.012658,0.11094416163741494
0.394812,847.628381,0.6930809624490462
1.095349,720.985218,0.2737295294847186
1.831376,935.511064,0.06736231660889813
0.472882,791.024635,0.6364278185896226
-2.024925,783.7429,0.04321362567041116
-0.03175,1017.981574,0.9746776444376553
-3.784732,800.564275,1.6536018050393523E-4
-0.959249,798.356379,0.3377237297194067
-0.926655,817.3107,0.3543792345066067
-1.585152,662.316289,0.11340911839825962
-1.014117,725.65992,0.31086493217264843
1.594702,732.216445,0.11121040700496687
-2.165006,577.494589,0.030796086185240778
0.111214,886.712547,0.911471818050158
-1.077668,1006.977344,0.28144003535905426
-2.602038,847.102221,0.00942899053061692
1.42793,628.692884,0.1538085510583358
-0.184486,1009.324837,0.8536692687512031
-1.571411,1009.270644,0.11640063695275082
-1.187074,1007.67195,0.23547819810586545
0.812886,1003.110764,0.4164763051094711
-0.264625,1028.084809,0.791351400651339
-0.03192,1029.408048,0.974542036690105
2.195304,842.940556,0.02841374202450786
4.159144,1009.952944,3.4658844452417625E-5
3.918976,914.344385,9.555829033347507E-5
3.087174,952.644251,0.0020791509727773327
-1.23947,1004.616532,0.21546095822606381
-0.890534,982.631721,0.3733972031214281
-6.549591,929.641113,9.535828323839743E-11
-3.444577,582.540503,6.130814028194252E-4
1.56685,1019.082904,0.1174601991113482
4.559876,789.842344,5.930378587093443E-6
3.541516,903.24845,4.181780899739085E-4
2.557112,982.409156,0.0107037955765521
4.90566,1031.476746,1.0813653399388556E-6
1.575485,1026.433527,0.11545268265724618
1.585471,1018.723242,0.11316970279052274
0.930219,891.107246,0.3525096311414848
2.900779,746.198233,0.0038318455442589716
2.794405,942.681309,0.0053050095663396135
0.409222,1028.978963,0.6824619137726105
2.396277,800.206126,0.01679120345777574
3.383335,945.669746,7.455068017006017E-4
2.471525,1007.533069,0.013618217322057147
4.226763,879.701701,2.6184164032105883E-5
3.894335,919.49667,1.055934341696041E-4
-0.926154,1011.566318,0.35458685474427243
4.119542,795.789389,4.193631105642304E-5
0.310376,1033.267695,0.7563376353745264
4.0,NA,NA
-1.314859,985.502313,0.18886317430831
2.083651,1031.374306,0.03743766914153146
-1.154759,972.093933,0.24847291417626038
1.330852,1034.019825,0.1835310943971109
1.070035,968.766217,0.2848700788793499
-0.19866,986.565714,0.842569646272339
-1.373938,1008.992793,0.16976606836723507
-2.112325,703.811812,0.03501023519150528
3.771843,885.158372,1.7281748405895137E-4
-0.547495,893.606416,0.5841754161969492
-1.379273,701.376042,0.16825022379841958
1.228655,572.198225,0.2197062633163256
1.805864,1006.852902,0.07123813746189844
-2.0,NA,NA
-2.348249,606.514301,0.019182107978813027
2.104869,913.702189,0.03557525289799379
-5.809568,844.161876,8.870364068860292E-9
-1.468937,616.873254,0.142359633909658
0.387661,921.033603,0.6983564902194797
-6.54954,803.302475,1.0295838533218121E-10
-5.589922,884.018994,3.0266682931798803E-8
-3.20272,744.453874,0.001419290558089793
-5.2866,748.091086,1.636910337187268E-7
-1.3384,920.458393,0.18109657825131442
0.257341,1033.865165,0.7969667525223925
0.168112,980.265421,0.8665298463688715
2.0,NA,NA
-0.620684,868.338201,0.5349704308273914
-2.827286,847.54076,0.004805025830175933
-2.575413,812.615191,0.010187750237651389
-3.047464,538.827539,0.0024209678498648616
-1.911233,704.458025,0.05638018057756176
0.708742,787.131901,0.4786944417110295
-2.0,NA,NA
-0.923541,736.925619,0.3560276324001056
-8.0,NA,NA
-2.368952,679.601245,0.01811718801542079
-2.035966,631.522212,0.04217057827722066
-3.059933,713.890468,0.0022967815746885193
-1.255552,586.118576,0.20977874654678408
-1.310601,767.437516,0.1903846758841251
-4.0,NA,NA
-2.601926,848.941882,0.009431693376648372
-2.471386,813.184932,0.013662888241003208
-2.963903,1018.009418,0.003108366608216173
0.695933,1034.553546,0.48662709523719405
-3.36225,859.742532,8.072343756747455E-4
-2.956553,663.357363,0.003221487769548562
-3.690875,737.556185,2.3994696889157832E-4
-0.028246,1007.957369,0.9774715404669929
-9.706196,746.388879,4.681349213708743E-21
-0.76995,1019.344111,0.4415079435295425
-6.178048,875.395527,9.931226474770255E-10
-5.426576,993.625568,7.218308646323898E-8
-2.0,NA,NA
-5.395316,814.77177,8.972028196379117E-8
-6.970295,835.319069,6.421648298515126E-12
-6.262633,756.044755,6.346210898547646E-10
-2.061334,823.462432,0.0395846024645613
-3.811317,1027.672092,1.4644114380971493E-4
-5.712494,757.125405,1.6000219484402947E-8
-0.395936,1003.75092,0.6922363862160925
0.116278,1031.131624,0.907454862374945
-2.483244,642.157397,0.013273346076280439
-3.726823,582.270038,2.128180919798871E-4
-2.783452,662.268693,0.005531789739201259
-8.0,NA,NA
-2.423682,973.831601,0.01554536287456396
-3.641909,651.476722,2.9212370880137933E-4
1.253813,811.165582,0.21027120422345646
-8.955856,798.02256,2.3396503630740972E-18
-3.393121,1017.838692,7.176292257755168E-4
-5.260209,666.226761,1.9416314411907037E-7
-2.157815,654.41039,0.031305379544544376
-0.395936,1003.75092,0.6922363862160925
-0.395936,1003.75092,0.6922363862160925
2.134659,554.390083,0.03322678312719951
-2.216147,917.509736,0.026926118919484834
-1.740517,658.628527,0.08223530108789415
-2.0,NA,NA
-7.043858,722.787889,4.363113390266291E-12
-7.115548,893.795994,2.2862986259672925E-12
-1.468937,616.873254,0.142359633909658
-4.0,NA,NA
-8.95212,653.148991,3.589753856116989E-18
-2.556653,986.439048,0.01071722057243163
-1.00899,1031.607008,0.3132160285253026
-4.894398,824.791602,1.186138438931627E-6
-0.868185,711.843203,0.3855856572427888
-1.685059,596.302841,0.09250040553169481
-3.639914,571.884943,2.9744611007009983E-4
-2.0,NA,NA
-2.906406,829.027526,0.003753474645260645
-2.992305,741.657452,0.002860655737528442
0.059425,1034.402073,0.9526250792556437
-4.195679,666.344952,3.089083779966567E-5
-5.600709,679.703735,3.101122635916626E-8
-2.545613,760.721372,0.011104829475560506
-4.304894,895.552278,1.8549093669070636E-5
-4.0,NA,NA
-2.959616,550.863029,0.003212727619874023
-5.326979,591.65326,1.4211084979319535E-7
-1.757882,1004.739228,0.07907206448232174
-2.0,NA,NA
-1.143732,906.825507,0.2530366238685319
-2.37377,588.649775,0.017927415816978483
0.050084,978.74505,0.9600656686227189
-1.589594,942.792127,0.11226160719871525
1.172025,1034.519212,0.24145685412717466
-0.431647,933.364555,0.6660976788613149
1.003391,1034.381034,0.31590690786596687
-1.278151,766.612388,0.20158304646793446
-0.024495,1033.618085,0.9804624999148469
-0.236496,984.455,0.8130970080268977
3.403202,955.911603,6.936558028209916E-4
-0.851456,868.097895,0.394750906761531
-2.25154,1018.178212,0.02456387830056064
-0.574658,1024.83581,0.5656487374883905
-0.132461,1025.933665,0.8946456426639755
-2.503621,754.447837,0.012503122697738516
-2.168651,569.476919,0.030522400211333955
-3.75515,1029.934667,1.8293685595024886E-4
2.864167,1008.154507,0.004267803786881741
-1.888278,1024.885004,0.05927087360894174
-0.574827,911.902043,0.5655500891510673
-1.494343,1032.242895,0.13539160628298175
0.062118,1027.983553,0.9504809379150367
-1.841457,1033.495984,0.06584104725625507
-3.883733,677.712862,1.1294314182684449E-4
-0.646004,1034.438914,0.5184200442043929
-1.446094,1006.118255,0.14846226839892973
1.831837,716.457859,0.0673907074755764
-2.170209,1017.374175,0.03022180251729839
-1.560948,1017.887933,0.1188468564592714
-0.18436,1034.796377,0.8537671694121103
-0.886337,1026.081485,0.37564363607781925
-3.102795,1018.228254,0.0019698630912791735
-1.477464,1028.287607,0.13985750188569523
0.439576,994.096859,0.6603397663945099
-1.304294,1012.595252,0.19242974378354005
-1.629242,1016.056214,0.10357176860990458
-1.432912,1024.795713,0.15218796708642035
-0.848233,1034.573036,0.39650442567564514
-0.078759,1034.965276,0.9372395403672201
-1.32576,516.988685,0.1855046934209421
-2.323443,644.688553,0.020465483963296005
0.441945,1007.67977,0.6586238332550123
-2.966319,961.28167,0.0030884405278026783
-2.435841,953.610428,0.015039453198540654
-1.57973,589.053827,0.11470551188037637
-2.226113,959.206603,0.02623828399463242
0.879714,770.320921,0.3792886104427966
Gen running time:379.598909336
