connecting
connected
chi,p-value
7.1200713236074265,0.007622567379455103
0.0530772022546419,0.8177926934769338
3.9954244031830234E-4,0.9840525003482279
0.5693659078249337,0.450510997775338
1.6031443143236075,0.20545818416040196
4.496755609416446,0.03395922670727691
0.1274732526525199,0.7210663782970097
1.2136730165782492,0.27060590847219435
0.3103671173740053,0.5774549948039187
0.16482250596816975,0.6847548111660662
0.5395640643236074,0.46261344848214814
0.19470064655172412,0.6590327705808934
0.13677309814323607,0.7115102999529637
1.2205157924403183,0.2692594512980807
1.3787890636604776,0.24030752155054513
0.005468631299734748,0.9410500155396997
0.04076115782493368,0.8399996497432227
0.721022950265252,0.3958085678081651
2.017165848143236,0.15552919647798158
0.3064628262599469,0.5798588912912345
0.8524027499999999,0.35587349896418274
2.027168340185676,0.1545082499701952
45.2515813096817,1.7328027901442056E-11
0.10861687665782493,0.7417243299408536
2.2791098163129972,0.13112711659977805
0.0012087433687002652,0.9722655454536298
8.386481032493368,0.003780220596542927
0.10728370689655171,0.7432580451667139
0.45784029376657825,0.49863504813709836
1.1497756452254642,0.2835961198478263
5.191928283156499,0.022692024799720212
3.9954244031830234E-4,0.9840525003482279
0.6259946949602122,0.4288283036407017
0.5693659078249337,0.450510997775338
1.9801259244031828,0.15937714152957028
3.838569604111406,0.05008623336281137
0.0464337347480106,0.8293892969537446
0.2639686326259947,0.6074066669818616
1.4339237705570291,0.23112514299884135
0.4364286584880636,0.5088512457921559
0.6499672599469496,0.4201243852154305
4.853947669761273,0.027582934879628485
5.44634224933687,0.019609341788807022
6.632161803713528E-5,0.9935022526988574
1.1150229078249336,0.2909926803171342
8.024429708222811E-4,0.9774010078973451
1.1247704549071618,0.288893565570132
1.352392347480106,0.24486031846904033
0.07986319297082228,0.7774828930374401
1.0368601366047745,0.30855284709645003
0.6131161704244031,0.4336169236383838
1.4174616107427056,0.23382166171458008
3.7803460908488065,0.051857933357647434
8.024429708222811E-4,0.9774010078973451
0.006430673076923076,0.9360849682372769
0.9540827042440319,0.3286822527701404
11.220388859416444,8.090354116921938E-4
0.009493549071618037,0.9223810738442787
5.098241903183024,0.023950106518259795
0.20714875132625993,0.6490114216190594
0.1560814946949602,0.6927901170364403
6.647839041114058,0.009927615796231692
0.0530772022546419,0.8177926934769338
0.033996476790450925,0.8537143111014349
2.5325788885941645,0.11151782281419687
0.0863146724137931,0.7689156349359126
0.0863146724137931,0.7689156349359126
0.0012087433687002652,0.9722655454536298
0.3997672433687003,0.5272094865483445
0.0012087433687002652,0.9722655454536298
1.905121920424403,0.16750613191075936
0.422939723474801,0.5154738123966361
0.29521746883289124,0.5868962901515553
0.5347056909814324,0.4646351802363675
53.97478432625994,2.0305979120394113E-13
0.4505436206896551,0.50207691057192
0.6908766584880636,0.4058663566589418
0.3403526896551724,0.5596257134908396
15.340386285809018,8.977659661968396E-5
1.8113082665782494,0.17835137066838325
0.1252172320954907,0.7234434531957963
12.588730328912467,3.8807968830378847E-4
2.1363515159151194,0.14384363626432717
0.7597895968169761,0.38339437580193414
0.04344580371352785,0.8348881045902278
11.141720348806365,8.44075736881722E-4
0.04344580371352785,0.8348881045902278
0.8374126352785146,0.36013780839531717
1.996538877320955,0.15765885823031867
0.15499844628647214,0.6938037076599597
2.3180120676392573,0.12788336705525205
0.005025826923076923,0.9434828613697961
4.8831398309018565,0.027120243019843948
2.9654518395225464,0.08506069087604118
0.0530772022546419,0.8177926934769338
1.242925149867374,0.26490804996012407
3.4735180576923073,0.06235855428892911
0.4707271419098143,0.4926528393552573
5.630662851458886,0.017648956507057112
11.199058556366047,8.183884246710793E-4
2.9584475291777186,0.08542993012062339
13.754327145225462,2.0834033259753415E-4
2.1057033945623345,0.14675084764036705
7.331923076923076E-4,0.9783979014112678
1.56004025,0.21165932699317525
0.04201357228116711,0.8375939031711699
0.37036731631299735,0.5428041173441595
0.19019550066312996,0.6627539538237214
0.0053779018567639255,0.9415401937469131
2.298932823607427,0.12946292098855727
1.3053964290450928,0.2532298515280108
1.2605989157824933,0.2615377544512102
0.8997727612732096,0.3428426495034722
0.0530772022546419,0.8177926934769338
1.332927875994695,0.24828501283121562
0.9745459396551724,0.3235490455259218
2.6545896757294427,0.10325139718343523
136.5827227393899,0.0
0.197353448938992,0.6568656001051831
0.06737448607427055,0.7951985987507038
0.33520955901856764,0.5626074939787746
0.8140530225464191,0.3669246800016882
0.09993016909814323,0.7519134499458427
0.7439420106100796,0.38840103033833007
0.0849108647214854,0.7707494760390554
0.2363483143236074,0.6268560852186713
0.0863146724137931,0.7689156349359126
0.2645127062334217,0.6070366779658645
0.13720426657824933,0.7110763215529979
0.1264513017241379,0.7221402050186798
0.880166047082228,0.34815620449842766
1.0017575828912466,0.3168855976648117
2.3303676061007956,0.12687191290255795
3.400488219496021,0.06517712533418929
3.9954244031830234E-4,0.9840525003482279
10.924416817639257,9.490507342371224E-4
1.0553258076923075,0.3042836860576257
1.5360282937665783,0.2152099551762553
0.5693659078249337,0.450510997775338
2.8640748885941645,0.09057777533227951
1.1508459847480106,0.2833721254107481
0.0012087433687002652,0.9722655454536298
5.510520907161804,0.018902416412631573
6.582582759283819,0.01029813622457909
0.06737448607427055,0.7951985987507038
0.1842027705570292,0.6677860495873773
0.5693659078249337,0.450510997775338
0.39658808421750663,0.5288565936807061
0.057070163793103444,0.8111880694192765
0.37670240517241377,0.5393733584319755
0.0863146724137931,0.7689156349359126
0.17446582758620688,0.676173004277034
0.0530772022546419,0.8177926934769338
0.6929527214854111,0.4051618628997248
82.4316062831565,0.0
1.4201536889920423,0.23337810828097072
0.6259946949602122,0.4288283036407017
2.5629718421750662,0.10939277158066796
0.05069351657824934,0.8218608676856755
7.37953599734748,0.006597018838015334
0.8124748812997348,0.3673895614785354
0.8524027499999999,0.35587349896418274
31.037054574933688,2.5314909835039145E-8
1.43806700397878,0.23045239749004354
1.8358214535809019,0.1754414891180901
2.1363515159151194,0.14384363626432717
18.436085167771882,1.7569908593917383E-5
8.669356763925729E-4,0.9765106633655264
0.0863146724137931,0.7689156349359126
2.0049396067639256,0.15678753821604385
3.9745454323607428,0.046192919744519334
0.4949308912466843,0.48173595311053896
5.30101373806366,0.021313016787449235
24.038972338196285,9.440539112670621E-7
15.565579847480105,7.969221678916227E-5
1.0477647559681698,0.30602244581782034
53.87735349137931,2.1338486533295509E-13
0.07272464787798408,0.7874102350251253
0.030239096153846155,0.8619488292948776
3.3632900729442974,0.06666475691459228
46.20938920557028,1.0626610702502148E-11
4.567436605437665,0.03258528951303319
5.709812475464191,0.016870341432745684
2.6759065988063657,0.10187729526280465
34.93639317307692,3.406536941419347E-9
4.316762895888594,0.03773864906774893
0.9856331167108753,0.3208120261925751
9.285750112068966,0.002309433322147947
0.2639686326259947,0.6074066669818616
0.0863146724137931,0.7689156349359126
1.0975537871352785,0.2948035731876657
3.081505765915119,0.07918718248369527
0.05069351657824934,0.8218608676856755
2.969155395225464,0.08486615205247328
1.996538877320955,0.15765885823031867
4.425254011273209,0.03541084210538936
0.013641531167108752,0.907020948416635
0.5417200026525198,0.46172077448528615
3.8070409688328906,0.051037539507078455
3.4867558216180368,0.06186170366310495
3.4924417758620687,0.06164958973244006
1.669562553050398,0.19631713711444976
9.341775448275863,0.0022398841763393573
5.881532762599469,0.015300496449559553
0.49022179575596814,0.4838283831285145
0.0530772022546419,0.8177926934769338
0.3103671173740053,0.5774549948039187
1.2679904549071617,0.2601440079535269
4.383697119363395,0.03628421331931231
0.4949308912466843,0.48173595311053896
23.89527239257294,1.0172126018170857E-6
0.23759180901856763,0.6259508732104667
0.6690783189655172,0.4133731316183177
2.7550222877984085,0.09694946543252514
1.3166656916445623,0.25119133258925874
0.2639686326259947,0.6074066669818616
0.6182046903183023,0.43171521761193676
0.7597895968169761,0.38339437580193414
0.017099279840848806,0.895961832411304
0.0863146724137931,0.7689156349359126
0.18067790384615384,0.6707913068461554
0.37670240517241377,0.5393733584319755
1.3166656916445623,0.25119133258925874
0.3243051671087533,0.5690318116516286
0.7160249933687002,0.39745088684649255
0.8760894277188329,0.3492749953452844
2.050401300397878,0.15216607670247795
19.98681774602122,7.797789140728817E-6
0.06737448607427055,0.7951985987507038
0.7160249933687002,0.39745088684649255
14.47829469960212,1.4178388860697222E-4
5.0998385782493365,0.023928070156814307
653.0996777884615,0.0
5.943609391909814,0.014770739899697682
0.17091078647214855,0.6793036282711566
0.0012087433687002652,0.9722655454536298
0.0530772022546419,0.8177926934769338
0.15238008885941645,0.6962711578808753
0.801454576259947,0.37065883068004213
0.0863146724137931,0.7689156349359126
0.0075480895225464185,0.9307671023828427
0.13720426657824933,0.7110763215529979
23.96501345888594,9.810228630557916E-7
2.150610125994695,0.14251324651543051
5.1514588322281165,0.023226851529611126
6.6531393521220155,0.009898127517895094
1.9663566465517242,0.16083511499403225
0.0530772022546419,0.8177926934769338
0.20788562665782495,0.648429699660082
4.489722271883289,0.0340992169241876
0.197353448938992,0.6568656001051831
0.801454576259947,0.37065883068004213
0.6789831492042441,0.40993709305228987
0.0863146724137931,0.7689156349359126
0.8524027499999999,0.35587349896418274
0.0530772022546419,0.8177926934769338
0.0530772022546419,0.8177926934769338
0.49022179575596814,0.4838283831285145
0.13720426657824933,0.7110763215529979
0.7812483262599469,0.37675962897197113
0.8283165092838196,0.36275978001635056
0.03596368368700265,0.8495905088615721
0.13889889588859414,0.7093781216445556
0.8294507824933687,0.3624313890486821
0.15956549801061007,0.6895568675044979
3.426540712201591,0.06415635300955702
0.10510021883289124,0.7457929516252223
0.2639686326259947,0.6074066669818616
0.20788562665782495,0.648429699660082
0.49022179575596814,0.4838283831285145
75.63501326259947,0.0
0.3103671173740053,0.5774549948039187
0.9201092446949601,0.33744628981304325
6.472690695623342,0.010954455736988389
3.2846911080901857,0.06992878559271265
1.6058124781167107,0.20508143901194253
13.265299161140582,2.7036430914972875E-4
49.70243549535809,1.7892354264859023E-12
0.49022179575596814,0.4838283831285145
1.422945292440318,0.23291923012196136
0.05069351657824934,0.8218608676856755
0.5693659078249337,0.450510997775338
0.5693659078249337,0.450510997775338
7.640905329575597,0.005705927187033555
1.151007700265252,0.2833383020067738
0.2639686326259947,0.6074066669818616
1.030324672413793,0.3100824236629004
6.970561020557029,0.00828615138891653
0.40577115053050394,0.5241237440762612
0.7160249933687002,0.39745088684649255
0.5347056909814324,0.4646351802363675
0.0016184867374005305,0.9679094251658548
2.1220159151193635E-5,0.9963245303248006
0.6448044708222811,0.4219763645982332
6.826186191644562,0.008983087506608811
1.242925149867374,0.26490804996012407
0.7133101790450928,0.3983470980797459
0.9078249336870026,0.3406921872036833
0.4244120318302387,0.5147436959259799
1.8013681419098142,0.17954718115891577
9.379068761273208,0.002194770176613514
0.4365497513262599,0.5087924617636275
2.1363515159151194,0.14384363626432717
3.9729595610079573,0.046236439679855024
33.273221551724134,8.007777663188165E-9
2.6464519933687,0.10378129551959858
13.544594863395226,2.3296135788619665E-4
1.0091820450928382,0.31509887544895065
12.156425552387267,4.891903877510817E-4
38.06367713328912,6.847303835044727E-10
0.6690783189655172,0.4133731316183177
0.197353448938992,0.6568656001051831
0.0020317175066312996,0.9640478653040133
4.164723461538461,0.04127415018601499
26.921078385941644,2.119348673224053E-7
9.06543278050398,0.002604868751743372
7.302769767904509,0.006884839822048794
0.0012087433687002652,0.9722655454536298
8.157682834217505,0.004287912116951675
0.3727251286472148,0.541522573862619
2.166202195623342,0.14107425534264773
21.87957047281167,2.903082020000447E-6
1.1150229078249336,0.2909926803171342
0.6259946949602122,0.4288283036407017
1.6287325298408488,0.20187844713688885
0.9856331167108753,0.3208120261925751
1.9663566465517242,0.16083511499403225
0.6690783189655172,0.4133731316183177
0.5307808176392572,0.4662787724406394
18.597786094164455,1.6140788837937237E-5
36.64635377851459,1.4162366834824525E-9
0.004151770557029177,0.94862447157857
12.637058633289124,3.781745294174632E-4
2.7387003408488066,0.09794439621419904
10.646688279840848,0.0011026817741899286
8.153906463527852,0.004296850178075906
1.1790635132625993,0.27754672811207637
21.332286055039788,3.861725489384682E-6
0.13775588395225463,0.7105222384038514
0.13677309814323607,0.7115102999529637
5.2242979018567635,0.022273436444577355
0.3947968633952254,0.5297886821533951
7.737722592838196,0.0054078962522536855
3.734758631299734,0.053291365741251706
0.05069351657824934,0.8218608676856755
17.695242063660476,2.592743135021447E-5
12.773580834880637,3.515492252669228E-4
16.671091334880636,4.445328122471004E-5
4.603342466843501,0.03190968612289202
0.2363483143236074,0.6268560852186713
30.73504273474801,2.957749600795978E-8
7.648340395888594,0.00568245743801965
0.015477308355437664,0.9009923734647844
6.959010687002651,0.00833981346742041
3.221170093501326,0.07269165170584835
1.6058124781167107,0.20508143901194253
0.10728370689655171,0.7432580451667139
0.2192319224137931,0.6396257791175998
0.33520955901856764,0.5626074939787746
2.298932823607427,0.12946292098855727
0.9769948116710875,0.3229418666369177
0.3103671173740053,0.5774549948039187
0.37670240517241377,0.5393733584319755
0.5693659078249337,0.450510997775338
0.06737448607427055,0.7951985987507038
1.9663566465517242,0.16083511499403225
0.048018392572944296,0.8265480076490583
0.06737448607427055,0.7951985987507038
0.6073416644562334,0.4357904796842679
1.95721422532726976E17,0.0
1.4413590039787798,0.22991955063088354
1.4566380431034482,0.2274658016703619
0.060523746684350135,0.805670044424404
0.1842027705570292,0.6677860495873773
0.00820960875331565,0.9278049559839553
0.12019467374005305,0.7288234460376075
0.0530772022546419,0.8177926934769338
0.009493549071618037,0.9223810738442787
0.0530772022546419,0.8177926934769338
8.024429708222811E-4,0.9774010078973451
0.18637269363395226,0.6659528976407554
10.382946033156498,0.0012718459460157039
0.0030535145888594163,0.9559324317951163
1.178696021883289,0.2776216195171216
0.7597895968169761,0.38339437580193414
0.9856331167108753,0.3208120261925751
0.7597895968169761,0.38339437580193414
0.0019827771883289126,0.9644832253999595
0.036548449602122016,0.8483873236489687
5.3601111531830234,0.020602460475579676
4.072166834217507,0.04359531710447828
0.3336387214854111,0.5635242919083041
2.7387003408488066,0.09794439621419904
1.241798270557029,0.26512476450026956
0.0028688196286472145,0.9572846399941768
7.325444297082227E-4,0.9784074454275046
0.06381574336870026,0.8005635881996586
0.2645127062334217,0.6070366779658645
0.9769948116710875,0.3229418666369177
0.12019467374005305,0.7288234460376075
2.0049396067639256,0.15678753821604385
0.3984749416445623,0.527877913254649
1.1446542838196285,0.28467099771428406
0.0530772022546419,0.8177926934769338
0.197353448938992,0.6568656001051831
0.0012087433687002652,0.9722655454536298
0.1705868123342175,0.6795908147597658
0.09805611604774536,0.7541749599020134
0.057070163793103444,0.8111880694192765
5.614000290450928,0.01781754255310186
0.12140907360742705,0.7275112321284257
0.6034666962864721,0.43725837301879356
2.027168340185676,0.1545082499701952
1.1134108348806366,0.2913417087696588
6.870291777188329E-5,0.9933866321549016
0.1262890225464191,0.7223111709928509
0.12710649999999998,0.7214511878761566
1.3711039801061007,0.24162229520244494
0.030519049734748012,0.8613177073537462
0.14098817572944297,0.7073006015521465
3.6760366259946946,0.055199918151867866
0.09927559814323607,0.7527006823749871
1.1824365921750664,0.27686051152147606
2.7387003408488066,0.09794439621419904
8.024429708222811E-4,0.9774010078973451
0.0849108647214854,0.7707494760390554
1.6351807904509283,0.2009879673185756
1.4677493587533155,0.22570113015719284
3.400488219496021,0.06517712533418929
4.489321151193634,0.03410721891114832
36.29727001724138,1.6940099323292657E-9
0.0530772022546419,0.8177926934769338
0.023550421750663127,0.8780343754641471
2.3303183023872678E-4,0.9878204619251764
0.0530772022546419,0.8177926934769338
0.5693659078249337,0.450510997775338
0.2363483143236074,0.6268560852186713
4.1704300212201595,0.04113535797979717
0.197353448938992,0.6568656001051831
0.3064628262599469,0.5798588912912345
1.7092805152519894,0.1910787465785223
0.3154145019893899,0.574376481253138
0.06449206432360743,0.7995319626328066
0.422939723474801,0.5154738123966361
0.3447024283819629,0.5571273861724217
7.295232442970822,0.0069137824511616985
0.5347056909814324,0.4646351802363675
0.0530772022546419,0.8177926934769338
0.06737448607427055,0.7951985987507038
0.0530772022546419,0.8177926934769338
0.0530772022546419,0.8177926934769338
0.10728370689655171,0.7432580451667139
0.880166047082228,0.34815620449842766
0.22027854045092837,0.6388277664502446
3.611439443633952,0.05738343180188388
2.9563062374005304,0.08554315617912067
1.1508459847480106,0.2833721254107481
0.10728370689655171,0.7432580451667139
0.356517125994695,0.5504469262032387
0.8524027499999999,0.35587349896418274
1.7703014137931035,0.18334478110832741
3.983132694297082,0.04595801422072254
2.7387003408488066,0.09794439621419904
0.9470176153846154,0.3304796012172575
2.4074540338196284,0.12075862099560852
1.0322900862068964,0.30962139858338233
2.9683218163129967,0.08490989594382736
10.310201324933686,0.0013229684955754495
2.96350498474801,0.08516314777401401
0.3243051671087533,0.5690318116516286
1.2513294330238727,0.26329871461996357
1.1150229078249336,0.2909926803171342
0.3572650802387267,0.5500290771776377
2.62362924403183,0.10528339166629619
4.250464639257294,0.039239593209125845
0.29521746883289124,0.5868962901515553
0.044095493368700264,0.8336760479073726
0.422939723474801,0.5154738123966361
0.001110574270557029,0.9734151946258743
2.7387003408488066,0.09794439621419904
19.49597927851459,1.008116575063056E-5
0.0863146724137931,0.7689156349359126
6.253910087533156,0.012391946837901902
1.352392347480106,0.24486031846904033
0.40549259615384614,0.5242661972672686
0.197353448938992,0.6568656001051831
0.13115422612732094,0.717238286849418
2.903066950265252,0.08841119095631289
0.5693659078249337,0.450510997775338
0.0530772022546419,0.8177926934769338
0.05069351657824934,0.8218608676856755
0.13115422612732094,0.717238286849418
0.0863146724137931,0.7689156349359126
0.5693659078249337,0.450510997775338
0.0024484801061007955,0.9605350866701045
0.06589217175066313,0.7974144591555585
0.014914564323607427,0.9027998650327526
8.024429708222811E-4,0.9774010078973451
2.6381205,0.10432690072495499
0.03589467904509284,0.8497331559264427
0.0024484801061007955,0.9605350866701045
0.004151770557029177,0.94862447157857
0.3947968633952254,0.5297886821533951
3.6434198846153847,0.05629119475476985
0.0024484801061007955,0.9605350866701045
0.7597895968169761,0.38339437580193414
0.8524027499999999,0.35587349896418274
0.36518257427055706,0.5456419600197979
0.036548449602122016,0.8483873236489687
0.13889889588859414,0.7093781216445556
0.2365359423076923,0.6267193115479865
16.091226377984086,6.0363044756761575E-5
0.8205748680371353,0.36501214154641337
0.048018392572944296,0.8265480076490583
4.878622374005305,0.02719131284483367
361.71026065583555,0.0
17.619337130636605,2.6983070761876782E-5
0.3243051671087533,0.5690318116516286
0.5134853627320954,0.4736339492412359
3.797408101458886,0.051331985011005776
0.7209063441644562,0.3958467726908901
1.0477647559681698,0.30602244581782034
5.440645830901857,0.019673393918868354
1.738784524535809,0.18729290923051112
3.983132694297082,0.04595801422072254
6.4192086651193625,0.011289245521797664
15.577517425066311,7.919063439798535E-5
7.3613276266578245,0.006664156736468252
41.4751003030504,1.1938183774873323E-10
10.11208326923077,0.0014730036458879825
0.0020317175066312996,0.9640478653040133
23.70781167108753,1.1212649256853169E-6
0.07715262201591512,0.7811938287400897
8.313217143899204,0.003935761697921758
4.428755414456233,0.03533826737588963
15.52171954111406,8.15627030037458E-5
1.9104832281167106,0.1669095907822019
0.5789186929708223,0.44673647113410997
0.5693659078249337,0.450510997775338
3.95665848275862,0.046686291994509355
0.5438837294429708,0.4608276248823865
0.9856331167108753,0.3208120261925751
3.983132694297082,0.04595801422072254
0.680752100795756,0.40932786119842646
2.0891562732095488,0.14834798018809203
0.8524027499999999,0.35587349896418274
1.7942710649867373,0.18040664111853766
8.34996173607427,0.003856954525485845
0.425353350132626,0.5142778417052387
4.6050663129973467E-4,0.9828791755529072
0.4949308912466843,0.48173595311053896
0.048018392572944296,0.8265480076490583
0.13677309814323607,0.7115102999529637
0.9378677407161803,0.3328268081175342
0.0012087433687002652,0.9722655454536298
1.151007700265252,0.2833383020067738
0.03576900862068965,0.8499933083967948
3.4962426850132626,0.061508229197094755
0.197353448938992,0.6568656001051831
0.197353448938992,0.6568656001051831
0.49022179575596814,0.4838283831285145
0.197353448938992,0.6568656001051831
0.5347056909814324,0.4646351802363675
0.801454576259947,0.37065883068004213
0.3997672433687003,0.5272094865483445
0.486969551061008,0.48528224154152544
1.9801259244031828,0.15937714152957028
0.6690783189655172,0.4133731316183177
0.28683801326259944,0.5922539675011735
1.426766824933687,0.23229281992279183
0.05763835875331565,0.8102683154670207
0.29521746883289124,0.5868962901515553
0.033996476790450925,0.8537143111014349
0.007279561007957559,0.9320067187610377
1.0410886173740053,0.3075684234231133
11.077225458222811,8.739446845600352E-4
8.468379931697612,0.003613731387690833
6.499336870026525,0.010791473440782129
0.36794708090185674,0.5441254169097238
5.338309018567639E-4,0.9815666920741314
43.606683576923075,4.014655274886536E-11
3.8737152022546417,0.049047836414737644
1.2854617851458885,0.2568859733093948
8.218539223474801,0.004146456478538951
7.336742705570292,0.006755914885027026
3.4565123255968166,0.06300307477942768
69.32157136870026,1.1102230246251565E-16
24.903254007294432,6.028059003071462E-7
1.929892947612732,0.1647701574381838
0.37670240517241377,0.5393733584319755
0.8584793262599469,0.3541645914509516
2.768816653846154,0.09611719409913089
0.7104298076923077,0.39930116308291963
2.9074689999999994,0.08817014426950742
5.408441699602122,0.020039597202030524
2.874223324270557,0.09000839067809296
6.932502151193634,0.008464318951415972
5.60880972811671,0.017870397754292777
0.019433962201591513,0.8891295315257381
7.41193424602122,0.006479262648819706
0.0028688196286472145,0.9572846399941768
1.43806700397878,0.23045239749004354
0.49561234814323607,0.48143438882519207
4.420720443633952,0.03550504256004805
0.1302804794429708,0.7181414053409048
16.418992344827586,5.077394110042377E-5
0.3859486618037135,0.5344366818792297
0.09927559814323607,0.7527006823749871
0.6477492877984085,0.4209185190434248
2.6411282858090184,0.10412956812373642
4.392521687665782,0.036096886685489715
0.0028688196286472145,0.9572846399941768
0.5693659078249337,0.450510997775338
0.37670240517241377,0.5393733584319755
1.7449409383289123,0.18651399299476312
1.6351807904509283,0.2009879673185756
1.7703014137931035,0.18334478110832741
1.6796916591511937,0.19496542879386425
12.481189524535809,4.1107035534893033E-4
0.5693659078249337,0.450510997775338
0.0012087433687002652,0.9722655454536298
16.882131653183023,3.97742482357577E-5
13.868903896551725,1.9601498865273737E-4
3.0925991472148544,0.0786490884570713
6.068977797745357,0.013757655803481317
0.26116550862068966,0.6093205632039744
0.13677309814323607,0.7115102999529637
0.048018392572944296,0.8265480076490583
1.0762891412466842,0.29952918611372803
0.0032927831564986735,0.9542402819385207
4.100352061671088,0.04287428488048428
1.5743043163129973,0.20958302210704083
3.6095756094164453,0.05744777779367749
1.201067649204244,0.27310839400453846
0.0863146724137931,0.7689156349359126
1.3053964290450928,0.2532298515280108
0.0020317175066312996,0.9640478653040133
4.666932298408488,0.030748804646102412
1.3225991591511936,0.25012611512069316
1.1508459847480106,0.2833721254107481
3.5650909038461536,0.05900650973748456
0.197353448938992,0.6568656001051831
0.5693659078249337,0.450510997775338
2.298932823607427,0.12946292098855727
2.6381205,0.10432690072495499
1.8110668169761273,0.17838030813264705
4.600637911140583,0.03196006212887881
0.4949308912466843,0.48173595311053896
2.572097623342175,0.10876342524060723
2.6844121797082225,0.10133461350139461
4.173221703580902,0.0410676386635046
0.14230383620689654,0.7060013448140111
55.55594852122016,9.08162434143378E-14
0.09218059350132625,0.7614230728664855
21.467879648541114,3.5980534667245934E-6
213.00410549270555,0.0
1.6351807904509283,0.2009879673185756
8.628687342838196,0.00330909934575796
24.504954515915117,7.411900089238088E-7
14.904937849469496,1.1306664627841467E-4
1.8681380656498674,0.1716884815755929
2.993392419761273,0.08360485214894475
14.868939156498673,1.1524507427018715E-4
0.0530772022546419,0.8177926934769338
0.06737448607427055,0.7951985987507038
1.3228965868700264,0.250072864837629
4.917251024535808,0.026589793042892884
2.6844121797082225,0.10133461350139461
4.666932298408488,0.030748804646102412
1.3890436220159152,0.2385666753639114
3.727252816976127,0.05353136935025071
0.4949308912466843,0.48173595311053896
46.248542155835544,1.0416445483940606E-11
2.0906767128647212,0.1482004111608014
8.570030533819628,0.0034174142473950564
1.4677493587533155,0.22570113015719284
0.0530772022546419,0.8177926934769338
0.0530772022546419,0.8177926934769338
1.657330395888594,0.1979641542399444
2.394526700928382,0.12176059657030791
0.3839555099469496,0.5354938798176865
1.6351807904509283,0.2009879673185756
19.216499605437665,1.167003601787453E-5
32.38474757029177,1.2647528802034458E-8
0.5693659078249337,0.450510997775338
2.298932823607427,0.12946292098855727
30.656510515251988,3.079914157044783E-8
4.158361218169761,0.04142946970984063
0.9029266173740053,0.3419981877278492
7.589740818302387,0.005870138812707926
0.033996476790450925,0.8537143111014349
0.8524027499999999,0.35587349896418274
4.196710935676393,0.04050246342265884
1.6351807904509283,0.2009879673185756
2.5578034051724137,0.10975097984022608
4.1704300212201595,0.04113535797979717
0.0012087433687002652,0.9722655454536298
6.366340763925729,0.011630518240766552
11.05816876259947,8.82973091363648E-4
2.336139853448276,0.126402435419679
9.274371688328912,0.002323823887888654
2.298932823607427,0.12946292098855727
3.2846911080901857,0.06992878559271265
8.927033811671087,0.002809802956056484
2.3800369814323608,0.1228946376242892
1.6351807904509283,0.2009879673185756
0.2192319224137931,0.6396257791175998
0.27705133090185674,0.5986404241174983
0.0863146724137931,0.7689156349359126
1.1225607088859415,0.28936773452942366
1.6297797513262597,0.20173351474241885
0.197353448938992,0.6568656001051831
0.7216437705570292,0.39560525140034897
0.3947968633952254,0.5297886821533951
0.13889889588859414,0.7093781216445556
0.023550421750663127,0.8780343754641471
11.130326685013262,8.492763233454159E-4
0.14098817572944297,0.7073006015521465
12.036749686339522,5.216184808942703E-4
0.024215226127320955,0.8763385322650823
0.0849108647214854,0.7707494760390554
2.557881070291777,0.10974558758030839
1.4566380431034482,0.2274658016703619
2.6050046100795754,0.10652684773181553
3.9742449336870025,0.046201162798687134
0.4774714389920424,0.4895698887038168
0.0530772022546419,0.8177926934769338
12.114308311671087,5.003639482303868E-4
0.034279421750663126,0.8531137166625296
2.463251646551724,0.11653730985023181
6.1106053958885935,0.013437309432370426
1.0092523859416445,0.31508201082694365
0.6903254283819628,0.40605371251953626
1.0477647559681698,0.30602244581782034
2.9881008687002653,0.08387848681532672
0.29529592506631297,0.5868465939190635
0.15873111140583554,0.6903274482999887
0.8546466797082228,0.3552411294911272
140.42975280305038,0.0
1.0013115862068964,0.3169933503878619
0.16346720888594166,0.6859841974417056
1.1289910603448274,0.28799064986933964
0.19800203249336867,0.6563384041068614
1.5971531545092839,0.20630711726020035
0.5010806564986737,0.47902567558920195
0.025976897877984084,0.8719567502674146
0.3103671173740053,0.5774549948039187
1.7266619814323605,0.18883775534097935
0.06737448607427055,0.7951985987507038
2.7504680305039786,0.09722596458690003
1.4648325576923076,0.22616277278609143
0.880166047082228,0.34815620449842766
0.38704574535809017,0.533856385401787
0.0863146724137931,0.7689156349359126
Gen running time:55.110398855
