connecting
connected
t-stat,Degrees Of Freedom,p-value
2.297989,601.065336,0.02190490869617734
1.36237,639.037336,0.17356110937974023
-0.751666,522.105682,0.45259063483348416
-2.968019,398.796108,0.0031779927911034954
-0.583188,615.295994,0.5599804326640879
-2.857093,408.353675,0.0044939866964769214
-6.270483,419.431675,8.959366103425396E-10
2.009533,538.623609,0.04497892262128311
-1.001448,343.008662,0.317316209266834
2.449287,492.905441,0.014661002444223747
-1.001448,343.008662,0.317316209266834
-1.007966,547.564486,0.31391599005259985
-1.001448,343.008662,0.317316209266834
1.00144,341.043029,0.317324135314315
-0.00578,684.046043,0.9953899381127653
1.00144,341.043029,0.317324135314315
-1.418319,343.008662,0.15700554162536973
3.49465,501.971991,5.167041451688004E-4
-13.087261,449.998886,2.1683606800110643E-33
1.00144,341.043029,0.317324135314315
-1.007966,547.564486,0.31391599005259985
0.434421,674.906588,0.6641216030669788
0.282673,678.718779,0.7775136987327671
-1.001448,343.008662,0.317316209266834
-1.418319,343.008662,0.15700554162536973
-26.508943,613.600955,8.834065109373501E-104
-0.115509,683.368252,0.9080756200595627
1.00144,341.043029,0.317324135314315
0.660066,660.240654,0.509441671892441
1.155526,410.432992,0.24854732770213017
-2.70691,637.483574,0.0069731816167567665
1.471866,510.808763,0.14167287765458303
-1.418319,343.008662,0.15700554162536973
-0.583188,615.295994,0.5599804326640879
1.00144,341.043029,0.317324135314315
-1.001448,343.008662,0.317316209266834
0.635517,661.426956,0.5253110879895084
1.418295,341.043029,0.157017769570988
-1.001448,343.008662,0.317316209266834
1.00144,341.043029,0.317324135314315
1.00144,341.043029,0.317324135314315
-19.335092,454.207976,3.273632208470689E-61
0.825099,665.334856,0.409611111479006
-1.001448,343.008662,0.317316209266834
1.418295,341.043029,0.157017769570988
0.57758,649.045092,0.5637480175066449
12.840274,564.985931,0.0
21.286544,377.600887,0.0
-1.125125,626.093025,0.26096720190980116
-0.447787,576.326264,0.6544751928804367
1.00144,341.043029,0.317324135314315
-1.001448,343.008662,0.317316209266834
1.00144,341.043029,0.317324135314315
1.00144,341.043029,0.317324135314315
-1.495678,411.276633,0.13550450789937918
-11.050591,456.055459,2.574494962443123E-25
-1.001448,343.008662,0.317316209266834
1.00144,341.043029,0.317324135314315
-39.729723,682.735807,1.0532637182872963E-179
-2.672928,343.008662,0.007878563548830556
-1.001448,343.008662,0.317316209266834
1.942878,370.385056,0.05278833512113956
-7.165118,348.544532,4.6609891172564576E-12
-22.805112,619.54445,4.8158020375973475E-84
-1.418319,343.008662,0.15700554162536973
1.383123,341.043029,0.16753195777777008
1.00144,341.043029,0.317324135314315
2.011594,341.043029,0.04504897819564202
-11.709486,683.965901,5.413609600022281E-29
-2.933541,682.946399,0.0034635028406068266
-2.301127,683.367348,0.021684549171148294
-0.956339,603.428891,0.33928396378027637
1.323877,622.356451,0.1860299418710274
-12.872315,353.394959,2.329866245508513E-31
1.00144,341.043029,0.317324135314315
13.540243,392.117016,0.0
-6.401364,589.217498,3.145781546612531E-10
-35.21532,631.995533,3.632050333546448E-151
2.530387,404.706259,0.011771904260772681
3.919069,341.043029,1.074334455544168E-4
-0.486638,675.636082,0.6266727072331499
-1.001448,343.008662,0.317316209266834
-0.004081,684.04601,0.9967450319756023
-1.418319,343.008662,0.15700554162536973
-3.466167,397.120674,5.855683524785041E-4
-1.001448,343.008662,0.317316209266834
-1.357037,396.595641,0.17554127258294283
1.530885,616.156265,0.12631104581588026
1.410635,341.043029,0.15926372859053695
-1.54867,628.121827,0.12196474094857446
1.197396,453.084208,0.23177831033480256
-23.805015,476.187842,4.3184403324692085E-83
-6.637664,511.009509,8.152963365351692E-11
0.571823,591.824018,0.5676590083258413
1.00144,341.043029,0.317324135314315
1.00144,341.043029,0.317324135314315
1.418295,341.043029,0.157017769570988
Gen running time:50.4164441
