connecting
connected
Odds Ratio
0.637893
1.101231
2.017442
4.169697
2.017442
13.546547
9.854237
0.784713
2.251799813685244E15
0.366176
2.251799813685244E15
3.034985
2.251799813685244E15
0.0
1.005814
0.0
4.503599627370488E15
2.021423
8.458691
0.0
3.034985
1.038136
0.5
2.251799813685244E15
4.503599627370488E15
25.544554
1.210588
0.0
0.962981
0.333333
1.62933
0.426072
4.503599627370488E15
2.017442
0.0
2.251799813685244E15
0.6
0.0
2.251799813685244E15
0.0
0.0
18.209877
0.398837
2.251799813685244E15
0.0
1.076122
0.187077
0.079437
2.374631
1.005814
0.0
2.251799813685244E15
0.0
0.0
4.05848
7.343365
2.251799813685244E15
0.0
246.428571
1.8014398509481952E16
2.251799813685244E15
0.331395
65.584192
16.370824
4.503599627370488E15
0.0
0.0
0.0
5.199603
2.48505
2.432983
2.356195
0.564666
47.75098
0.0
0.208857
12.321429
5.7646075230342246E17
0.196512
0.0
1.15671
2.251799813685244E15
1.005797
4.503599627370488E15
8.93921
2.251799813685244E15
2.023392
1.117117
0.0
6.681957
0.333333
13.901042
3.306122
1.06524
0.0
0.0
0.0
Gen running time:6.853472241
