"s__acnes" "s__aeria" "s__agalactiae" "s__alactolyticus" "s__aminovorans" "s__amylovorum" "s__anaerobius" "s__anginosus" "s__aquatilis" "s__aureus" "s__aurimucosum" "s__biforme" "s__boronitolerans" "s__bromii" "s__caccae" "s__callidus" "s__cecorum" "s__cinerea" "s__copri" "s__coprophilus" "s__delbrueckii" "s__dentocariosa" "s__depolymerans" "s__diminuta" "s__diospyrosa" "s__dispar" "s__distasonis" "s__dolichum" "s__durum" "s__eggerthii" "s__endodontalis" "s__epidermidis" "s__equi" "s__faecis" "s__farmeri" "s__fascians" "s__fragilis" "s__gallinarum" "s__garvieae" "s__genomosp." "s__globerulus" "s__gnavus" "s__granulosum" "s__haemolyticus" "s__helveticus" "s__iners" "s__infantis" "s__influenzae" "s__intermedia" "s__johnsonii" "s__komagatae" "s__kroppenstedtii" "s__kuhniae" "s__lividum" "s__longum" "s__luteciae" "s__luteus" "s__marcescens" "s__melaninogenica" "s__minor" "s__mirabilis" "s__moniliformis" "s__moorei" "s__mucilaginosa" "s__muciniphila" "s__multacida" "s__multivorum" "s__multocida" "s__nanceiensis" "s__nigrescens" "s__noxia" "s__ochracea" "s__ovatus" "s__pallens" "s__paradoxus" "s__parahaemolyticus" "s__parainfluenzae" "s__parvula" "s__plebeius" "s__pneumotropica" "s__prausnitzii" "s__producta" "s__pylori" "s__rhizosphaerae" "s__rimae" "s__rosea" "s__salivarius" "s__segnis" "s__sobrinus" "s__socranskii" "s__stercorea" "s__subflava" "s__tannerae" "s__uniformis" "s__venetianus" "s__viridiflava" "s__zeae"
"SRS024343.SRX019684" 1 1.58496250072116 0 0 0 0 0 0 0 0 0 0 0 0 0 0 0 2 2 0 0 1 0 0 0 8.15987133677839 0 0 1 0 1 0 0 0 0 0 0 0 0 0 0 4.24792751344359 0 0 0 0 0 2 0 0 0 0 0 0 0 0 0 0 8.97154355395077 0 0 0 0 5 0 0 0 0 4.4594316186373 1 0 1.58496250072116 0 3 0 0 6.52356195605701 4.4594316186373 0 0 1 0 0 0 0 0 0 1 0 0 0 7.34872815423108 4.8073549220576 0 0 0 0
"SRS020539.SRX019684" 0 0 0 0 0 0 0 0 0 0 0 0 0 0 0 0 0 0 0 0 0 0 0 0 0 8.32192809488736 0 0 0 0 2 0 0 0 0 0 0 0 0 0 0 2 0 0 0 0 0 0 0 0 0 0 0 0 0 1.58496250072116 0 0 10.2167458581953 0 0 0 0 3.32192809488736 0 0 0 0 5.8073549220576 0 0 0 0 1 0 0 7.79441586635011 7.66533591718518 0 0 0 0 0 0 1 0 0 0 0 0 0 6.18982455888002 2.8073549220576 0 0 0 0
"SRS020881.SRX019691" 0 1 0 0 0 0 0 0 0 0 0 0 0 0 0 0 0 0 1 0 0 0 0 0 0 8.58496250072116 0 0 0 0 0 0 0 0 0 0 0 0 0 0 0 2 0 0 0 0 0 0 0 0 0 0 0 0 0 3.58496250072116 0 0 9.30606168942834 0 0 0 0 4.95419631038687 0 0 0 0 7.81378119121704 0 0 0 0 2.58496250072116 0 1 9.54303182025524 7.4178525148859 0 0 0 0 0 0 0 0 0 0 0 0 0 5.8073549220576 0 0 0 0 0
"SRS011589.SRX020669" 0 0 0 0 0 0 0 0 0 0 0 0 0 0 0 0 0 1 2.32192809488736 0 0 1 0 0 0 6.96578428466209 0 0 0 0 0 0 0 0 0 0 0 0 0 0 0 1.58496250072116 0 0 0 0 1 0 0 0 0 0 0 0 0 1 0 0 6.70043971814109 0 0 0 0 4.32192809488736 0 0 0 0 5.70043971814109 0 0 0 0 1.58496250072116 0 0 7.27612440527424 5.61470984411521 0 0 0 0 0 0 0 0 0 1.58496250072116 0 0 0 4.32192809488736 2.58496250072116 1 0 0 0
"SRS043574.SRX020563" 1 1 0 0 0 0 0 0 0 0 0 0 0 0 0 0 0 0 2.58496250072116 0 0 1 0 0 0 10.0674343607565 0 0 0 0 0 0 0 1 0 0 0 0 0 0 0 3.8073549220576 0 0 0 0 0 0 0 0 0 0 0 0 0 2 0 0 10.3140167039014 0 0 0 0 6.62935662007961 0 0 0 0 0 0 0 1 0 2 0 0 4 5.83289001416474 0 0 0 0 0 0 0 0 0 0 0 0 0 0 0 0 0 0 0
"SRS063514.SRX020579" 0 0 0 1 0 0 1.58496250072116 0 0 0 0 0 0 0 0 0 0 3 4.39231742277876 0 0 0 0 0 0 8.08746284125034 0 0 0 0 1 0 0 0 0 0 0 0 0 0 0 2.32192809488736 0 0 0 0 1 0 0 0 0 0 0 0 0 0 0 0 8.14974711950468 0 0 0 1 5.70043971814109 0 0 0 0 8.03342300153745 0 1 0 0 3.16992500144231 0 0 9.00842862207058 6.04439411935845 0 0 0 0 0 0 0 0 0 0 0 0 0 10.3253054550897 0 0 0 0 0
"SRS045871.SRX020563" 1 1.58496250072116 0 0 0 0 0 0 0 0 0 0 0 0 0 0 0 4.58496250072116 4.52356195605701 0 0 0 0 0 0 11.1799090900149 0 0 0 0 0 0 0 0 0 0 0 0 0 0 0 3.32192809488736 0 0 0 0 1 1 0 0 0 0 0 0 0 1.58496250072116 0 0 11.2378074737231 0 0 0 0 7.8073549220576 0 0 0 0 0 0 1 2.32192809488736 0 2.58496250072116 0 0 8.54689445988764 7.23840473932508 0 0 0 0 0 0 0 0 0 0 0 0 0 9.20945336562895 0 0 0 0 0
"SRS047494.SRX020687" 0 1 0 0 0 0 1 0 0 0 1 0 0 0 0 0 0 2 1 0 0 0 0 0 0 9.283088353024 0 0 0 0 1 0 0 0 0 0 0 0 0 0 0 3.58496250072116 0 0 0 0 1.58496250072116 0 0 0 0 0 0 0 0 2.58496250072116 0 0 7.467605550083 0 0 0 0 7.90689059560852 0 0 0 0 5.49185309632967 1 0 0 0 0 0 0 6.76818432477693 6.18982455888002 0 0 0 0 0 0 0 0 0 0 0 0 0 9.8376279331714 0 0 0 0 0
"SRS023617.SRX019635" 1 0 0 0 0 0 0 0 0 0 0 0 0 0 0 0 0 0 1 0 0 0 0 0 0 9.08214904135387 0 0 0 0 0 0 0 0 0 0 0 0 0 0 0 0 0 0 0 0 0 0 0 0 0 0 0 0 0 0 0 0 8.90086680798075 0 0 0 2 4.58496250072116 0 0 0 0 5.12928301694497 1 0 1 0 0 0 0 8.39660478118186 7.09803208296053 0 0 0 0 0 0 0 0 0 0 0 1 0 6.39231742277876 0 0 0 0 0
"SRS017653.SRX019635" 2.8073549220576 3.70043971814109 0 0 1 0 0 0 0 0 0 0 0 0 0 0 0 0 0 0 0 2.32192809488736 0 1 0 7.97154355395077 0 0 0 0 2.58496250072116 0 0 0 0 0 2 0 0 0 0 1 0 0 0 0 0 1.58496250072116 0 1.58496250072116 0 0 0 0 0 1.58496250072116 0 0 5.20945336562895 0 0 0 2 7.45121111183233 0 0 0 0 3.70043971814109 4.58496250072116 1 1 1.58496250072116 0 0 0 9.04712391211403 5.97727992349992 0 0 0 0 0 0 2.32192809488736 0 0 0 0 0 0 3 2.58496250072116 0 0 0 0
"SRS016529.SRX019635" 0 0 0 0 0 0 0 0 0 0 0 0 0 0 0 0 0 0 0 0 0 0 0 0 0 7.76818432477693 0 0 0 0 0 0 0 0 0 0 0 0 0 0 0 0 0 0 0 0 2 0 0 0 0 0 0 0 0 1 0 0 4.52356195605701 1 0 0 0 5.90689059560852 0 0 0 0 0 1 0 0 0 0 0 0 9.98156728190301 7.11894107272351 0 0 0 0 0 0 0 0 0 0 0 0 0 2.58496250072116 0 0 0 0 0
"SRS020245.SRX019635" 0 1 0 0 0 0 0 1 0 0 0 0 0 0 0 0 0 0 2 0 0 1 0 0 0 9.4858293087019 0 0 0 0 0 0 0 0 0 0 0 0 0 0 0 2.32192809488736 0 0 0 0 0 0 0 0 0 0 0 0 0 0 0 0 9.00281501560705 0 0 0 0 1 0 0 0 0 3.16992500144231 0 1 0 0 2 0 0 6.04439411935845 5.20945336562895 0 0 0 0 0 0 0 0 0 2.8073549220576 0 0 0 5.20945336562895 0 0 0 0 0
"SRS020002.SRX019635" 0 0 0 0 0 0 0 0 0 0 0 0 0 0 0 0 0 0 2 0 0 0 0 0 0 8.96000193206808 0 0 0 0 0 0 0 0 0 0 0 0 0 0 0 1 0 0 0 0 0 0 0 0 0 0 0 0 0 0 0 0 8.5274770060604 0 0 0 0 6.08746284125034 0 0 0 0 5.64385618977472 1 0 1 0 0 0 0 8.70390357344466 4.85798099512757 0 0 0 0 0 0 0 0 0 0 0 0 0 6.14974711950468 0 0 0 0 0
"SRS018088.SRX019635" 0 0 0 0 0 0 0 0 0 0 0 0 0 0 0 0 0 1 0 0 0 0 0 0 0 7.69348695749933 0 0 0 0 0 0 0 0 0 0 0 0 0 0 0 1 0 0 0 0 0 1 0 0 0 0 0 0 0 0 0 0 5.24792751344359 0 0 0 0 4.52356195605701 0 0 0 0 5.04439411935845 0 0 0 0 0 0 1 9.24317398347295 7.12928301694497 0 0 0 0 0 0 0 0 0 1 0 0 0 9.11113567023471 1 0 0 0 0
"SRS016529.SRX019636" 1 0 0 0 0 0 0 0 0 0 0 0 0 0 0 0 0 0 0 0 0 0 0 0 0 7.3037807481771 0 0 0 0 0 0 0 0 0 0 0 0 0 0 0 0 0 0 0 0 0 0 0 0 0 0 0 0 0 0 0 0 3.8073549220576 0 0 0 0 5.32192809488736 0 0 0 0 1 0 0 1 0 0 0 0 9.67065624911844 7.14974711950468 0 0 0 0 0 0 0 0 0 1 0 0 0 1.58496250072116 0 0 0 0 0
"SRS017533.SRX019635" 1.58496250072116 2.32192809488736 0 0 0 0 0 1.58496250072116 0 1 0 0 0 0 0 0 0 0 1 0 0 2 0 0 0 7.76155123244448 0 0 0 0 2 0 0 0 0 0 0 0 0 0 0 0 0 0 0 0 1 2.32192809488736 0 0 0 0 0 0 0 1 0 0 7.34872815423108 0 0 0 0 5.20945336562895 0 0 0 0 7.27612440527424 1 0 1 0 0 0 0 8.94544383637791 6.2667865406949 0 0 0 0 1 0 0 0 0 0 0 0 0 1 1 0 0 0 0
"SRS013502.SRX019636" 1 2.32192809488736 0 0 0 0 0 0 0 0 0 0 0 0 0 0 0 4.16992500144231 0 0 0 0 0 0 0 8.08214904135387 0 0 0 0 0 0 0 0 0 0 0 0 0 0 0 1 0 0 0 0 1 2 0 0 0 0 0 0 0 0 0 0 7.68650052718322 0 0 0 0 6.10852445677817 0 0 0 0 3.32192809488736 0 0 0 0 0 0 2 8.73131903102506 6.02236781302845 0 0 1 0 0 0 0 0 0 0 0 0 0 6.98868468677217 0 0 0 0 0
"SRS017653.SRX019636" 2.8073549220576 3.90689059560852 0 0 1 0 0 1.58496250072116 0 0 0 0 0 0 0 0 0 0 0 0 0 2.32192809488736 0 0 0 7.97727992349992 0 0 0 0 1.58496250072116 1 0 0 0 0 1.58496250072116 0 0 0 0 0 0 0 0 0 1 1 0 1.58496250072116 0 0 0 0 0 1 1 0 5 0 0 0 1 6.94251450533924 0 0 0 0 2.8073549220576 4.70043971814109 1.58496250072116 1.58496250072116 2 0 0 1 8.75822321472672 5.97727992349992 0 0 0 0 0 0 0 0 0 0 0 1 0 2.32192809488736 3 0 0 0 0
"SRS017533.SRX019636" 0 2.58496250072116 0 0 0 0 0 0 0 1 0 0 0 0 0 0 0 0 0 0 0 1.58496250072116 0 0 0 7.53915881110803 0 0 0 0 1.58496250072116 0 0 0 0 0 0 0 0 0 0 0 0 0 0 0 1 1 0 0 0 0 0 0 0 0 0 0 7.24792751344359 0 0 0 0 4.90689059560852 0 0 0 0 7.04439411935845 0 0 0 0 0 0 0 8.73131903102506 6.24792751344359 0 0 0 0 0 0 0 0 0 0 0 0 0 0 0 0 0 0 0
"SRS013234.SRX019639" 0 0 0 0 0 0 0 0 0 0 0 0 0 0 0 0 0 0 1 0 0 0 0 0 0 7.83920378809694 0 0 1 0 0 0 0 0 0 0 0 0 0 0 0 1.58496250072116 0 0 0 0 1 0 0 0 0 0 0 0 0 2.58496250072116 0 0 7.58496250072116 0 0 0 0 5.49185309632967 0 0 0 0 0 1 0 0 1 1 0 0 6.08746284125034 4 0 0 0 0 0 0 0 0 0 1 0 0 0 0 0 0 0 0 0
"SRS018009.SRX019639" 0 1 0 0 0 0 0 0 0 0 0 0 0 0 0 0 0 1.58496250072116 3.16992500144231 0 0 0 0 0 0 9.5352753766208 0 0 0 0 1 0 0 0 0 0 0 0 0 0 0 0 0 0 0 0 0 1 0 0 0 0 0 0 0 0 0 0 8.67595703294175 0 0 0 0 5.90689059560852 0 0 0 0 2 1.58496250072116 0 1 0 0 0 0 7.91288933622996 5.28540221886225 0 0 0 0 0 0 0 0 0 1 0 0 0 0 1 0 0 0 0
"SRS016343.SRX019682" 0 0 0 0 0 0 1.58496250072116 0 0 0 0 0 0 0 0 0 0 2 0 0 0 1 0 0 0 7.6724253419715 0 0 0 0 0 0 0 0 0 0 0 0 0 0 0 1 0 0 0 0 0 0 0 0 0 0 0 0 0 3 0 0 8.17990909001493 0 0 0 0 5 0 0 0 0 5.08746284125034 0 0 1.58496250072116 0 0 0 0 7.59991284218713 4.75488750216347 0 0 0 0 0 0 0 0 0 2 0 0 0 7.52356195605701 0 0 0 0 0
"SRS016712.SRX019682" 0 0 0 0 0 0 0 0 0 0 0 0 0 0 0 0 0 2 1 0 0 2 0 0 0 5.32192809488736 0 0 0 0 0 0 0 0 0 0 0 0 0 0 0 1.58496250072116 0 0 0 0 0 0 0 0 0 0 0 0 0 0 0 0 2.8073549220576 0 0 0 0 7.45121111183233 0 0 0 0 4.75488750216347 0 0 0 0 0 0 1 8.4262647547021 6.4757334309664 0 0 0 0 0 0 0 0 0 1 0 0 0 6.06608919045777 0 0 0 0 0
"SRS057692.SRX019682" 0 0 0 0 0 0 0 0 0 0 0 0 0 0 0 0 0 2.58496250072116 0 0 0 0 0 0 0 5.04439411935845 0 0 0 0 1 0 0 0 0 0 0 0 0 0 0 1.58496250072116 0 0 0 0 1 1 0 0 0 0 0 0 0 0 0 0 2.58496250072116 0 0 0 0 2.32192809488736 0 0 0 0 4.70043971814109 0 1 0 0 0 0 1 8.51963625284321 6.68650052718322 0 0 0 0 0 0 0 0 0 1 0 0 0 5.04439411935845 0 0 0 0 0
"SRS017713.SRX019682" 0 0 0 0 0 0 0 1 0 0 0 0 0 0 0 0 0 3.32192809488736 0 0 0 2 0 0 0 7.21916852046216 0 0 0 0 0 0 0 0 0 0 0 0 0 0 0 1 0 0 0 0 0 0 0 0 0 0 0 0 0 2.58496250072116 0 0 7.28540221886225 0 0 0 0 6.95419631038687 0 0 0 0 2 0 0 1.58496250072116 0 1 0 0 7.4262647547021 4 0 0 0 0 0 0 0 0 0 1 0 0 0 9.65284497300198 1.58496250072116 0 0 0 0
"SRS023746.SRX019681" 1 0 0 0 0 0 0 0 0 0 0 0 0 0 0 0 0 0 0 0 0 0 0 0 0 7.08746284125034 0 0 0 0 0 0 0 0 0 0 0 0 0 0 0 0 0 0 0 0 0 0 0 0 0 0 0 0 0 2.32192809488736 0 0 5.61470984411521 0 0 0 0 6.55458885167764 0 0 0 0 2.8073549220576 0 0 0 0 0 0 0 7.56224242422107 4.64385618977472 0 0 0 0 0 0 0 0 0 1 0 0 0 4.70043971814109 0 0 0 0 0
"SRS020302.SRX019684" 0 2.32192809488736 0 0 0 0 0 0 0 0 0 0 0 0 0 0 0 2.32192809488736 0 0 0 1 0 0 0 7.3037807481771 0 0 0 0 2.32192809488736 0 0 0 0 0 0 0 0 0 0 2.58496250072116 0 0 0 0 1 0 0 0 0 0 0 0 0 2 0 0 6.02236781302845 0 0 0 0 6.08746284125034 0 0 0 0 4.08746284125034 2.58496250072116 0 0 0 0 0 0 9 6.82017896241519 0 0 0 0 0 0 0 0 0 0 0 0 0 8.83605035505807 0 0 0 0 0
"SRS013819.SRX019684" 0 0 0 0 0 1 0 0 0 0 0 0 0 0 0 0 0 1 0 0 0 1.58496250072116 0 0 0 8.09275714091985 0 0 0 0 0 0 0 0 0 0 0 0 0 0 0 2.58496250072116 0 0 0 0 1 1 0 0 0 0 0 0 0 1.58496250072116 0 0 7.95419631038687 0 0 0 0 6.49185309632967 0 0 0 0 4.4594316186373 0 0 1 0 0 0 0 8.66533591718518 6.14974711950468 0 0 0 0 0 0 0 0 0 0 0 0 0 6.97727992349992 2 0 0 0 0
"SRS017121.SRX019684" 0 0 0 0 0 0 0 0 0 0 0 0 0 0 0 0 0 2 2.58496250072116 0 0 0 0 0 0 8.38370429247405 0 0 0 0 0 0 0 0 0 0 0 0 0 0 0 3.8073549220576 0 0 0 0 0 0 0 0 0 0 0 0 0 1.58496250072116 0 0 8.66888498426625 0 0 0 0 5.6724253419715 0 0 0 0 3.4594316186373 0 0 0 0 1 0 0 6.56985560833095 4.58496250072116 0 0 0 0 0 0 0 0 0 0 0 0 0 7.61470984411521 1 0 0 0 0
"SRS024637.SRX019687" 0 2.32192809488736 0 0 0 0 0 0 0 0 0 0 0 0 0 0 0 0 2 0 0 1 0 0 0 8.49585502688717 0 0 0 0 2.58496250072116 0 0 0 0 0 0 0 0 0 0 3.4594316186373 0 0 0 0 0 0 0 0 0 0 0 0 0 0 0 0 9.68299458368168 0 0 0 0 5.90689059560852 0 0 0 0 0 0 1 1 0 1.58496250072116 0 0 5.39231742277876 4.64385618977472 0 0 0 0 0 0 0 0 0 0 0 0 0 3.4594316186373 0 0 0 0 0
"SRS017278.SRX019686" 0 1 0 0 0 0 0 0 0 0 0 0 0 0 0 0 0 1.58496250072116 0 0 1 1 0 0 0 8.12412131182919 0 0 1 0 1 0 0 0 0 0 0 0 0 0 0 2 0 0 0 0 1 0 0 0 0 0 0 0 0 0 0 0 6.70043971814109 0 0 0 0 6.33985000288462 0 0 0 0 4.32192809488736 0 0 0 0 0 0 0 8.08746284125034 7.19967234483636 0 0 0 0 0 0 0 0 0 0 0 0 0 8.46352437327118 0 0 0 0 0
"SRS017467.SRX019687" 0 2.58496250072116 0 0 0 0 0 0 0 0 0 0 0 0 0 0 0 1.58496250072116 0 0 0 0 0 0 0 7.01122725542325 0 0 0 0 0 0 0 0 0 0 0 0 0 0 0 1.58496250072116 0 0 0 0 1 0 0 0 0 0 0 0 0 0 0 0 6.8703647195834 0 0 0 0 5.4594316186373 0 0 0 0 5.6724253419715 1 0 0 0 0 0 0 9.6582114827518 6.32192809488736 0 0 0 0 0 0 0 0 0 0 0 0 0 7.38370429247405 0 0 0 0 0
"SRS057362.SRX019691" 0 1 0 0 0 0 0 0 0 0 0 0 0 0 0 0 0 1 0 0 0 1.58496250072116 0 0 0 6.24792751344359 0 0 0 0 0 0 0 0 0 0 0 0 0 0 0 1 0 0 0 0 0 2.8073549220576 0 0 0 0 0 0 0 1 0 0 5.08746284125034 0 0 0 1.58496250072116 4.52356195605701 0 0 0 0 3.8073549220576 1 0 2.32192809488736 0 1 0 2.32192809488736 8.40087943628218 5.88264304936184 0 0 0 0 0 0 1 0 0 0 0 0 0 7.23840473932508 1.58496250072116 0 0 0 0
"SRS021496.SRX019690" 0 0 0 0 0 0 0 0 0 0 0 0 0 0 0 0 0 2 0 0 0 0 0 0 0 8.24317398347295 0 0 0 0 1 0 0 0 0 0 0 0 0 0 0 1.58496250072116 0 0 0 0 0 0 0 0 0 0 0 0 0 0 0 0 8.35314682549808 0 0 0 0 2 0 0 0 0 4.64385618977472 1 0 0 0 1.58496250072116 0 0 8.93369065495223 7.38370429247405 0 0 0 0 0 0 0 0 0 0 0 0 0 8.18487534290828 2.8073549220576 0 0 0 0
"SRS020362.SRX019691" 0 2 0 0 0 0 0 0 0 0 0 0 0 0 0 0 0 0 1 0 0 0 0 0 0 9.61654884377899 0 0 1.58496250072116 0 0 0 0 0 0 0 0 0 0 0 0 2.58496250072116 0 0 0 0 1 1 0 0 0 0 0 0 0 5.58496250072116 0 0 9.33539035469392 0 0 0 0 6.24792751344359 0 0 0 0 2.32192809488736 0 0 1 0 1 0 0 5.70043971814109 5.20945336562895 0 0 0 0 0 0 0 0 0 1.58496250072116 0 0 0 0 0 0 0 0 0
"SRS016859.SRX019692" 1 1 0 0 0 0 0 0 0 0 0 0 0 0 0 0 0 0 0 0 0 1.58496250072116 0 0 0 8.82972273508606 0 0 0 0 0 0 0 0 0 0 0 0 0 0 0 3.16992500144231 0 0 0 0 0 0 0 0 0 0 0 0 0 3.16992500144231 0 0 8.37937836707126 0 0 0 0 6.64385618977472 0 0 0 0 2.32192809488736 2 0 1 0 0 0 0 7.66533591718518 4.52356195605701 0 0 0 0 0 0 0 0 0 2 0 0 0 2.58496250072116 0 0 0 0 0
"SRS024220.SRX019692" 0 0 0 0 0 0 0 0 0 0 0 0 0 0 0 0 0 0 0 0 0 1 0 0 0 8.78463484555752 0 0 0 0 0 0 0 0 0 0 0 0 0 0 0 2.32192809488736 0 0 0 0 1 0 0 0 0 0 0 0 0 3.90689059560852 0 0 7.56224242422107 0 0 0 0 6.85798099512757 0 0 0 0 1 1.58496250072116 0 2.8073549220576 0 0 0 0 7.08746284125034 4.58496250072116 0 0 0 0 0 0 0 0 0 0 0 0 0 1 0 1.58496250072116 0 0 0
"SRS024277.SRX019692" 0 0 0 0 0 0 0 0 0 0 0 0 0 0 0 0 0 1 3 0 0 0 0 0 0 7.76818432477693 0 0 0 0 1 0 0 0 0 0 0 0 0 0 0 0 0 0 0 0 0 0 0 0 0 0 0 0 0 2.32192809488736 0 0 7.53138146051631 0 0 0 0 5.78135971352466 0 0 0 0 6.04439411935845 0 0 0 0 0 0 2 9.89178370321831 6.3037807481771 0 0 0 0 0 0 0 0 0 1 0 0 0 3 1 0 0 0 0
"SRS016859.SRX019696" 0 1 0 0 0 0 0 0 0 0 0 0 0 0 0 0 0 0 0 0 0 0 0 0 0 9.0389189892923 0 0 0 0 0 0 0 0 0 0 0 0 0 0 0 3.16992500144231 0 0 0 0 0 0 0 0 0 0 0 0 0 3 0 0 8.61470984411521 0 0 0 2 6.74146698640115 0 0 0 0 2 1 0 2.58496250072116 0 0 0 0 7.62205181945638 4.24792751344359 0 0 0 0 0 0 0 0 0 1 0 0 0 2.58496250072116 0 0 0 0 0
"SRS023188.SRX019692" 0 2 0 0 0 0 0 0 0 0 0 0 0 0 0 0 0 0 1.58496250072116 0 0 1 0 0 0 8.49185309632967 0 0 0 0 0 0 0 0 0 0 0 0 0 0 0 2.32192809488736 0 0 0 0 0 0 0 0 0 0 0 0 0 4 0 0 8.43462822763673 0 0 0 0 7.12928301694497 0 0 0 0 3.70043971814109 1.58496250072116 0 1.58496250072116 0 0 0 2 8.88569637333939 6.74146698640115 0 0 0 0 0 0 0 0 0 2 0 1 0 2 0 0 0 0 0
"SRS022621.SRX019692" 0 0 0 0 0 0 0 0 0 0 0 0 0 0 0 0 0 2.32192809488736 1 0 0 0 0 0 0 8.17492568250068 0 0 0 0 1.58496250072116 0 0 0 0 0 0 0 0 0 0 2.8073549220576 0 0 0 0 0 1 0 0 0 0 0 0 0 2.32192809488736 0 0 8.58871463558226 0 0 0 0 4.24792751344359 0 0 0 0 5.4594316186373 0 0 1.58496250072116 0 1 0 0 8.33091687811462 6.5077946401987 0 0 0 0 0 0 0 0 0 1.58496250072116 0 0 0 8.37068740680722 0 0 0 0 0
"SRS023188.SRX019696" 0 2.32192809488736 0 0 0 0 0 0 0 0 0 0 0 0 0 0 0 0 2.32192809488736 0 0 0 0 0 0 8.91587937883577 0 0 0 0 0 0 0 0 0 0 0 0 0 0 0 3.32192809488736 0 0 0 0 0 0 0 0 0 0 0 0 0 2.58496250072116 0 0 8.4594316186373 0 0 0 0 7.55458885167764 0 0 0 0 4 2 0 1 0 0 0 2.32192809488736 8.92481250360578 7 0 0 0 0 0 0 0 0 0 1.58496250072116 0 0 0 2.32192809488736 0 0 0 0 0
"SRS019566.SRX020560" 0 0 0 0 0 0 0 1 0 0 0 1 0 0 0 0 0 3.70043971814109 1.58496250072116 0 0 0 0 0 0 9.1548181090521 0 0 1 0 2.8073549220576 0 0 0 0 0 0 0 0 0 0 3.90689059560852 1.58496250072116 0 0 0 0 0 0 0 0 0 0 0 0 1.58496250072116 0 0 8.75822321472672 0 0 0 1.58496250072116 2.32192809488736 0 0 0 0 7.81378119121704 0 0 1 0 2.8073549220576 0 1 8.4262647547021 8.96578428466209 0 0 0 0 0 0 1 0 0 2.32192809488736 0 0 0 4.90689059560852 0 0 0 0 0
"SRS014651.SRX020560" 0 2 0 0 0 0 0 0 0 0 0 0 0 0 0 0 0 3.32192809488736 0 0 0 1 0 0 0 7.28540221886225 0 0 0 0 0 0 0 0 0 0 0 0 0 0 0 3.8073549220576 0 0 0 0 1 0 0 0 0 0 0 0 0 0 0 0 7.4594316186373 0 0 0 1.58496250072116 7.36632221424582 0 0 0 0 7.91288933622996 1 0 0 0 0 0 1.58496250072116 9.66888498426625 7.88874324889826 0 0 0 0 0 0 0 0 0 2 0 0 0 9.21431912080077 0 0 0 0 0
"SRS047219.SRX020560" 1 0 0 0 0 0 0 0 0 0 0 0 0 0 0 0 0 1 3.90689059560852 0 0 0 0 0 0 9.91737207947684 0 0 0 0 0 0 0 0 0 0 0 0 0 0 0 4.24792751344359 0 0 0 1 0 1 0 0 0 0 0 0 0 0 0 0 9.55458885167764 0 0 0 0 1 0 0 0 0 3 0 1.58496250072116 0 0 2.32192809488736 0 0 6.93073733756289 5.61470984411521 0 0 0 0 0 0 0 0 0 0 0 0 0 0 0 1 0 0 0
"SRS015174.SRX020558" 0 2.58496250072116 0 0 0 0 1 0 0 0 0 0 0 0 0 0 0 4.39231742277876 3.70043971814109 0 0 0 0 0 0 9.40087943628218 0 0 1 0 2 0 0 0 0 0 0 0 0 0 0 2.8073549220576 0 0 0 0 1.58496250072116 1 0 0 0 0 0 0 0 2 0 0 8.4757334309664 0 0 0 2.32192809488736 8.74819284958946 0 0 0 0 4.8073549220576 0 0 0 0 1.58496250072116 0 0 9.36850646150769 6.6724253419715 0 0 0 0 0 0 0 0 0 0 0 0 0 3.32192809488736 1 0 0 0 0
"SRS014750.SRX020558" 5.39231742277876 1 0 0 0 0 0 0 0 0 0 0 0 0 0 0 0 1 2.32192809488736 0 0 2 1.58496250072116 0 0 10.2761244052742 0 0 0 0 0 0 0 0 0 0 0 0 0 0 0 1 0 0 0 0 0 0 0 0 0 0 0 0 0 1 0 0 9.76155123244448 0 0 0 1.58496250072116 8.5352753766208 0 0 0 0 2 0 1.58496250072116 0 0 0 0 0 8.27146302790437 5.97727992349992 0 0 0 0 0 0 0 0 0 0 0 0 0 5.61470984411521 0 0 0 0 0
"SRS015870.SRX020558" 0 0 0 0 0 0 0 0 0 0 0 0 0 0 0 0 0 4.52356195605701 5.58496250072116 0 0 0 0 0 0 10.6662240028032 0 0 0 0 0 0 0 0 0 0 0 0 0 0 0 3.70043971814109 0 0 0 0 0 0 0 0 0 0 0 0 0 0 0 0 10.2784494582205 0 0 0 2.32192809488736 7.32192809488736 0 0 0 0 2.32192809488736 0 2.58496250072116 0 0 2 0 2.58496250072116 8.16992500144231 6.56985560833095 0 0 0 0 0 0 0 0 0 0 0 0 0 9.43879185257826 0 0 0 0 0
"SRS015354.SRX020535" 0 0 0 0 0 0 0 0 0 0 0 0 0 0 0 0 0 3 1.58496250072116 0 0 0 0 0 0 7.6724253419715 0 0 0 0 0 0 0 0 0 0 0 0 0 0 0 1.58496250072116 0 0 0 0 1 0 0 0 0 0 0 0 0 0 0 0 8.8073549220576 0 0 0 1 4.4594316186373 0 0 0 0 2.32192809488736 0 0 0 0 1 0 0 9.01402047031493 7.3037807481771 0 0 0 0 0 0 0 0 0 0 0 0 0 8.16992500144231 2 0 0 0 0
"SRS015560.SRX020535" 0 2 0 0 0 0 0 0 0 0 0 0 0 0 0 0 0 0 0 0 0 0 0 0 0 8.87958324961278 0 0 0 0 0 0 0 0 0 0 0 0 0 0 0 0 0 0 0 1 0 0 0 0 0 0 0 0 0 2 0 0 8.13955135239879 0 0 0 0 8.87958324961278 1 0 0 0 0 3 0 1.58496250072116 0 0 0 0 4 6.10852445677817 0 0 0 0 0 0 0 0 0 2.58496250072116 0 0 0 0 0 0 0 0 0
"SRS016002.SRX020573" 0 0 0 0 0 0 0 0 0 0 0 0 0 0 0 0 0 5.16992500144231 6.4093909361377 0 0 1 0 0 0 8.67595703294175 0 0 0 0 0 0 0 0 0 0 0 0 0 0 0 2.32192809488736 0 0 0 0 0 0 0 0 0 0 0 0 0 0 0 0 9.43671154213721 0 0 0 0 7.11894107272351 0 0 0 0 6.35755200461808 0 1 0 0 2.32192809488736 0 1 9.73640193131829 8.04984854945056 0 0 0 0 0 0 0 0 0 2 0 0 0 11.2300204357056 0 0 0 0 0
"SRS018739.SRX020522" 0 0 0 0 0 0 0 0 0 0 0 0 0 0 0 0 0 1 5.4262647547021 0 0 1 0 0 0 9.65463602852797 0 0 0 0 0 0 0 0 0 0 0 0 0 0 0 4.16992500144231 0 0 0 1 1 0 0 0 0 0 0 0 0 1 0 0 8.61102479730735 0 0 0 0 3.16992500144231 0 0 0 0 6.61470984411521 0 4.58496250072116 2 0 3.32192809488736 0 0 6.89481776330794 6.4594316186373 0 0 0 0 0 0 0 0 0 1 0 0 0 7.91886323727459 8.07681559705083 1 0 0 0
"SRS016319.SRX020522" 1 0 0 0 0 0 1 0 0 0 0 0 0 0 0 0 0 1 2.32192809488736 0 0 1 0 0 0 9.63843591399047 0 0 0 1 0 0 0 0 0 0 0 0 0 0 0 4.16992500144231 0 0 0 0 0 0 0 0 0 0 0 0 0 1 0 0 8.876516946565 0 1 0 2.32192809488736 6.06608919045777 0 0 0 0 2 1 0 1 0 2 0 1 7.03342300153745 5.12928301694497 0 0 0 0 0 0 0 0 0 0 0 0 0 1 1 0 0 0 0
"SRS018985.SRX020510" 0 2 0 0 0 0 1 0 0 0 0 0 0 0 0 0 0 3.90689059560852 4.52356195605701 0 0 0 0 0 0 8.55458885167764 0 0 0 0 1 0 0 0 0 0 0 0 0 0 0 1.58496250072116 0 0 0 0 1 0 0 0 0 0 0 0 0 2 0 0 8.68299458368168 0 0 0 1.58496250072116 8.13955135239879 0 0 0 0 3.8073549220576 0 0 1 0 2 0 0 8.84549005094438 5.32192809488736 0 0 0 0 0 0 0 0 0 1.58496250072116 0 0 0 9.7714894695006 0 0 0 0 0
"SRS018985.SRX020520" 0 2 0 0 0 0 0 0 0 0 0 0 0 0 0 0 0 3.16992500144231 4.24792751344359 0 0 0 0 0 0 8.40087943628218 0 0 0 0 0 0 0 0 0 0 0 0 0 0 0 2.58496250072116 0 0 0 0 0 0 0 0 0 0 0 0 0 1 0 0 8.5352753766208 0 0 0 1 8.04439411935845 0 0 0 0 4.24792751344359 0 0 0 0 2.32192809488736 0 0 8.7279204545632 5.49185309632967 0 0 0 0 0 0 0 0 0 1 0 0 0 9.67065624911844 0 0 0 0 0
"SRS011506.SRX020660" 0 1.58496250072116 0 0 0 1 0 0 0 0 0 0 0 0 0 0 0 0 2.32192809488736 0 0 0 0 0 0 6.78135971352466 0 0 0 0 0 0 0 0 0 0 0 0 0 0 0 2.58496250072116 0 0 0 0 0 0 0 0 0 0 0 0 0 0 0 0 6.10852445677817 0 0 0 0 5 0 0 0 0 6.58496250072116 1 0 1 0 0 0 0 8.59991284218713 5.75488750216347 0 0 0 0 0 0 0 0 0 1 0 0 0 5.28540221886225 1 0 0 0 0
"SRS011589.SRX020666" 0 1 0 0 0 0 0 0 0 0 0 0 0 0 0 0 0 1.58496250072116 3 0 0 1 0 0 0 6.65821148275179 0 0 1 0 0 0 0 0 0 0 0 0 0 0 0 2 0 0 0 0 0 0 0 0 0 0 0 0 0 1 0 0 6.53915881110803 0 0 0 0 4.4594316186373 0 0 0 0 5.08746284125034 0 0 0 0 1.58496250072116 0 0 6.95419631038687 5.4262647547021 0 0 0 0 0 0 0 0 0 2 0 0 0 4.4594316186373 2.32192809488736 0 0 0 0
"SRS011484.SRX020668" 1.58496250072116 0 0 0 0 0 0 0 1 1 0 0 0 0 0 0 0 0 3.90689059560852 0 0 0 0 0 0 8.24792751344359 0 0 0 0 0 0 0 0 0 0 0 0 0 0 0 2.32192809488736 0 0 0 0 0 0 0 0 0 0 0 0 0 0 0 0 8.33985000288462 0 0 0 0 6.55458885167764 0 0 0 0 2.8073549220576 0 0 0 0 0 0 0 5.32192809488736 3.16992500144231 0 0 0 0 0 0 0 0 0 0 0 0 0 4.16992500144231 1 0 0 0 0
"SRS014651.SRX020551" 1 1 0 0 0 0 0 0 0 0 0 0 0 0 0 0 0 1 1.58496250072116 0 0 0 0 0 0 7 0 0 0 0 0 0 0 0 0 0 0 0 0 0 0 3 0 0 0 0 1 0 0 0 0 0 0 0 0 1.58496250072116 0 0 7.49984588708321 0 0 0 2 5.4262647547021 0 0 0 0 7.62205181945638 0 0 0 0 0 0 0 9.23122118071119 7.55458885167764 0 0 0 0 0 0 0 0 0 0 0 0 0 8.82972273508606 0 1 0 0 0
"SRS019566.SRX020551" 0 0 0 0 0 0 0 0 0 0 0 0 0 0 0 0 0 3.32192809488736 2.58496250072116 0 0 1 0 0 0 8.70043971814109 0 0 0 0 2.58496250072116 0 0 0 0 0 0 0 0 0 0 4.24792751344359 0 0 0 0 0 0 0 0 0 0 0 0 0 2 0 0 8.67948009950545 0 0 0 0 1.58496250072116 0 0 0 0 7.64385618977472 0 0 1.58496250072116 0 2.32192809488736 0 0 8.10328780841202 8.42206476617281 0 0 0 0 0 0 1 0 0 1 0 0 0 4.32192809488736 0 0 0 0 0
"SRS015395.SRX020555" 0 1 0 0 0 0 0 0 0 0 0 0 0 0 0 0 0 0 0 0 0 2 0 0 0 8.79766152585376 0 0 0 0 0 0 0 0 0 0 0 0 0 0 0 2 0 0 0 0 0 0 0 0 0 0 0 0 0 2 0 0 7.44294349584873 0 0 0 0 8.4594316186373 0 0 0 0 3.4594316186373 0 0 0 0 0 0 0 6.49185309632967 5.16992500144231 0 0 0 0 0 0 0 0 0 1 0 0 0 3.8073549220576 0 0 0 0 0
"SRS015117.SRX020555" 0 1.58496250072116 0 0 0 0 0 0 0 0 0 0 0 0 0 0 0 1.58496250072116 4 0 0 1 0 0 0 10.1522848423066 0 0 0 0 1 0 0 0 0 0 0 0 0 0 0 4.8073549220576 0 0 0 1 1 0 0 0 0 0 0 0 0 1.58496250072116 0 0 9.97010589061218 0 0 0 0 7.21916852046216 0 0 0 0 2.32192809488736 0 1.58496250072116 0 0 2.32192809488736 0 0 6.98868468677217 5.4594316186373 0 0 0 0 0 0 0 0 0 1 0 0 0 5.83289001416474 0 1 0 0 0
"SRS042427.SRX020531" 0 0 0 0 0 0 0 0 0 0 0 0 0 0 0 0 0 1 4.08746284125034 0 0 0 0 0 0 9.3037807481771 0 0 0 0 0 0 0 0 0 0 0 0 0 0 0 2.8073549220576 0 0 0 0 1 0 0 0 0 0 0 0 0 2.58496250072116 0 0 9.29920801838728 0 0 0 0 7.14974711950468 0 0 0 0 2.32192809488736 0 0 0 0 0 0 0 6.4757334309664 4.75488750216347 0 0 0 0 0 0 0 0 0 0 0 0 0 1 0 0 0 0 0
"SRS042698.SRX020576" 0 0 0 0 0 0 0 0 0 0 0 0 0 0 0 0 0 1.58496250072116 4 0 0 0 0 0 0 10.1228279948077 0 0 0 0 0 0 0 0 0 0 0 0 0 0 0 1.58496250072116 0 0 0 0 0 0 0 0 0 0 0 0 0 4.08746284125034 0 0 9.01122725542325 0 0 0 0 5.7279204545632 0 0 0 0 3.90689059560852 0 0 0 0 2.32192809488736 0 0 8.83920378809694 7.53915881110803 0 0 0 0 0 0 0 0 0 0 0 0 0 3.4594316186373 0 0 0 0 0
"SRS014952.SRX020576" 1 4 0 0 0 0 0 4.85798099512757 0 0 0 0 0 0 0 0 0 6.24792751344359 7.64385618977472 0 0 2.32192809488736 0 0 0 12.8950071803687 0 0 0 0 0 0 0 0 0 0 0 0 0 0 0 4.75488750216347 0 0 0 1 2.32192809488736 3.4594316186373 0 0 0 0 0 0 0 7.15987133677839 0 0 13.1713331958351 0 0 0 3.70043971814109 10.7507069862249 0 0 0 0 6.16992500144231 2 1.58496250072116 1 0 5.4262647547021 0 0 9.97584796800678 8.14974711950468 0 0 0 0 0 0 1 0 0 2 0 0 1 12.0950673016071 0 0 0 0 0
"SRS048709.SRX020665" 0 0 0 0 0 0 0 0 0 0 0 0 0 0 0 0 0 0 0 0 0 0 0 0 0 7.31288295528436 0 0 0 0 1 0 0 0 0 0 0 0 0 0 0 1 0 0 0 0 0 0 0 0 0 0 0 0 0 1.58496250072116 0 0 7.8008998999203 0 0 0 0 5.55458885167764 0 0 0 0 7.04439411935845 0 1 0 0 0 0 0 10.0552824355012 7.29462074889163 0 0 1 0 0 0 0 0 0 0 0 0 0 7.62205181945638 0 1.58496250072116 0 0 0
"SRS065656.SRX020665" 0 0 0 0 0 0 1 0 0 0 0 0 0 0 0 0 0 1.58496250072116 0 0 0 1 0 0 0 7.56985560833095 0 0 0 0 0 0 0 0 0 0 1 0 0 0 0 3.58496250072116 0 0 0 1 0 0 0 0 0 0 0 0 0 1 0 0 8.03342300153745 0 0 0 0 8.7176764230664 0 0 0 0 6.28540221886225 0 0 2.32192809488736 0 2.58496250072116 0 0 10.9498267107591 8.55074678538324 0 0 1 0 0 0 0 0 0 1 0 0 0 1 0 0 0 0 0
"SRS063184.SRX020542" 0 0 0 0 0 0 0 0 0 0 0 0 0 0 0 0 0 0 4.4594316186373 0 0 0 0 0 0 8.12928301694497 0 0 0 0 0 0 0 0 0 0 0 0 0 0 0 3.8073549220576 0 0 0 0 1.58496250072116 0 0 0 0 0 0 0 0 1.58496250072116 0 0 8.07681559705083 0 0 0 0 6.12928301694497 0 0 0 0 4.16992500144231 0 0 0 0 1.58496250072116 0 0 6.78135971352466 5.49185309632967 0 0 0 0 0 0 0 0 0 0 0 0 0 4.52356195605701 0 0 0 0 0
"SRS056511.SRX020514" 0 0 0 0 0 0 0 0 0 0 0 0 0 0 0 0 0 5.61470984411521 5.8073549220576 0 0 0 0 0 0 9.55842071326866 0 0 2 0 0 0 0 0 0 0 0 0 0 0 0 3.32192809488736 0 0 0 1.58496250072116 1.58496250072116 0 0 0 0 0 0 0 0 2.58496250072116 0 0 10.0728025345442 0 0 0 0 5.97727992349992 0 0 0 0 7.05528243550119 1 0 2.58496250072116 0 2.8073549220576 0 0 9.12670447284319 7.876516946565 1 0 0 0 0 0 0 0 0 1.58496250072116 0 0 0 12.3481748675356 0 0 0 0 0
"SRS065544.SRX020528" 0 0 0 0 0 0 1 0 0 0 0 0 0 0 0 0 0 0 2.58496250072116 0 0 0 0 0 0 10.2082343583398 0 0 0 0 0 0 0 0 0 1 0 0 0 0 0 4.8073549220576 0 0 0 0 0 1 0 0 0 0 0 0 0 2 0 0 10.0237543532994 0 0 0 0 5.08746284125034 0 0 0 0 2.32192809488736 0 1 0 0 1 0 0 3.70043971814109 5.78135971352466 0 0 1 0 0 0 1 0 0 1.58496250072116 0 0 0 2 1.58496250072116 0 0 0 0
"SRS053775.SRX020533" 0 0 0 2.32192809488736 0 0 0 0 0 0 0 0 0 0 0 0 0 1.58496250072116 2 0 0 0 0 0 0 8.76487159073609 0 0 1 0 0 0 0 0 0 0 0 0 0 0 0 0 0 0 0 1 2 1 0 0 0 0 0 0 0 2.32192809488736 0 0 6.53915881110803 0 0 0 0 9.0389189892923 0 0 0 0 6.96578428466209 0 0 0 0 1 0 0 10.0457596613827 5.78135971352466 0 0 0 0 0 0 0 0 0 0 0 0 0 4.39231742277876 0 0 0 0 0
"SRS051778.SRX020514" 0 0 0 3.90689059560852 0 0 0 0 0 0 0 0 0 0 0 0 0 1 4.75488750216347 0 0 0 0 0 0 10.3837042924741 0 0 0 0 0 0 0 0 0 0 0 0 0 0 0 1 0 0 0 0 1 0 0 0 0 0 0 0 0 3.4594316186373 0 0 9.71252700043982 0 0 0 0 4.16992500144231 0 0 0 0 4.85798099512757 0 1 0 0 1 0 0 8.96866679319521 6.61470984411521 0 0 0 0 0 0 0 0 0 0 0 0 0 5 0 0 0 0 0
"SRS062800.SRX020528" 0 1.58496250072116 0 0 0 0 0 0 0 0 0 0 0 0 0 0 0 2 0 0 0 0 0 0 0 9.08480838780436 0 0 0 0 0 0 0 0 0 0 0 0 0 0 0 1.58496250072116 0 0 0 0 0 1 0 0 0 0 0 0 0 2.58496250072116 0 0 7.97154355395077 0 0 0 0 8.67595703294175 0 0 0 0 0 0 0 0 0 0 0 1 7.88874324889826 5.75488750216347 0 0 0 0 0 0 0 0 0 0 0 0 0 2.58496250072116 0 0 0 0 0
"SRS063776.SRX020579" 0 2 0 1 0 0 0 0 0 1 0 0 0 0 0 0 0 0 0 0 0 0 0 0 0 7.467605550083 0 0 0 0 0 0 0 0 0 0 0 0 0 0 0 2 0 0 0 0 2 1 0 0 0 0 0 0 0 1.58496250072116 0 0 5.88264304936184 0 0 0 1 6.39231742277876 0 0 0 0 5.32192809488736 0 0 1 0 1 0 0 9.66355810421727 7.85798099512757 0 0 1 0 0 0 0 0 0 1.58496250072116 0 0 0 6.37503943134692 1 0 0 0 0
"SRS064558.SRX020579" 0 1.58496250072116 0 0 0 0 0 0 0 0 0 0 0 0 0 0 0 0 3.32192809488736 0 0 1 0 0 0 9.95419631038687 0 0 0 0 0 0 0 0 0 0 0 0 0 0 0 3.8073549220576 0 0 0 0 0 0 0 0 0 0 0 0 0 1 0 0 9.82177398197057 0 0 0 0 7.53138146051631 0 0 0 0 2.32192809488736 0 2 0 0 2.32192809488736 0 0 5.32192809488736 5.28540221886225 0 0 0 0 0 0 0 0 0 0 0 0 0 3.16992500144231 0 0 0 0 0
"SRS063516.SRX020579" 1 0 0 0 0 1 0 0 0 0 0 0 0 0 0 0 0 1 0 0 0 0 0 0 0 8.96000193206808 0 0 0 0 0 0 0 0 0 0 0 0 0 0 0 2.58496250072116 0 0 0 0 1 0 0 0 0 0 0 0 0 1 0 0 8.88874324889826 0 0 0 0 4.90689059560852 0 0 0 0 5.39231742277876 0 1.58496250072116 0 0 0 0 0 7.57742882803575 4.8073549220576 0 0 0 0 0 0 0 0 0 1 0 1 0 7.62205181945638 2.32192809488736 0 0 0 0
"SRS062540.SRX020548" 0 2.32192809488736 0 0 0 0 0 0 0 0 0 0 0 0 0 0 0 0 3.8073549220576 0 0 2 0 0 0 9.73809225962049 0 0 1 0 0 1 0 0 0 0 0 0 0 0 0 1 0 0 0 0 1 1.58496250072116 0 0 0 0 0 0 0 5.39231742277876 0 0 9.01959072835788 0 0 0 0 8.40514146313634 0 0 0 0 2.58496250072116 2.32192809488736 0 1.58496250072116 0 1 0 0 7.14974711950468 5.04439411935845 0 0 0 0 0 0 0 0 0 2 0 0 0 3.16992500144231 2 0 0 0 0
"SRS014271.SRX020560" 1.58496250072116 5.08746284125034 0 0 0 0 0 0 0 0 0 0 0 0 0 0 0 0 0 0 0 3.32192809488736 2 0 0 4.52356195605701 0 0 0 0 0 0 0 0 0 0 0 0 0 0 0 2.58496250072116 0 0 0 0 1.58496250072116 0 0 0 0 0 0 0 0 0 0 0 4.08746284125034 0 0 0 0 9.13955135239879 0 0 0 0 1 0 0 1 0 0 0 2 9.56795607541547 3.58496250072116 0 0 0 0 0 0 0 0 0 0 0 0 0 0 0 0 0 0 0
"SRS022999.SRX020679" 0 1 0 0 0 0 0 0 0 0 0 0 0 0 0 0 0 2 3.32192809488736 0 0 1.58496250072116 0 0 0 9.07681559705083 0 0 0 0 1 0 0 0 0 0 0 0 0 0 0 2.32192809488736 0 0 0 0 1 0 0 0 0 0 0 0 0 1.58496250072116 0 0 8.10852445677817 0 0 0 0 7.67948009950545 0 0 0 0 6.06608919045777 1.58496250072116 0 2.32192809488736 0 3 0 0 7.52356195605701 6.52356195605701 0 0 0 0 0 0 1 0 0 0 0 1 0 7.17990909001493 0 0 0 0 0
"SRS020131.SRX020680" 1 0 0 0 0 0 0 0 0 0 0 0 0 0 0 0 0 0 2 0 1 1 0 0 0 9.66177809777199 0 0 0 0 0 0 0 0 0 0 0 0 0 0 0 1 0 0 0 0 1 2 0 0 0 0 0 0 0 3.32192809488736 0 0 9.73301532168596 0 0 0 0 7.02236781302845 0 0 0 0 1 1 0 0 0 0 0 3.70043971814109 5.88264304936184 4.08746284125034 0 0 0 0 0 0 0 0 6.39231742277876 0 0 0 0 0 1 0 0 0 0
"SRS013774.SRX020680" 0 1.58496250072116 0 0 0 0 1.58496250072116 0 0 0 0 1 0 0 0 0 0 0 0 0 0 1.58496250072116 0 0 0 8.37503943134693 0 0 0 0 1.58496250072116 0 0 0 0 0 0 0 0 0 0 0 0 0 0 0 0 1 0 0 0 0 0 0 0 1.58496250072116 0 0 7.51569983828404 0 0 0 0 5.75488750216347 0 0 0 0 3.32192809488736 1 1 1 0 0 0 2 7.57742882803575 6.44294349584873 0 0 0 0 0 0 0 0 0 1 0 0 0 4.52356195605701 0 0 0 0 0
"SRS023434.SRX020680" 0 1 0 0 0 0 0 0 0 0 0 0 0 0 0 0 0 2.32192809488736 0 0 0 0 0 0 1 8.29001884693262 0 0 0 0 0 0 0 0 0 0 0 0 0 0 0 2.32192809488736 0 0 0 0 0 0 0 0 0 0 0 0 0 0 0 0 8.48784003382305 0 0 0 0 6.55458885167764 0 0 0 0 1 0 2 0 0 0 0 0 8.40514146313634 6.2667865406949 0 0 0 0 0 0 0 0 0 0 0 0 0 7.01122725542325 0 0 0 0 0
"SRS023863.SRX020681" 1 1.58496250072116 0 1 0 0 1.58496250072116 0 0 0 0 0 0 0 0 0 0 1 2 0 0 1.58496250072116 0 0 0 8.02790599656988 0 0 0 0 0 0 0 0 0 0 0 0 0 0 0 0 0 0 0 0 0 0 0 0 0 0 0 0 0 1 0 0 8.45121111183233 0 0 0 0 7.21916852046216 0 0 0 0 6.93073733756289 1 1 0 0 2.58496250072116 0 0 7.96000193206808 6.5077946401987 0 0 0 0 0 0 0 0 0 0 0 0 0 5.20945336562895 0 0 0 0 0
"SRS022426.SRX020680" 0 2.32192809488736 0 0 0 0 0 0 0 0 0 0 0 0 0 0 0 1 0 0 0 2 0 0 0 7.21916852046216 0 0 1 0 3.32192809488736 0 0 0 0 0 0 0 0 0 0 0 0 0 0 0 1 0 0 0 0 0 0 0 0 1 0 0 4.4594316186373 0 0 0 0 8.44708322620965 0 0 0 0 4.95419631038687 1 0 1.58496250072116 0 0 0 2 9.86263735755879 6.18982455888002 0 0 0 0 0 0 0 0 0 2 0 0 0 6.08746284125034 0 1 0 0 0
"SRS024523.SRX020680" 0 0 0 0 0 0 0 0 0 0 0 0 0 0 0 0 0 2 3.16992500144231 0 0 0 0 0 0 9.67771964164101 0 0 0 0 1 0 0 0 0 0 0 0 0 0 0 2.8073549220576 0 0 0 0 0 0 0 0 0 0 0 0 0 1.58496250072116 0 0 9.14720492494223 0 0 0 0 6.62935662007961 0 0 0 0 3.32192809488736 0 1 0 0 0 0 1 8.48381577726426 6.53915881110803 0 0 0 0 0 0 0 0 0 0 0 0 0 4.32192809488736 0 0 0 0 0
"SRS023500.SRX020681" 0 0 0 0 0 1 0 0 0 0 0 0 0 0 0 0 0 0 2.8073549220576 0 0 1.58496250072116 0 0 0 9.03066713624694 0 0 0 0 1 0 0 0 0 0 0 0 0 0 0 2.32192809488736 0 0 0 0 0 0 1 0 0 0 0 0 0 0 0 0 8.11894107272351 0 0 0 0 5.39231742277876 0 0 0 0 1.58496250072116 1.58496250072116 1.58496250072116 1 0 1 0 1 5.8073549220576 6.75488750216347 0 0 0 0 0 0 0 0 0 0 0 0 0 0 0 0 0 0 0
"SRS048045.SRX020681" 0 1 0 0 0 0 0 0 0 0 0 0 0 0 0 0 0 1 2.58496250072116 0 0 1 0 0 0 8.64745842645492 0 0 0 0 0 0 0 0 0 0 0 0 0 0 0 2.58496250072116 0 0 0 0 0 0 0 0 0 0 0 0 0 1 0 0 8.37937836707126 0 0 0 0 4.95419631038687 0 0 0 0 4.16992500144231 0 0 0 0 0 0 0 4.95419631038687 6.4093909361377 0 0 0 0 0 0 0 0 0 0 0 0 0 3.8073549220576 2 0 0 0 0
"SRS042197.SRX020681" 0 0 0 0 0 0 0 0 0 0 0 0 0 0 0 0 0 0 1.58496250072116 0 0 1 0 0 0 7.55458885167764 0 0 0 0 0 0 0 0 0 0 0 0 0 0 0 0 0 0 0 0 0 0 0 0 0 0 0 0 0 2.8073549220576 0 0 8.04984854945056 0 0 0 0 6.95419631038687 0 0 0 0 6.08746284125034 0 0 0 0 0 0 1.58496250072116 8.42206476617281 7.4093909361377 0 0 0 0 0 0 0 0 0 1 0 0 0 6.12928301694497 0 0 0 0 0
"SRS021613.SRX020683" 0 0 0 0 0 0 0 0 0 0 0 0 0 0 0 0 0 0 1 0 0 0 0 0 0 7.94251450533924 0 0 0 0 0 0 0 0 0 0 0 0 0 0 0 2 0 0 0 0 1 1.58496250072116 0 0 0 0 0 0 0 1 0 0 7 0 0 0 1 6.20945336562895 0 0 0 0 3 0 1 0 0 0 0 0 7.98299357469431 7 0 0 0 0 0 0 0 0 0 0 0 1 0 7.27612440527424 0 0 0 0 0
"SRS048045.SRX020683" 0 2 0 0 0 0 0 0 0 0 0 0 0 0 0 0 0 2 4 0 0 1.58496250072116 0 0 0 9.24317398347295 0 0 0 0 0 0 0 0 0 0 0 0 0 0 0 4.32192809488736 0 0 0 0 0 0 0 0 0 0 0 0 0 1.58496250072116 0 0 8.76155123244448 0 0 0 1 5.4594316186373 0 0 0 0 4.08746284125034 1 0 0 0 0 0 0 5.88264304936184 6.62935662007961 0 0 0 0 0 0 0 0 0 0 0 0 0 3.8073549220576 2.32192809488736 0 0 0 0
"SRS062479.SRX020684" 0 0 0 1.58496250072116 0 0 0 0 0 0 0 0 0 0 0 0 0 1 1.58496250072116 0 0 0 0 0 0 10.6174674652942 0 0 0 0 0 0 0 0 0 0 0 0 0 0 0 2.8073549220576 0 0 0 0 0 0 0 0 0 0 0 0 0 3 0 0 9.62388149001346 0 0 0 1.58496250072116 5.58496250072116 0 0 0 0 0 0 0 0 0 0 0 0 0 5.24792751344359 0 0 0 0 0 0 0 0 0 0 0 0 0 4.85798099512757 0 0 0 0 0
"SRS053664.SRX020684" 0 2.32192809488736 0 0 0 0 1 1 0 0 0 0 0 0 0 0 0 1.58496250072116 0 0 0 1.58496250072116 0 0 0 8.7176764230664 0 0 0 0 1.58496250072116 0 0 0 0 0 0 0 0 0 0 1 0 0 0 0 0 1 0 0 0 0 0 0 0 0 0 0 7.14974711950468 0 0 0 0 7.96000193206808 0 0 0 0 4.4594316186373 1 1.58496250072116 0 0 0 0 0 10.5651020783603 8.39660478118186 0 0 0 0 0 0 1.58496250072116 0 0 2.8073549220576 0 1 0 7.91288933622996 3.32192809488736 0 0 0 0
"SRS045934.SRX020684" 0 1.58496250072116 0 0 0 0 1 0 0 0 0 0 0 0 0 0 0 2 1 0 0 2 0 0 0 8.78463484555752 0 0 0 0 0 0 0 0 0 0 0 0 0 0 0 3.58496250072116 0 0 0 0 0 1 0 0 0 0 0 0 0 3.90689059560852 0 0 8.4178525148859 0 0 0 0 6.64385618977472 0 0 0 0 6.35755200461808 2 0 0 0 1 0 1 10.8864586957037 6.68650052718322 0 0 0 0 0 0 0 0 0 2.58496250072116 0 0 0 7.67948009950545 0 0 0 0 0
"SRS052128.SRX020684" 0 3.4594316186373 0 0 0 0 0 0 0 0 0 0 0 0 0 0 0 1 0 0 0 2.32192809488736 0 0 0 9.15734693536284 0 0 0 0 1 0 0 0 0 0 0 0 0 0 0 1 0 0 0 0 1.58496250072116 0 0 0 0 0 0 0 0 3 0 0 6.4262647547021 0 0 0 0 8.55458885167764 0 0 0 0 3.8073549220576 2.58496250072116 1.58496250072116 1 0 0 0 0 9.34872815423108 8.18982455888002 0 0 0 0 0 0 0 0 0 1 0 0 0 6.4262647547021 0 0 0 0 0
"SRS047918.SRX020685" 0 1.58496250072116 0 0 0 0 0 0 0 0 0 0 0 0 0 0 0 0 0 0 0 0 0 0 0 7.57742882803575 0 0 0 0 0 0 0 0 0 0 0 0 0 0 0 2.32192809488736 0 0 0 0 0 0 0 0 0 0 0 0 0 0 0 0 4.85798099512757 0 0 0 0 5.8073549220576 0 0 0 0 4.32192809488736 0 0 0 0 0 0 1 8.53138146051631 7.04439411935845 0 0 0 0 0 0 0 0 0 2 0 0 0 7.44294349584873 1 0 0 0 0
"SRS050410.SRX020685" 0 1 0 0 0 0 0 0 0 0 0 0 0 0 0 0 0 1.58496250072116 0 0 0 0 0 0 0 7.83289001416474 0 0 0 0 0 0 0 0 0 0 0 0 0 0 0 2 0 0 0 0 0 0 0 0 0 0 0 0 0 0 0 0 7.63662462054365 1 0 0 0 6.55458885167764 0 0 0 0 3 0 0 0 0 0 0 0 8.55074678538324 5.4594316186373 0 0 0 0 0 0 0 0 0 0 0 0 0 8.48784003382305 2 0 0 0 0
"SRS058192.SRX020686" 1 3.32192809488736 0 0 0 0 1 0 0 0 0 0 0 0 0 0 0 1 1 0 0 1 0 0 0 7.5077946401987 0 0 0 0 1 0 0 0 0 0 0 0 0 0 0 2.58496250072116 0 0 0 0 1 1.58496250072116 0 0 0 0 0 0 0 2 0 0 7.78135971352466 0 0 0 0 5.7279204545632 0 0 0 0 2.8073549220576 0 0 1 0 0 0 0 8.12412131182919 6.44294349584873 0 0 0 0 0 0 0 0 0 2 0 0 0 1.58496250072116 2 0 0 0 0
"SRS046383.SRX020686" 0 1 0 0 0 0 0 0 0 0 0 0 0 0 0 0 0 2.8073549220576 1.58496250072116 0 0 0 0 0 0 9.33315535031062 0 0 0 0 0 0 0 0 0 0 0 0 0 0 0 4.16992500144231 0 0 0 0 0 1 0 0 0 0 0 0 0 1.58496250072116 0 0 9.87190523765919 0 0 0 0 7.5077946401987 0 0 0 0 2.8073549220576 1 1.58496250072116 0 0 1 0 0 6.97727992349992 5.04439411935845 0 0 0 0 0 0 0 0 0 1 0 0 0 9.39016895620018 0 0 0 0 0
"SRS042888.SRX020687" 0 3 0 0 0 1.58496250072116 0 0 0 0 0 0 0 0 0 0 0 0 2.8073549220576 0 0 3.90689059560852 0 0 0 10.2992080183873 0 0 2.32192809488736 0 2.32192809488736 0 0 0 0 0 0 0 0 0 0 2 0 0 0 0 1 0 0 0 0 0 0 0 0 3.16992500144231 0 0 8.61838550225861 0 0 0 0 8.16490692667569 0 0 0 0 4.8073549220576 3 0 1 0 0 0 1 9.64024493622235 5.70043971814109 0 0 0 0 0 0 1 0 0 2.32192809488736 0 0 0 1 2.32192809488736 0 0 0 0
"SRS045214.SRX020687" 0 2 0 0 0 1 0 0 0 0 0 0 0 0 0 0 0 0 0 0 0 1.58496250072116 0 0 0 9.16239132875691 0 0 0 0 0 0 0 0 0 0 0 0 0 0 0 3 0 0 0 0 1 1 0 0 0 0 0 0 0 0 0 0 10.0861362250273 0 0 0 0 5.90689059560852 0 0 0 0 7.27612440527424 0 0 0 0 0 0 1 8.53915881110803 8.98868468677217 0 0 0 0 0 0 0 0 0 2.32192809488736 0 0 0 8.04984854945056 1 0 0 0 0
"SRS053439.SRX020687" 0 0 0 0 0 0 0 0 0 0 0 0 0 0 0 0 0 1 0 0 0 1.58496250072116 0 0 0 8.62570884306447 0 0 0 0 0 0 0 0 0 0 0 0 0 0 0 0 0 0 0 0 2 0 0 0 0 0 0 0 0 1 0 0 7.39231742277876 0 0 0 0 8.2807707701306 0 0 0 0 6.79441586635011 0 0 0 0 1.58496250072116 0 0 9.11113567023471 7.8008998999203 0 0 0 0 0 0 0 0 0 0 0 0 0 8.4797802640291 0 0 0 0 0
"SRS062575.SRX020689" 0 1 0 1 0 0 0 0 0 0 0 0 0 0 0 0 0 1 2 0 0 0 0 0 0 8.44708322620965 0 0 0 0 0 0 0 0 0 0 0 0 0 0 0 3 0 0 0 0 0 0 0 0 0 0 0 0 0 5.16992500144231 0 0 7.77478705960117 0 0 0 0 7.24792751344359 0 0 0 0 3 0 0 0 0 0 0 0 8.23840473932508 5.55458885167764 0 0 0 0 0 0 0 0 0 0 0 0 0 6.65821148275179 0 0 0 0 0
"SRS011359.SRX020515" 2.8073549220576 5.28540221886225 0 0 0 0 1.58496250072116 1 0 0 0 0 0 0 0 0 0 2 4.85798099512757 0 0 3 0 0 0 10.0993478104032 0 0 0 0 3.16992500144231 0 0 0 0 0 0 0 0 0 0 3.4594316186373 0 0 0 0 0 3.16992500144231 0 0 0 0 0 0 0 4.58496250072116 0 0 9.49785183695112 0 0 0 1 10.3553510964248 0 0 0 0 7.45121111183233 4.8073549220576 1.58496250072116 1.58496250072116 0 0 0 3.4594316186373 10.8241632097442 8.82654848729091 0 0 0 0 0 0 1 0 0 2.8073549220576 0 0 0 7.54689445988764 5.12928301694497 0 0 0 0
"SRS046022.SRX020533" 0 0 0 0 0 1 0 0 0 0 0 0 0 0 0 0 0 0 3.8073549220576 0 0 0 0 0 0 9.31288295528435 0 0 0 0 2 0 0 0 0 0 0 0 0 0 0 1.58496250072116 0 0 0 0 0 0 0 0 0 0 0 0 0 1.58496250072116 0 0 9.68650052718322 0 0 0 0 6.02236781302845 0 0 0 0 6.4262647547021 0 1 1 0 2.8073549220576 0 2 7.77478705960117 5.32192809488736 0 0 0 0 0 0 0 0 0 0 0 0 0 4.24792751344359 0 0 0 0 0
"SRS047607.SRX020533" 0 1.58496250072116 0 0 0 0 0 0 0 0 0 0 0 0 0 0 0 2 4.24792751344359 0 0 0 0 0 0 9.57742882803575 0 0 0 0 0 0 0 0 0 0 0 0 0 0 0 3.70043971814109 0 0 0 0 0 0 0 0 0 0 0 0 0 1 0 0 9.51372759595244 0 0 0 0 5.16992500144231 0 0 0 0 0 0 0 0 0 0 0 0 5.88264304936184 5.28540221886225 0 0 0 0 0 0 0 0 0 0 0 0 0 3.8073549220576 0 0 0 0 0
"SRS064261.SRX020579" 0 1 0 0 0 0 2.32192809488736 0 0 0 0 0 0 0 0 0 0 3.8073549220576 0 0 0 0 0 0 0 7.76818432477693 0 0 0 0 1.58496250072116 0 0 0 0 0 0 0 0 0 0 3 0 0 0 1 0 0 0 0 0 0 0 0 0 0 0 0 8.11374216604919 0 0 0 0 3.8073549220576 0 0 0 0 6.12928301694497 1 1 0 0 1 0 0 8.54689445988764 8.2336196767597 0 0 0 0 0 0 0 0 0 2.58496250072116 0 0 0 3.32192809488736 1 0 0 0 0
"SRS023803.SRX021470" 0 0 0 0 0 0 0 0 0 0 0 0 0 0 0 0 0 0 0 0 0 0 0 0 0 7.66533591718518 1 0 0 0 0 0 0 0 0 0 0 0 0 0 0 0 0 0 0 0 0 0 0 0 0 0 0 0 0 2.32192809488736 0 0 6.93073733756289 0 0 0 0 1 0 0 0 0 3.4594316186373 0 0 0 0 0 0 0 6.97727992349992 6.56985560833095 0 0 0 0 0 0 0 0 0 1 0 0 0 0 0 0 0 0 0
"SRS057759.SRX021470" 0 0 0 0 0 0 0 0 0 0 0 0 0 0 0 0 0 0 0 0 0 0 0 0 0 5.97727992349992 0 0 0 0 0 0 0 0 0 0 0 0 0 0 0 1.58496250072116 0 0 0 0 0 0 0 0 0 0 0 0 0 0 0 0 7.51569983828404 0 0 0 0 1 0 0 0 0 5.75488750216347 0 0 2 0 1 0 0 7.57742882803575 7.13955135239879 0 0 0 0 0 0 0 0 0 0 0 0 0 3.32192809488736 2.32192809488736 0 0 0 0
"SRS058627.SRX021470" 0 1.58496250072116 0 0 0 1 0 1 0 0 0 0 0 0 0 0 0 0 0 0 0 0 0 0 0 6.68650052718322 0 0 0 0 0 0 0 0 0 0 0 0 0 0 0 1 0 0 0 0 0 0 0 0 0 0 0 0 0 1.58496250072116 0 0 7.14974711950468 0 0 0 0 0 0 0 0 0 6.04439411935845 1 0 1 0 0 0 0 7.84549005094437 8.21916852046216 0 0 0 0 0 0 0 0 0 0 0 0 0 0 2 0 0 0 0
"SRS047149.SRX022036" 0 1.58496250072116 0 0 0 0 0 0 0 0 0 0 0 0 0 0 0 0 0 0 0 1.58496250072116 0 0 0 2.58496250072116 0 0 0 0 0 0 0 0 0 0 0 0 0 0 0 0 0 0 0 0 0 0 0 0 0 0 0 0 0 0 0 0 0 0 0 0 0 1 0 0 0 0 0 1.58496250072116 0 1 0 0 0 3.58496250072116 7.36632221424582 1.58496250072116 0 0 1 0 0 0 0 0 0 0 0 0 0 1.58496250072116 1.58496250072116 0 0 0 0
"SRS023683.SRX022223" 0 2 0 0 0 0 0 0 0 0 0 0 0 0 0 0 0 1 1.58496250072116 0 0 0 0 0 0 7.82654848729092 0 0 1.58496250072116 0 0 0 0 0 0 0 0 0 0 0 0 0 0 0 0 0 0 0 0 0 0 0 0 0 0 0 0 0 7.876516946565 0 0 0 0 0 0 0 0 0 5.28540221886225 1 1 1 0 0 0 3.58496250072116 9.75655632252409 5.20945336562895 0 0 0 0 0 0 0 0 0 0 0 0 0 8.97727992349992 0 0 0 0 0
"SRS022747.SRX022226" 0 1 0 0 0 0 1 0 0 0 0 0 0 0 0 0 0 1.58496250072116 0 0 0 0 0 0 0 2.32192809488736 0 0 0 0 0 0 0 0 0 0 0 0 0 0 0 0 0 0 0 0 0 0 0 0 0 0 0 0 0 0 0 0 5.4262647547021 0 0 0 0 0 0 0 0 0 4.8073549220576 0 0 2 0 0 0 0 8.31741261376487 4.85798099512757 0 0 0 0 0 0 0 0 0 2 0 0 0 10.2443638351205 0 0 0 0 0
"SRS023254.SRX022223" 0 0 0 0 0 0 0 0 0 0 0 0 0 0 0 0 0 1 0 0 0 0 0 0 0 4.64385618977472 0 0 0 0 0 0 0 0 0 0 0 0 0 0 0 0 0 0 0 0 0 0 0 0 0 0 0 0 0 0 0 0 1.58496250072116 0 0 0 0 0 0 0 0 0 4.52356195605701 0 0 0 0 0 0 0 8.4757334309664 6.4757334309664 0 0 0 0 0 0 0 0 0 0 0 0 0 3 0 0 0 0 0
"SRS023118.SRX022226" 0 1 0 0 0 0 1 0 0 0 0 0 0 0 0 0 0 0 1 0 0 0 0 0 0 8.38801728534514 0 0 1 0 0 0 0 0 0 0 0 0 0 0 0 2 0 0 0 0 0 0 0 0 0 0 0 0 0 1 0 0 8.14465824283188 0 0 0 0 1 0 0 0 0 2.32192809488736 0 0 1 0 1 0 1.58496250072116 7.62205181945638 4.8073549220576 0 0 0 0 0 0 0 0 0 0 0 0 0 5.4262647547021 0 0 0 0 0
"SRS045922.SRX022227" 0 0 0 0 0 0 0 0 0 0 0 0 0 0 0 0 0 0 0 0 0 0 0 0 0 0 0 0 0 0 0 0 0 0 0 0 0 0 0 0 0 0 0 0 0 0 1 0 0 0 0 0 0 0 0 0 0 0 1 0 0 0 0 0 0 0 0 0 3 0 0 0 0 0 0 0 7.40087943628218 6.33985000288462 0 0 0 0 0 0 0 0 0 0 0 0 0 7.70735913208088 0 0 0 0 0
"SRS056219.SRX022227" 0 0 0 0 0 0 0 0 0 0 0 0 0 0 0 0 0 1 0 0 0 0 0 0 0 0 0 0 0 0 0 0 0 0 0 0 0 0 0 0 0 1 0 0 0 0 0 0 0 0 0 0 0 0 0 0 0 0 4.08746284125034 0 0 0 0 0 0 0 0 0 4.16992500144231 0 0 0 0 0 0 0 6.33985000288462 3.16992500144231 0 0 0 0 0 0 0 0 0 0 0 0 0 9.57364718749332 0 0 0 0 0
"SRS020995.SRX022235" 1 0 0 0 0 0 0 0 0 0 0 0 0 0 0 0 0 0 0 0 0 0 0 0 0 3.90689059560852 0 0 0 0 0 0 0 1 0 0 0 0 0 0 0 0 0 0 0 0 1.58496250072116 0 0 0 0 0 0 0 0 0 0 0 2.58496250072116 0 0 0 0 1 0 0 0 0 0 1 0 1 1 0 0 3.16992500144231 8.06069593168755 3 0 0 0 0 0 1 0 0 0 0 0 0 0 2.32192809488736 3 0 0 0 0
"SRS020653.SRX022230" 0 0 0 0 0 0 0 0 0 0 0 0 0 0 0 0 0 0 0 0 0 0 0 0 0 3.70043971814109 0 0 0 0 0 0 0 0 0 0 0 0 0 0 0 0 0 0 0 0 0 0 0 0 0 0 0 0 0 0 0 0 2.8073549220576 0 0 0 0 0 0 0 0 0 4.64385618977472 1.58496250072116 0 3.16992500144231 0 0 0 0 6.4262647547021 5.64385618977472 0 0 0 0 0 0 0 0 0 1 0 0 0 2 2 0 0 0 0
"SRS021316.SRX022235" 0 1 0 0 0 0 0 0 0 0 0 0 0 0 0 0 0 0 0 0 0 0 0 0 0 6.82017896241519 0 0 0 0 0 0 0 0 0 0 0 0 0 0 0 1 0 0 0 0 0 0 0 0 0 0 0 0 0 1 0 0 5.90689059560852 0 0 0 0 1 0 0 0 0 0 0 0 0 0 0 0 0 6.62935662007961 4.39231742277876 0 0 0 0 0 0 0 0 0 0 0 0 0 7.10852445677817 0 0 0 0 0
"SRS021439.SRX022239" 0 0 0 0 0 0 0 0 0 0 0 0 0 0 0 0 0 0 1 0 0 0 0 0 0 4.52356195605701 0 0 0 0 1.58496250072116 0 0 0 0 0 0 0 0 0 0 0 0 0 0 0 0 0 0 0 0 0 0 0 0 0 0 0 4.39231742277876 0 0 0 0 0 0 0 0 0 4.24792751344359 0 0 0 0 0 0 0 7.43462822763672 6 0 0 0 0 0 0 0 0 0 0 0 0 0 2.32192809488736 0 0 0 0 0
"SRS021376.SRX022239" 0 0 0 0 0 0 0 1 0 0 0 0 0 0 0 0 0 0 0 0 0 0 0 0 0 4.70043971814109 0 0 0 0 0 0 0 0 0 0 0 0 0 0 0 0 0 0 0 0 0 1 0 0 0 0 0 0 0 0 0 0 4.24792751344359 0 0 0 0 1 0 0 0 0 4 0 0 0 0 0 0 0 7.88264304936184 6.76818432477693 0 0 0 0 0 0 0 0 0 0 0 0 0 1.58496250072116 0 0 0 0 0
"SRS022303.SRX022231" 0 0 0 0 0 0 0 0 0 0 0 0 0 0 0 0 0 0 0 0 0 0 0 0 0 4.75488750216347 0 0 0 0 0 0 0 0 0 0 0 0 0 0 0 0 0 0 0 0 1 0 0 0 0 0 0 0 0 0 0 0 7.32192809488736 0 0 0 0 0 0 0 0 0 3.16992500144231 0 0 0 0 0 0 0 8.36632221424582 7.49185309632967 0 0 0 0 0 0 0 0 0 0 0 0 0 7.91886323727459 0 0 0 0 0
"X700015199.V35.241719" 0 0 0 0 0 0 1 0 0 0 0 0 0 0 0 0 0 1 1 0 0 1 0 0 0 6.33985000288462 0 0 0 0 0 0 0 0 0 0 0 0 0 0 0 1.58496250072116 0 0 0 0 0 0 0 0 0 0 0 0 0 1 0 0 5.70043971814109 0 0 0 0 5.70043971814109 0 0 0 0 5.97727992349992 0 0 0 0 0 0 1 10.0014081943928 4.95419631038687 0 0 0 0 0 0 0 0 0 1 0 0 0 7.86418614465428 0 0 0 0 0
"X700014529.V35.241762" 0 0 0 0 0 0 0 0 0 0 0 0 0 0 0 0 0 1 0 0 0 0 0 0 0 6.16992500144231 0 0 0 0 0 0 0 0 0 0 0 0 0 0 0 1.58496250072116 0 0 0 0 0 0 0 0 0 0 0 0 0 0 0 0 5.28540221886225 0 0 0 0 5.32192809488736 0 0 0 0 3.4594316186373 0 1 0 0 0 0 0 9.43462822763673 5.61470984411521 0 0 0 0 0 0 0 0 0 0 0 0 0 7.34872815423108 0 0 0 0 0
"X700014411.V35.241827" 0 0 0 0 0 0 0 1 0 0 0 0 0 0 1 0 0 0 1 0 0 1.58496250072116 0 0 0 7.32192809488736 0 0 0 0 0 0 0 0 0 0 0 0 0 0 0 0 0 0 0 0 0 0 0 0 0 0 0 0 0 0 0 0 8.29920801838728 0 0 0 0 5.97727992349992 0 0 0 0 0 0 0 0 0 0 0 2 7.82654848729092 4.08746284125034 0 0 0 0 0 0 0 0 4.32192809488736 0 0 0 0 4.64385618977472 0 0 0 0 0
"X700015463.V35.241665" 0 4 0 0 0 0 0 0 0 0 0 0 0 0 0 0 0 0 0 0 0 3.16992500144231 0 0 0 8.95419631038687 1 0 0 0 0 0 0 0 0 0 0 0 0 0 0 1.58496250072116 0 0 0 0 0 0 1 0 0 0 0 0 0 0 0 0 7.21916852046216 0 0 0 0 5.16992500144231 0 0 0 0 1.58496250072116 2.8073549220576 0 2.58496250072116 0 0 0 0 7.97727992349992 4.24792751344359 0 0 1 0 0 0 2 0 0 1.58496250072116 0 2 0 2 0 0 0 0 0
"X700015088.V35.241773" 0 0 0 0 0 1 0 0 0 0 0 0 0 0 0 0 0 0 1.58496250072116 0 0 0 0 0 0 8.62205181945638 0 0 1 0 0 0 0 0 0 0 0 0 0 0 0 2 0 0 0 0 0 0 1 0 0 0 0 0 0 1 0 0 6.58496250072116 0 0 0 0 6.10852445677817 0 0 0 0 3.8073549220576 0 0 2.58496250072116 0 0 0 1.58496250072116 9.211888294546 5.58496250072116 0 0 0 0 0 0 0 0 0 2.32192809488736 0 0 0 9.49585502688717 0 0 0 0 0
"X700015722.V35.241804" 0 2.32192809488736 0 2.32192809488736 0 0 0 0 0 0 0 0 0 0 0 0 0 0 0 0 0 0 0 0 0 6.56985560833095 0 0 0 0 0 0 0 0 0 0 0 0 0 0 0 0 0 0 0 0 0 0 0 0 0 0 0 0 0 3.8073549220576 0 0 4.32192809488736 0 0 0 0 8.4178525148859 0 0 0 0 0 2.32192809488736 0 2.32192809488736 0 0 0 0 1 2.32192809488736 0 0 0 0 0 0 0 0 0 0 0 1 0 0 0 0 0 0 0
"X700014929.V35.241820" 0 0 0 0 0 0 0 0 0 0 0 0 0 0 0 0 0 0 0 0 0 0 0 0 0 7.95419631038687 0 0 0 0 0 0 0 0 0 0 0 0 0 0 0 1 0 0 0 0 1 1 0 0 0 0 0 0 0 1 0 0 6.90689059560852 0 0 0 0 6.71424551766612 0 0 0 0 5.8073549220576 1.58496250072116 2 0 0 0 0 1.58496250072116 9.67948009950545 5.93073733756289 0 0 0 0 0 0 0 0 0 2.8073549220576 0 1 0 8.87344411251538 0 0 0 0 0
"X700014410.V35.241827" 0 2 0 0 0 0 0 1 0 0 0 0 0 0 0 0 0 1.58496250072116 1 0 0 1 0 0 0 10.1446582428319 0 0 0 0 0 0 0 0 0 0 0 0 0 0 0 2 0 0 0 0 0 2.32192809488736 0 0 0 0 0 0 0 3.70043971814109 0 0 10.5137275959524 0 0 0 0 9.85174904141606 0 0 0 0 0 1.58496250072116 0 1 0 0 0 3.8073549220576 9.60177078840771 5.52356195605701 0 0 0 0 0 0 0 0 6.35755200461808 1 0 0 0 7.17990909001493 0 0 0 0 0
"X700015462.V35.241665" 0 0 0 0 0 0 0 0 0 0 0 0 0 0 0 0 0 0 0 0 0 0 0 0 0 6.78135971352466 0 0 0 0 0 0 0 0 0 0 0 0 0 0 0 1 0 0 0 0 0 0 0 0 0 0 0 0 0 0 0 0 4.64385618977472 0 0 0 0 1 0 0 0 0 1 1.58496250072116 0 1 0 0 0 0 5.16992500144231 3.70043971814109 0 0 0 0 0 0 0 0 0 0 0 0 0 0 0 0 0 0 0
"X700016318.V35.241673" 0 0 0 0 0 0 0 0 0 0 0 0 0 0 0 0 0 0 1 0 0 1 0 0 0 7.06608919045777 0 0 0 0 1 0 0 0 0 0 0 0 0 0 0 1 0 0 0 0 0 0 0 0 0 0 0 0 0 0 0 0 6.8703647195834 0 0 0 0 1 0 0 0 0 1.58496250072116 0 0 0 0 0 0 0 3.58496250072116 3.70043971814109 0 0 0 0 0 0 0 0 0 0 0 1 0 2.58496250072116 0 0 0 0 0
"X700014928.V35.241820" 0 0 0 0 0 0 0 0 0 0 0 0 0 0 0 0 0 1 0 0 0 0 0 0 0 6.56985560833095 0 0 0 0 0 0 0 0 0 0 0 0 0 0 0 1 0 0 0 0 0 0 0 0 0 0 0 0 0 0 0 0 6.14974711950468 0 0 0 1 4.08746284125034 0 0 0 0 4.08746284125034 0 0 0 0 0 0 1 8.35314682549808 5.58496250072116 0 0 0 0 0 0 0 0 0 2.32192809488736 0 1 0 7.6724253419715 0 0 0 0 0
"X700015264.V35.241748" 0 0 0 0 0 0 0 0 0 0 0 0 0 0 0 0 0 0 0 0 0 0 0 0 0 4.70043971814109 0 0 0 0 0 0 0 0 0 0 0 0 0 0 0 0 0 0 0 0 0 2.58496250072116 0 0 0 0 0 0 0 1 0 0 5.8073549220576 0 0 0 0 3 0 0 0 0 0 0 0 0 0 0 0 0 7.83289001416474 6.02236781302845 0 0 0 0 0 0 0 0 0 0 0 0 0 9.54882190845875 0 0 0 0 0
"X700015087.V35.241773" 0 0 0 0 0 0 0 0 0 0 0 0 0 0 0 0 0 0 0 0 0 0 0 0 0 6.68650052718322 0 0 0 0 0 0 0 0 0 0 0 0 0 0 0 0 1 0 0 0 0 0 0 0 0 0 0 0 0 0 0 0 4.85798099512757 0 0 0 0 2.8073549220576 0 0 0 0 1 0 0 0 0 0 0 1 7.90689059560852 5.12928301694497 0 0 0 0 0 0 0 0 0 0 0 0 0 8.03342300153745 0 0 0 0 0
"X700015998.V35.241834" 0 0 0 0 0 0 0 0 0 0 0 0 0 0 0 0 0 0 0 0 0 0 0 0 0 7.65105169117893 0 0 1 0 0 0 0 0 0 0 0 0 0 0 0 0 0 0 0 0 0 0 0 0 0 0 0 0 0 0 0 0 8.36194377373524 0 0 0 0 3.4594316186373 0 0 0 0 3.16992500144231 1 0 0 0 0 0 0 9.39016895620018 7.35755200461808 0 0 0 0 0 0 0 0 0 0 0 0 0 4.08746284125034 0 0 0 0 0
"X700033165.V35.241783" 0 1.58496250072116 0 0 0 0 0 1 0 0 0 0 0 0 0 0 0 1.58496250072116 5.16992500144231 0 0 0 0 0 0 9.3037807481771 0 0 1 0 0 0 0 0 0 0 0 0 0 0 0 3.70043971814109 0 0 0 0 0 0 0 0 0 0 0 0 0 1.58496250072116 0 0 8.61838550225861 0 0 0 0 5.55458885167764 0 0 0 0 7.18982455888002 0 0 1.58496250072116 0 2.32192809488736 0 0 8.6582114827518 6.8703647195834 0 0 0 0 0 0 0 0 0 3.16992500144231 0 0 0 6.39231742277876 4.08746284125034 0 0 0 0
"X700016062.V35.241709" 0 2.58496250072116 0 0 0 0 0 0 0 0 0 0 0 0 0 0 0 0 7.25738784269265 0 0 0 0 0 0 10.609178738142 0 0 2 0 0 0 0 0 0 0 0 0 0 0 0 3.16992500144231 0 0 0 0 2 0 0 0 0 0 0 0 0 3 0 0 9.55074678538324 0 0 0 0 9.95419631038687 0 0 0 0 3.4594316186373 2.8073549220576 2.32192809488736 2.58496250072116 0 0 0 0 7.65821148275179 8.74146698640115 0 0 0 0 0 0 0 0 0 1.58496250072116 0 0 0 1 2.58496250072116 0 0 0 0
"X700033760.V35.241764" 0 0 0 0 0 0 0 0 0 0 0 0 0 0 0 0 0 2.32192809488736 1.58496250072116 0 0 1 0 0 0 9.20212382383046 0 0 0 0 0 0 0 0 0 0 0 0 0 0 0 4.52356195605701 0 0 0 0 0 0 0 0 0 0 0 0 0 1 0 0 8.37937836707126 0 0 0 0 6.53915881110803 0 0 0 0 7.4178525148859 0 0 0 0 1.58496250072116 0 0 8.64745842645492 8.04439411935845 0 0 0 0 0 0 0 0 0 0 0 0 0 8.44294349584873 0 0 0 0 0
"X700014528.V35.241762" 0 1 0 0 0 0 0 0 0 0 0 0 0 0 0 0 0 3.4594316186373 0 0 0 1 0 0 0 8.53138146051631 0 0 1 0 1 0 0 0 0 0 0 0 0 0 0 4 0 0 0 0 0 1 0 0 0 0 0 0 0 0 0 0 7 0 0 0 0 8.5352753766208 0 0 0 0 5.28540221886225 0 0 1 0 0 0 0 10.6995724532873 7.52356195605701 0 0 0 0 0 0 0 0 0 2.32192809488736 0 0 0 9.82495874052852 1 0 0 0 0
"X700015198.V35.241719" 0 1 0 0 0 0 0 0 0 0 0 0 0 0 0 0 0 2.32192809488736 1.58496250072116 0 0 0 0 0 0 7.33091687811462 0 0 0 0 1 0 0 0 0 0 0 0 0 0 0 1.58496250072116 0 0 0 0 0 1 0 0 0 0 0 0 0 0 0 0 5.97727992349992 0 0 0 0 6.7279204545632 0 0 0 0 6.16992500144231 1 0 1 0 0 0 3 9.73809225962049 5.75488750216347 0 0 0 0 0 0 0 0 0 1 0 0 0 8.16490692667569 0 0 0 0 0
"X700015132.V35.241755" 0 1 0 0 0 0 0 0 0 0 0 0 0 0 0 0 0 0 5.32192809488736 0 0 0 0 0 0 9.15734693536284 0 0 0 0 0 0 0 0 0 0 0 0 0 0 0 3.32192809488736 0 0 0 0 1 0 0 0 0 0 0 0 0 0 0 0 9.68650052718322 0 0 0 1 5.55458885167764 0 0 0 0 3.4594316186373 0 0 0 0 2.8073549220576 0 0 6.61470984411521 5.7279204545632 0 0 0 0 0 0 0 0 0 0 0 0 0 2.32192809488736 2.58496250072116 0 0 0 0
"X700014732.V35.241810" 0 1 0 1 0 0 0 0 0 0 0 0 0 0 0 0 0 0 1.58496250072116 0 0 0 0 0 0 9.10328780841202 0 0 0 0 0 0 0 0 0 0 0 0 0 0 0 1 0 0 0 0 0 0 0 0 0 0 0 0 0 3.32192809488736 0 0 7.99435343685886 0 0 0 0 9.19967234483636 0 0 0 0 4.52356195605701 0 0 0 0 0 0 0 6.93073733756289 5.04439411935845 0 0 0 0 0 0 0 0 0 0 0 0 0 3.32192809488736 0 0 0 0 0
"SRS018202.SRX019639" 0 0 0 0 0 0 0 0 0 0 0 0 0 0 0 0 0 1 0 0 0 2 0 0 0 6.64385618977472 0 0 0 0 1 0 0 0 0 0 0 0 0 0 0 1.58496250072116 0 0 0 0 1 0 0 0 0 0 0 0 0 0 0 0 6.59991284218713 0 0 0 0 7.08746284125034 0 0 0 0 6.68650052718322 0 0 0 0 0 0 0 7.51569983828404 6.71424551766612 0 0 0 0 0 0 0 0 0 2.32192809488736 0 0 0 3.58496250072116 2 0 0 0 0
"SRS050362.SRX020560" 0 0 0 0 0 0 1 0 0 0 0 0 0 0 0 0 0 3.58496250072116 3.32192809488736 0 0 0 0 0 0 8.24792751344359 1 0 0 0 1 0 0 0 0 0 0 0 0 0 0 4.32192809488736 0 0 0 0 0 0 0 0 0 0 0 0 0 1 0 0 6.89481776330794 0 0 0 0 3.4594316186373 0 0 0 0 6.08746284125034 1 0 0 1 1 0 0 8.93073733756289 7.57742882803575 0 0 0 0 0 0 0 0 0 0 0 0 0 9.66888498426625 0 0 0 0 0
"SRS015297.SRX020558" 0 0 0 0 0 0 0 0 0 0 0 0 0 0 0 0 0 1 2.58496250072116 0 0 1 0 0 0 10.8249587405285 0 0 0 0 0 1 0 0 0 0 0 0 0 0 0 3 0 0 0 0 0 0 0 0 0 0 0 0 0 2 0 0 9.98868468677217 1 0 0 0 7.25738784269265 0 0 0 0 0 0 3.58496250072116 0 0 0 0 0 4.90689059560852 5.83289001416474 0 0 0 0 0 0 0 1 0 0 0 0 0 7.4178525148859 0 1 0 0 0
"SRS015231.SRX020535" 0 1 0 0 0 0 1.58496250072116 0 0 0 0 0 0 0 0 0 0 1 5.39231742277876 0 0 0 0 0 0 9.23840473932508 0 0 0 0 0 0 0 0 0 0 0 0 0 0 0 3.16992500144231 0 0 0 1 0 0 0 0 0 0 0 0 0 1.58496250072116 0 0 9.34207466799914 0 0 0 1.58496250072116 5.7279204545632 0 0 0 0 0 0 0 0 0 1.58496250072116 0 0 5.64385618977472 5 1 0 0 0 0 0 0 0 0 0 0 0 0 0 2 0 0 0 0
"SRS015708.SRX020573" 0 0 0 0 0 0 0 1 0 0 0 0 0 0 0 0 0 0 4.75488750216347 0 0 0 0 0 0 8.74146698640115 0 0 0 0 0 0 0 0 0 0 0 0 0 0 0 2.58496250072116 0 0 0 1 0 0 0 0 0 0 0 0 0 0 0 0 8.45121111183233 0 0 0 0 3.58496250072116 0 0 0 0 4.58496250072116 0 1 0 0 2.8073549220576 0 0 7.32192809488736 4.16992500144231 0 0 0 0 0 0 0 0 0 0 0 0 0 2.8073549220576 3.8073549220576 0 0 0 0
"SRS016060.SRX020573" 0 1 0 0 0 0 0 0 0 0 0 0 0 0 0 0 0 0 0 0 0 0 0 0 0 8.35755200461808 0 0 0 0 0 0 0 0 0 0 0 0 0 0 0 2 0 0 0 0 0 0 0 0 0 0 0 0 0 0 0 0 6.7279204545632 0 0 0 0 5.78135971352466 0 0 0 0 8.5352753766208 1.58496250072116 0 0 0 0 0 0 10.2455527062557 9.0389189892923 0 0 0 0 0 0 0 0 0 0 0 0 0 8.95419631038687 0 0 0 0 0
"SRS019111.SRX020545" 0 1 0 0 0 0 1.58496250072116 0 0 0 0 0 0 0 0 0 0 2.32192809488736 0 0 0 0 0 0 0 7.4594316186373 0 0 0 0 0 0 0 0 0 0 0 0 0 0 0 2.32192809488736 0 0 0 0 0 0 0 0 0 0 0 0 0 1 0 0 6.70043971814109 0 0 0 2 5.97727992349992 0 0 0 0 5.20945336562895 0 1 1 0 0 0 0 8.65463602852797 6.93073733756289 0 0 0 0 0 0 0 0 0 0 0 0 0 3.8073549220576 1.58496250072116 0 0 0 0
"SRS011456.SRX020666" 0 0 1 0 0 0 1 0 0 0 0 0 0 0 0 0 0 0 3.58496250072116 0 0 0 0 0 0 7.7279204545632 0 0 0 0 0 0 0 0 0 0 0 0 0 0 0 3.32192809488736 0 0 0 0 0 0 0 0 0 0 0 0 0 0 0 0 7.18982455888002 0 0 0 0 4.58496250072116 0 0 0 0 0 0 0 0 0 0 0 0 5.8073549220576 5.55458885167764 0 0 0 0 0 0 0 0 0 0 0 0 0 0 0 0 0 0 0
"SRS011506.SRX020668" 0 1.58496250072116 0 0 0 2 0 0 0 0 0 0 0 0 0 0 0 0 4.16992500144231 0 0 0 0 0 0 7.74146698640115 0 0 0 0 2 0 0 0 0 0 0 0 0 0 0 2.8073549220576 0 0 0 0 0 0 0 0 0 0 0 0 0 1.58496250072116 0 0 6.94251450533924 0 0 0 0 6.8073549220576 0 0 0 0 7.04439411935845 2.58496250072116 0 2.58496250072116 0 0 0 1 9.68474862042163 6.4594316186373 0 0 0 0 0 0 0 0 0 1 0 1.58496250072116 0 6.06608919045777 0 0 0 0 0
"SRS014807.SRX020555" 0 0 0 0 0 0 0 0 0 0 0 0 0 0 0 0 0 2.58496250072116 2.8073549220576 0 0 0 0 0 0 9.70217268536555 0 0 0 0 0 0 0 0 0 0 0 0 0 0 0 4.8073549220576 0 0 0 1 0 0 0 0 0 0 0 0 0 1.58496250072116 0 0 9.55074678538324 0 0 0 0 5.64385618977472 0 0 0 0 3.4594316186373 0 0 0 1 1.58496250072116 0 0 5.7279204545632 5.7279204545632 0 0 0 0 0 0 0 0 0 0 0 0 0 6.58496250072116 0 0 0 0 0
"SRS014593.SRX020555" 0 0 0 0 0 0 1 0 0 0 0 0 0 0 0 0 0 1 1 0 0 1.58496250072116 0 0 0 7.88264304936184 0 0 0 0 3.16992500144231 0 0 0 0 0 0 0 0 0 0 3.32192809488736 0 0 0 0 0 0 0 0 0 0 0 0 0 0 0 0 5.7279204545632 0 0 0 0 5.16992500144231 0 0 0 0 3.70043971814109 0 1.58496250072116 0 0 0 0 0 8.53138146051631 7.17990909001493 0 0 0 0 0 0 0 0 0 0 0 0 0 7.99435343685886 0 0 0 0 0
"SRS042643.SRX020531" 0 1 0 0 0 0 1 0 0 0 0 0 0 0 0 0 0 0 7.4757334309664 0 0 1 0 0 0 10.9886846867722 0 0 0 0 1 0 0 0 0 0 0 0 0 0 0 5.61470984411521 0 0 0 0 0 0 0 0 0 0 0 0 1.58496250072116 0 0 0 11.3174126137649 0 0 0 0 4.8073549220576 0 0 0 0 6.88264304936184 1 3.32192809488736 0 0 3.8073549220576 0 0 7.22881869049588 7.78790255939143 0 0 0 0 0 0 1 0 0 0 0 0 0 2.8073549220576 2.8073549220576 1 0 0 0
"SRS054440.SRX020533" 0 0 0 0 0 0 0 0 0 0 0 0 0 0 0 0 0 2.8073549220576 0 0 0 0 0 0 0 8.21916852046216 0 0 0 0 0 0 0 0 0 0 0 0 0 0 0 1 0 0 0 0 1 0 0 0 0 0 0 0 0 1 0 0 6.2667865406949 0 0 0 0 6.4594316186373 0 0 0 0 4.32192809488736 0 1 0 0 0 0 1 9.32418054661874 5.58496250072116 0 0 0 0 0 0 0 0 0 1 0 0 0 10.1111356702347 1 0 0 0 0
"SRS054065.SRX020533" 0 0 0 0 0 0 0 0 0 0 0 0 0 0 0 0 0 0 5 0 0 0 0 0 0 9.2667865406949 0 0 0 0 0 0 0 0 0 0 0 0 0 0 0 2 0 0 0 0 0 0 0 0 0 0 0 0 2.32192809488736 2.32192809488736 0 0 9.82495874052852 0 0 0 0 6 0 0 0 0 2 0 0 0 0 3 0 0 5.49185309632967 5.52356195605701 0 0 0 0 0 0 0 0 0 1 0 0 0 2.32192809488736 2.58496250072116 0 0 0 0
"SRS050936.SRX020533" 0 0 0 0 0 0 1 0 0 0 0 0 0 0 0 0 0 0 4.32192809488736 0 0 0 0 0 0 9.84392105128904 0 0 0 0 1 0 0 0 0 0 0 0 0 0 0 3 0 0 0 0 2 0 0 0 0 0 0 0 0 1 0 0 10.1861142395416 0 0 0 0 6.10852445677817 0 0 0 0 6.74146698640115 0 0 0 0 2.32192809488736 0 0 7.64385618977472 6.12928301694497 0 0 0 0 0 0 0 0 0 1 0 0 0 4.64385618977472 0 0 0 0 0
"SRS011161.SRX020666" 0 0 0 0 0 0 0 0 0 0 0 0 0 0 0 0 0 2 3.8073549220576 0 0 0 0 0 0 6.76818432477693 0 0 0 0 0 0 0 0 0 0 0 0 0 0 0 2.58496250072116 0 0 0 0 0 0 0 0 0 0 0 0 0 0 0 0 7.58496250072116 0 0 0 0 3.70043971814109 0 0 0 0 3 0 0 1 0 1.58496250072116 0 0 6.6724253419715 4.39231742277876 0 0 0 0 0 0 0 0 0 1 0 0 0 1 0 0 0 0 0
"SRS063549.SRX020689" 0 0 0 0 0 0 0 0 0 0 0 0 0 0 0 0 0 0 0 0 0 0 0 0 0 8.67595703294175 0 0 0 0 0 0 0 0 0 0 0 0 0 0 0 1.58496250072116 0 0 0 0 1 0 0 0 0 0 0 0 0 4.4594316186373 0 0 8.47167521439204 0 0 0 0 6.71424551766612 0 0 0 0 0 0 0 0 0 0 0 1 8.2045711442492 6.53915881110803 0 0 0 0 0 0 0 0 0 0 0 0 0 4.85798099512757 0 0 0 0 0
"SRS043591.SRX020518" 0 1.58496250072116 0 0 0 0 0 0 0 0 0 0 0 0 0 0 0 3.70043971814109 0 0 0 0 0 0 0 7.22881869049588 0 0 0 0 0 0 0 0 0 0 0 0 0 0 0 2.58496250072116 0 0 0 1.58496250072116 0 2 0 0 0 0 0 0 0 1 0 0 3 0 0 0 0 9.13185696060879 0 0 0 0 5.55458885167764 0 0 2.58496250072116 0 0 0 3.16992500144231 10.3955341354623 7.48381577726426 0 0 0 0 0 0 0 0 0 1 0 0 0 7.33091687811462 0 0 0 0 0
"SRS015762.SRX020573" 0 0 0 0 0 0 0 0 0 0 0 0 0 0 0 0 0 3.32192809488736 4.58496250072116 0 0 0 0 0 0 8.37503943134693 0 0 0 0 5.52356195605701 0 0 0 0 0 0 0 0 0 0 2 0 0 0 0 0 2.8073549220576 0 0 0 0 0 0 0 1 0 0 9.01402047031493 0 0 0 0 4.24792751344359 0 0 0 0 7.19967234483636 0 1.58496250072116 0 0 3.4594316186373 0 1.58496250072116 9.75988818322183 8.72109918870719 0 0 0 0 0 0 0 0 0 1.58496250072116 0 0 0 9.07681559705083 5.78135971352466 0 0 0 0
"SRS022558.SRX022226" 0 0 0 0 0 0 0 0 0 0 0 0 0 0 0 0 0 2 0 0 0 0 0 0 0 3.8073549220576 0 0 0 0 0 0 0 0 0 0 0 0 0 0 0 1 0 0 0 0 0 0 0 0 0 0 0 0 0 0 0 0 3.90689059560852 0 0 0 0 0 0 0 0 0 4.4594316186373 0 0 0 0 0 0 0 7.79441586635011 7.06608919045777 0 0 0 0 0 0 0 0 0 0 0 0 0 8.62570884306447 0 0 0 0 0
"X700014972.V35.241686" 0 0 0 0 0 0 0 1 0 0 0 0 0 0 0 0 0 0 2 0 0 0 0 0 0 7.62205181945638 0 0 0 0 0 0 0 0 0 0 0 0 0 0 0 2.32192809488736 0 0 0 0 0 0 0 0 0 0 0 0 0 0 0 0 8.10328780841202 0 0 0 0 1.58496250072116 0 0 0 0 2.32192809488736 0 1 0 0 0 0 0 7.61470984411521 5.32192809488736 0 0 0 0 0 0 0 0 0 0 0 0 0 1 0 0 0 0 0
"X700016153.V35.241760" 0 1.58496250072116 0 1 0 0 0 0 0 0 0 0 0 0 0 0 0 0 7.19967234483636 0 0 0 0 0 0 10.5821419816588 0 0 0 0 0 0 0 0 0 0 0 0 0 0 0 5.32192809488736 0 0 0 0 0 0 0 0 0 0 0 0 0 3.32192809488736 0 0 10.0498485494506 0 0 0 0 6.78135971352466 0 0 0 0 0 0 1 0 0 0 0 2 8.25266543245025 6.71424551766612 0 0 0 0 0 0 0 0 0 0 0 0 0 0 0 0 0 0 0
"X700014577.V35.241766" 0 2.58496250072116 0 0 0 0 0 2 0 0 0 0 0 0 0 0 0 3.16992500144231 0 0 0 2 0 0 0 7.59991284218713 1 0 1.58496250072116 0 0 0 0 0 0 0 0 0 0 0 0 1.58496250072116 0 0 0 0 2 0 0 0 0 0 0 0 0 1.58496250072116 0 0 6.24792751344359 0 0 0 0 9.3151495622563 0 0 0 0 5.16992500144231 1 0 0 0 1 0 3.58496250072116 10.2300204357056 6.02236781302845 0 0 0 0 0 0 0 0 0 0 0 0 0 7.25738784269265 0 0 0 0 0
"SRS024400.SRX019635" 0 0 0 0 0 0 0 0 0 0 0 0 0 0 0 0 0 0 0 0 0 0 0 0 0 6.98868468677217 0 0 0 0 1 0 0 0 0 0 0 0 0 0 0 1 0 0 0 0 1 0 0 0 0 0 0 0 0 0 0 0 4.95419631038687 0 0 0 0 5.83289001416474 0 0 0 0 5.16992500144231 0 0 0 0 0 0 0 9.05528243550119 7.03342300153745 0 0 0 0 0 0 0 0 0 1 0 0 0 2.32192809488736 0 0 0 0 0
"SRS017406.SRX019635" 0 0 0 0 0 0 0 0 0 0 0 0 0 0 0 0 0 2 2.32192809488736 0 0 0 0 0 0 7.69348695749933 0 0 0 0 0 0 0 0 0 0 0 0 0 0 0 2.58496250072116 0 0 0 0 0 0 0 0 0 0 0 0 0 0 0 0 6.28540221886225 0 0 0 1 5.04439411935845 0 0 0 0 7.59991284218713 0 0 0 0 2.32192809488736 0 1 9.15987133677839 7.14974711950468 0 0 0 0 0 0 0 0 0 2 0 0 0 9.77313920671969 3.4594316186373 0 0 0 0
"SRS021982.SRX019636" 1.58496250072116 0 0 0 0 0 0 0 0 0 0 0 0 0 0 0 0 0 3.58496250072116 0 0 0 0 0 0 9.70390357344466 0 0 0 0 0 0 0 0 0 0 0 0 0 0 0 1.58496250072116 0 0 0 0 0 0 0 0 0 0 0 0 0 1 0 0 9.04439411935845 0 0 0 0 5.97727992349992 0 0 0 0 5.12928301694497 0 0 0 0 0 0 0 8.3264294871223 5.4262647547021 0 0 0 0 0 0 0 0 0 0 0 0 0 7.25738784269265 0 0 0 0 0
"SRS020002.SRX019636" 0 0 0 0 0 0 0 0 0 1 0 0 0 0 0 0 0 0 1.58496250072116 0 0 0 0 0 0 8.6582114827518 0 0 0 0 0 0 0 0 0 0 0 0 0 0 0 0 0 0 0 0 1 1 0 0 0 0 0 0 0 0 0 0 8.5352753766208 0 0 0 0 5.83289001416474 0 0 0 0 5.85798099512757 1 0 0 0 0 0 0 8.39660478118186 4.85798099512757 0 0 0 0 0 0 0 0 0 0 0 0 0 6.04439411935845 0 0 0 0 0
"SRS018088.SRX019636" 0 0 0 0 0 0 0 0 0 0 0 0 0 0 0 0 0 2 0 0 0 0 0 0 0 7.16992500144231 0 0 0 0 0 0 0 0 0 0 0 0 0 0 0 1 0 0 0 0 1 0 0 0 0 0 0 0 0 0 0 0 5.20945336562895 0 0 0 0 3.8073549220576 0 0 0 0 4.8073549220576 0 0 0 0 0 0 1 9.12670447284319 6.95419631038687 0 0 0 0 0 0 0 0 0 1 0 0 0 9.12153351734003 0 0 0 0 0
"SRS021982.SRX019635" 0 1 0 0 0 0 0 0 0 0 0 0 0 0 0 0 0 1 3.70043971814109 0 0 0 0 0 0 9.70735913208088 0 0 0 0 0 0 0 0 0 0 0 0 0 0 0 0 0 0 0 0 0 1 0 0 0 0 0 0 0 1.58496250072116 0 0 9.01680828768655 0 0 0 0 5.97727992349992 0 0 0 0 4.85798099512757 0 0 0 0 0 0 0 8.56605403817109 5.70043971814109 0 0 0 0 0 0 0 0 0 0 0 0 0 7.52356195605701 0 0 0 0 0
"SRS017406.SRX019636" 0 2.32192809488736 0 0 0 0 0 0 0 0 0 0 0 0 0 0 0 2 1.58496250072116 0 0 1 0 0 0 7.33091687811462 0 0 0 0 0 0 0 0 0 0 0 0 0 0 0 1.58496250072116 0 0 0 0 1 0 0 0 0 0 0 0 0 0 0 0 6.4093909361377 0 0 0 0 5.08746284125034 0 0 0 0 7.66533591718518 0 0 1.58496250072116 0 1.58496250072116 0 0 8.95710204156229 6.83289001416474 0 0 0 0 0 0 0 0 0 2 0 0 0 9.74986942739684 2.58496250072116 0 0 0 0
