t-stat,Degrees Of Freedom,p-value
-16384.0,NA,NA
-4096.0,NA,NA
2.013853,100.315066,0.04670273040824524
4096.0,NA,NA
-1.960811,101.069308,0.05265325402204945
-1.99057,108.570778,0.0490410106487473
-1.577882,107.348713,0.11753508507473798
-0.367131,163.605161,0.7139957404206507
0.988504,149.549447,0.3245025129718391
-0.729406,152.814198,0.4668698687236097
-0.524963,163.964598,0.6003180069228098
-1.386918,118.05138,0.1680799751815415
0.179143,169.797794,0.8580390026923896
-0.677694,141.675795,0.49907096614467095
-0.844403,152.25322,0.3997690961698033
-2.2396,103.749376,0.027250378554125532
-1.626004,108.18447,0.10685837729167191
-1024.0,NA,NA
-2.853457,161.878925,0.004890029656353337
-0.296088,157.819391,0.7675521286575258
-1.712126,137.238552,0.0891321374259163
-2.541926,112.336088,0.012386943054322266
-1024.0,NA,NA
-2048.0,NA,NA
-2.369836,158.0365,0.019002838146136212
-1.179854,130.14093,0.2402105048368044
-1.873701,109.097285,0.06364754357102895
-0.543317,158.794751,0.5876734446743491
-0.564155,170.282916,0.5733909491568698
4096.0,NA,NA
-1.671367,106.257465,0.09759186272452303
-8192.0,NA,NA
-8192.0,NA,NA
2.018123,93.009676,0.04645900178897211
-1.35739,128.625712,0.17703421189857582
0.519789,167.199105,0.6038981243052073
0.492371,156.427192,0.6231474317444667
1.787426,95.134138,0.07705307257034932
1024.0,NA,NA
0.099665,170.277764,0.9207275284378236
0.525317,162.500442,0.6000788766287923
0.300884,170.097452,0.7638704167599863
-0.335373,169.426238,0.737758631035919
2.266929,122.174987,0.025152749802955565
-0.095789,170.364455,0.9238007356411926
0.35363,164.747499,0.7240683173274454
2048.0,NA,NA
3.206,155.297258,0.0016342365441968099
-0.044802,170.649464,0.9643175134648458
1.797366,138.641184,0.07445412284579445
-0.164057,161.20992,0.8698917793528039
-1.035154,149.526909,0.30226821690182337
-1.525183,129.916592,0.12964418533842792
-0.550375,150.660476,0.5828772864794868
-4096.0,NA,NA
-1024.0,NA,NA
-8192.0,NA,NA
2.205476,141.090305,0.029039203006833825
1.788636,90.498422,0.07701962492665371
1.661869,90.313261,0.10000646187863538
-0.46247,132.386673,0.6445035124119298
4.375218,166.486709,2.1339081129667647E-5
0.425782,120.028034,0.6710292126022868
0.628871,114.671217,0.5306842429894532
-0.207273,169.784384,0.836045048091594
0.894841,169.044227,0.37214443567301925
1.215209,139.780911,0.22633498692615484
0.287157,166.663516,0.7743488194443287
1.386233,160.808573,0.16759484182002704
1.687768,99.992803,0.09457266983560775
8192.0,NA,NA
1.180307,115.640295,0.2403003151065377
3.209891,149.793067,0.0016247597945895365
0.719268,114.865352,0.47343660939490495
0.742057,158.832774,0.4591487115609323
-0.18583,163.740928,0.852808085086135
0.996224,156.77843,0.3206764267542339
2.040599,114.362975,0.043593471947832585
-0.588354,160.256268,0.5571229805581941
1.943434,144.984873,0.05390077731527776
2.794615,109.989304,0.006132198252478904
0.254596,152.002158,0.7993792647780722
1.879152,110.386479,0.06286116978056411
1.857156,147.063398,0.06528911119420266
0.309991,169.080184,0.756949542093531
1.971645,146.603895,0.05053242850213624
3.301023,150.842351,0.0012024762574405212
3.27595,163.726539,0.0012854870317018374
3.656827,143.88132,3.573551811637543E-4
0.597511,169.318716,0.5509645225307631
0.283354,161.950356,0.7772673745649019
0.087854,168.361687,0.9300971261118711
2048.0,NA,NA
0.398569,168.358938,0.6907158318288635
0.553516,170.857025,0.5806337328228024
1.225258,166.718863,0.22220619703303202
-2048.0,NA,NA
-1024.0,NA,NA
2.42799,92.879074,0.01710976192745295
1.539031,132.580017,0.12618003038462833
4096.0,NA,NA
2.850296,97.331029,0.005332220851093972
3.169635,164.894477,0.0018197239545536537
-2048.0,NA,NA
2048.0,NA,NA
-1024.0,NA,NA
-2.377965,109.515261,0.019141316904770382
-1.452532,116.3113,0.14904616024781703
-1.522137,147.766889,0.1301118716604116
-1.807947,97.789511,0.07368876126350597
1024.0,NA,NA
-0.323353,150.668023,0.7468762786937371
0.182594,170.714016,0.8553332496643493
8192.0,NA,NA
0.278566,170.037376,0.7809163856051904
-4096.0,NA,NA
-8192.0,NA,NA
-8192.0,NA,NA
-4096.0,NA,NA
-4096.0,NA,NA
-3.992146,121.583289,1.1246378156294008E-4
-0.162411,161.878196,0.8711847637117711
-8192.0,NA,NA
-2048.0,NA,NA
-1.181904,148.155535,0.2391373242094652
1024.0,NA,NA
-0.884329,114.994279,0.3783638776186732
-0.809754,135.027513,0.4195062754243494
3.589702,140.648898,4.5637335509196575E-4
0.130017,170.411146,0.8967063208327688
-0.634999,170.83511,0.5262786239989645
-2048.0,NA,NA
-1.564158,130.013244,0.12021128525271763
0.482019,157.470309,0.6304617203198699
0.089,164.135846,0.9291904121744909
0.279067,140.631152,0.7806033782938198
-0.648012,169.987898,0.5178514968792927
-3.017507,165.557552,0.0029515672663635237
-0.206195,166.105907,0.8368911066127525
512.0,NA,NA
-0.707039,165.45429,0.4805368524781076
0.197597,151.877875,0.8436245932824191
-2.157204,147.661036,0.032607707291696424
1.393416,150.328254,0.1655508046384786
1024.0,NA,NA
3.073762,163.787103,0.002476751880960082
-0.955065,120.731864,0.3414532260314822
0.885709,149.805013,0.3771938884384245
2.214168,165.041605,0.02818758453160286
0.265971,168.345801,0.7905869998066937
1.688917,124.587056,0.09373662980717401
1.563402,156.267736,0.11998093234612428
3.510556,113.022694,6.433796307674378E-4
1.607919,170.369787,0.1097045287855345
0.990956,170.642154,0.3231101369040259
1.550288,83.080539,0.12487356232821423
3.171444,163.417394,0.001811857777128667
0.399842,170.788697,0.689772513375823
8192.0,NA,NA
1.036744,133.420111,0.30173052955583435
3.035813,168.560468,0.002779903914152726
-0.151738,169.505188,0.8795740315928703
2.518428,140.76393,0.012906889502239283
2.785374,130.354858,0.006144286745880523
3.998872,145.369622,1.009194453294171E-4
-0.122981,170.916299,0.9022666363736541
0.302723,137.246444,0.7625592965259422
16384.0,NA,NA
8192.0,NA,NA
0.219917,170.896941,0.8261982683699558
0.386579,170.432207,0.6995501225738989
2.789858,121.718163,0.0061227682755329305
1.021135,126.315076,0.3091422137796491
2.191611,161.578139,0.029838652167543334
1024.0,NA,NA
0.983302,170.777162,0.3268498356611662
-1.065487,140.32407,0.2884854870169179
1.668408,105.42611,0.09820218261698699
4096.0,NA,NA
-0.092062,164.466552,0.9267608198238976
4096.0,NA,NA
4096.0,NA,NA
4.258549,90.41608,5.025707309891381E-5
3.237771,83.063194,0.001732025772381407
-8192.0,NA,NA
-0.899605,103.410393,0.37042059104730196
-8192.0,NA,NA
1.833482,98.896362,0.06973868083193024
0.39948,167.044362,0.6900498506629706
1024.0,NA,NA
3.699663,106.013421,3.4415985148039674E-4
0.280566,165.169807,0.7793944104354416
0.612976,142.797291,0.5408672447497818
2.565967,115.860591,0.011564441208651521
1.464217,143.719604,0.14531858443309842
-0.55591,131.399864,0.5792177311988764
0.172934,163.086712,0.8629177446966669
0.235175,168.913489,0.814357773847
1024.0,NA,NA
-0.848321,131.365576,0.3978023357399405
2048.0,NA,NA
-4096.0,NA,NA
1.896545,103.358469,0.06068008553178128
4096.0,NA,NA
3.996323,164.123357,9.69826913490568E-5
3.399005,141.776338,8.784153355461122E-4
2.858862,108.395375,0.005100140307903178
4.132778,157.300415,5.809818831958857E-5
2.726334,121.590096,0.0073511366662131206
0.089369,136.4236,0.9289197265082967
1024.0,NA,NA
-2048.0,NA,NA
2048.0,NA,NA
-1.243501,147.536537,0.2156555658444702
0.42608,170.878934,0.670585768630799
2.412217,166.200293,0.01694446352241963
1.247094,148.70625,0.21432360158420094
2.789744,126.708178,0.006090202889945662
3.207529,152.632286,0.0016314187657144874
-1024.0,NA,NA
-2048.0,NA,NA
0.461797,159.370797,0.6448566361696213
-2.095547,99.431345,0.03866251127441147
-1024.0,NA,NA
-2048.0,NA,NA
-1.03402,154.234837,0.30274539612176565
-0.92898,118.118093,0.3547940210475763
-1024.0,NA,NA
0.867417,128.275642,0.387333339071245
1.637904,121.046592,0.10403868968524477
-0.53644,170.750138,0.592352694017227
0.545604,170.728972,0.5860503139832425
4096.0,NA,NA
1.196915,138.719905,0.23338117181664852
1.325409,82.560336,0.18869163435431946
1.480993,144.608562,0.1407840249196739
-1024.0,NA,NA
512.0,NA,NA
-1.248451,113.96042,0.2144247067988445
3.017101,169.891158,0.0029446373341694976
-1.072152,99.241466,0.28625208591744256
1.533827,103.507131,0.12812322039685764
3.131947,85.384263,0.0023786400792011886
-1.934857,123.809312,0.055288607954280325
-0.508816,144.756018,0.6116558514322832
-0.822809,170.239977,0.41176766205757864
-2.92906,155.13792,0.00391286669003188
-0.208183,165.427621,0.8353421708237259
-1.938269,102.482166,0.05534172937795235
4096.0,NA,NA
-0.276251,156.403267,0.7827199879361727
-2048.0,NA,NA
-1.55868,170.174564,0.1209299190079558
0.405673,142.983516,0.6855892876480603
1024.0,NA,NA
-0.193354,164.810759,0.8469198215200845
-2.27911,144.152594,0.024129095881184337
-0.448629,170.178433,0.6542700239031283
1024.0,NA,NA
0.194658,170.853588,0.8458919661550945
-0.462731,132.352662,0.6443170789358253
0.153181,169.721236,0.8784375101891118
-0.19313,170.822108,0.8470865943333785
2.576499,130.115894,0.011096319655355957
-0.423071,160.938614,0.6728082438794051
-0.887711,156.05044,0.3760623968290645
0.410689,169.255132,0.6818200459814332
-0.939437,161.327672,0.34891084365712566
4096.0,NA,NA
3.134759,157.612258,0.002051916169844903
-0.332474,166.837906,0.7399487344106908
0.988323,144.571717,0.32464569462171156
-1.436648,162.314667,0.15274272593340255
-4.023294,139.311265,9.372043347969304E-5
-4096.0,NA,NA
-3.324185,118.933885,0.001179234591016067
-6.438812,170.489879,1.179398664017819E-9
-1.472523,167.057572,0.14276120211145205
-2.71723,169.766236,0.007265567520681715
2048.0,NA,NA
1024.0,NA,NA
1024.0,NA,NA
2.61036,157.718077,0.009916405712474319
2.209154,168.269163,0.028514511237727858
1.629862,165.525585,0.10503216613883071
3.206172,128.664956,0.0016969959598653883
-1.417313,103.751408,0.15938750917462496
3.870527,83.950366,2.140037904874159E-4
0.742238,166.562826,0.4589885552178241
8192.0,NA,NA
2.714959,164.871349,0.007334249230453338
0.87705,129.141117,0.38208811357806316
1.804651,159.410922,0.07301683466628894
4096.0,NA,NA
-512.0,NA,NA
-0.495567,106.838803,0.6212177517748427
0.487244,167.686817,0.6267217682538042
4.619307,169.058144,7.599001919267323E-6
3.379866,170.481144,8.989901250970878E-4
4096.0,NA,NA
5.018217,120.46164,1.8215693533552013E-6
-1024.0,NA,NA
-1.471252,170.474474,0.14306648829432234
-2.399919,150.606927,0.017620068112103586
1.50415,162.929882,0.13447872702162167
1.3486,170.750753,0.17925145123331143
-1.835178,151.776502,0.06843681180658247
0.924217,94.861742,0.3577183676663651
-1.539711,167.77223,0.12551476086421576
-0.049236,170.905719,0.9607887146381154
-2.251979,156.801143,0.02571210061876357
-0.78222,169.443692,0.4351770257000387
-0.09025,156.494349,0.9282039589153488
-4.687353,135.576717,6.659667226026217E-6
-1.952785,143.721995,0.052788097926596105
-4.658774,130.653009,7.730502958611974E-6
-4096.0,NA,NA
-0.421956,169.058547,0.6735932216862108
-5.712967,92.410157,1.3427981845545926E-7
-0.667131,155.152082,0.5056794331665514
-4.725541,137.801108,5.595543537395054E-6
-2.548905,112.067888,0.012158642553109522
-4.562039,127.520766,1.1745852916589312E-5
-8192.0,NA,NA
2048.0,NA,NA
-4096.0,NA,NA
-1024.0,NA,NA
2048.0,NA,NA
1024.0,NA,NA
-2048.0,NA,NA
-2.516584,97.892961,0.013474963925891906
0.482897,157.38302,0.6298399102310099
0.650254,170.902828,0.5164013212600573
-0.710965,170.681669,0.4780763511975563
-0.116614,170.299982,0.9073033488450524
-1.032788,141.981839,0.3034591155656239
-0.296846,164.832663,0.7669578114961922
0.098994,170.904714,0.9212590505739864
-0.725596,163.794436,0.46912191576264173
1024.0,NA,NA
4096.0,NA,NA
-1024.0,NA,NA
-0.031209,170.722139,0.975139317755729
1.92307,163.585773,0.05620825138215646
-0.653757,163.692078,0.5141857022442783
1.860829,91.209281,0.065989983281733
1024.0,NA,NA
0.369726,170.843154,0.7120445533182194
1.791136,102.881818,0.07621195703740646
-1.373182,102.706348,0.17268623083370804
-0.600295,170.87275,0.549104964170888
-2048.0,NA,NA
0.784076,168.704191,0.4340950118515785
-8192.0,NA,NA
-0.374849,163.447372,0.708258698229463
1.222543,102.83723,0.22429687921508057
-0.239703,164.124476,0.8108596106775989
0.815618,170.838409,0.41585433679501893
-2048.0,NA,NA
-0.180988,129.752202,0.8566593970554955
512.0,NA,NA
0.941282,104.159887,0.3487383104156765
-0.458455,167.452716,0.6472200219504868
4096.0,NA,NA
2048.0,NA,NA
0.480698,163.798702,0.6313725737698204
-1024.0,NA,NA
-1.180357,153.26579,0.2396869178501082
2.085048,154.624526,0.03870834978076432
-0.114317,160.631161,0.9091292706747102
2048.0,NA,NA
3.989115,161.49279,1.0033181525526125E-4
-0.135422,170.527046,0.8924379516152627
0.973068,148.965527,0.33209692716879147
-0.476553,166.526952,0.634305164218945
-2.275029,142.201101,0.024399636047384602
-0.005849,169.686665,0.9953400704812382
0.095716,170.38514,0.9238586145960155
-0.889326,164.157429,0.3751292771906446
1.178795,133.420723,0.2405777774507909
-0.845384,159.11872,0.3991658874216334
-8192.0,NA,NA
-4096.0,NA,NA
-2048.0,NA,NA
-1024.0,NA,NA
-8192.0,NA,NA
-2.460045,166.224873,0.01491518525485302
-2048.0,NA,NA
-0.997304,149.512033,0.3202283096862617
-3.052159,109.374177,0.002852274285160225
-4096.0,NA,NA
-1.409388,126.766557,0.16116895090694983
-512.0,NA,NA
1.464577,156.053575,0.14504802123935923
2.699,148.192212,0.007762947401919851
1.87491,124.127467,0.06315507248483199
1.149421,136.373326,0.2523942711106604
1.302097,148.788161,0.19489535864468088
2.065568,99.534422,0.0414676870558468
2048.0,NA,NA
-4096.0,NA,NA
0.781888,138.379799,0.4356161879284852
-1024.0,NA,NA
-0.858915,140.583703,0.39184956081115274
-2048.0,NA,NA
-2048.0,NA,NA
0.470379,169.795402,0.638687902338285
1.896223,117.504815,0.06038625044974477
1.842197,99.637325,0.06842032617076077
-0.80792,135.423331,0.4205535269192039
-0.176533,164.371567,0.8600925454645979
-0.498541,166.926066,0.6187590534368366
-0.952135,120.379678,0.3429363752102581
-8192.0,NA,NA
-2048.0,NA,NA
-2048.0,NA,NA
-4.309972,117.288484,3.415507594612938E-5
-1.742577,105.535759,0.08432046315295852
-8192.0,NA,NA
-32768.0,NA,NA
-4096.0,NA,NA
3.812075,163.339364,1.9494547236198478E-4
0.758391,168.452479,0.44927669691923566
1.023601,164.123932,0.3075301266843382
-4096.0,NA,NA
512.0,NA,NA
0.822464,117.106042,0.4124844117035069
-1.034934,165.797604,0.3022068932704003
-0.840722,141.741785,0.40191969823059537
-0.675959,162.808805,0.5000257339595419
-512.0,NA,NA
1.978591,168.929395,0.04948767153011713
2.296037,153.264849,0.023029039732026746
-1.044092,111.437065,0.2987024733543764
-2.040779,95.279003,0.044039038160652494
-4096.0,NA,NA
-0.165186,169.32214,0.8689946343763788
0.039402,163.491633,0.9686179587262687
2048.0,NA,NA
1.148087,130.304568,0.25303600434804085
-0.140053,168.265305,0.8887856190746123
0.26498,170.690692,0.7913445888463029
1024.0,NA,NA
-1.532565,141.288887,0.1276191613824188
0.728637,166.629651,0.4672465426966008
-0.612585,134.257837,0.5411869773932287
0.246662,165.139586,0.8054761717273151
-1.418882,99.77284,0.15904981811648755
-4096.0,NA,NA
2048.0,NA,NA
1024.0,NA,NA
0.427744,162.204263,0.6694048621515107
2048.0,NA,NA
1.014477,89.376575,0.31309365295516
-0.195586,166.909666,0.845172120100851
3.345199,168.250977,0.0010139239274200573
1.778468,89.644863,0.07871726461425821
1024.0,NA,NA
4096.0,NA,NA
2.517227,142.082074,0.012938449961924059
1.619256,150.025792,0.1074924569399831
-2048.0,NA,NA
0.363622,151.486113,0.7166472587605974
1.384946,128.954293,0.16846031301484476
-2048.0,NA,NA
2.200078,125.14689,0.029637314264714165
2.826837,165.567384,0.005280686754046471
2.634102,167.067025,0.009228648665733141
1.932014,156.465504,0.05516458964034987
1.162621,153.324883,0.24678968657096334
3.315749,164.872271,0.0011241105101573723
0.023943,169.376075,0.9809262594029922
1.732011,119.517334,0.08585157100456242
1.518538,155.7094,0.13090663076418707
2.506893,163.895922,0.01315390605044331
-1.545384,118.227934,0.1249260024754304
-0.183017,164.786397,0.8550096605424109
1024.0,NA,NA
-4096.0,NA,NA
1.162533,126.776444,0.24720275003635273
-1.019473,147.163374,0.30965150940920505
0.708864,170.908825,0.4793746784032207
0.632177,170.399268,0.5281185223067186
-1.155453,148.667206,0.24975861338035554
0.037628,152.039719,0.9700336435836694
-0.332538,149.498586,0.7399488761975116
-0.06999,169.774409,0.9442839908629727
-0.62475,161.79846,0.533015180988977
0.506058,170.907332,0.6134680642074066
-0.419513,138.046609,0.6754933791344708
0.611608,144.424568,0.5417586906957299
-2.317335,128.312724,0.022069204693154796
-0.268934,157.244566,0.7883330088449968
-1024.0,NA,NA
1024.0,NA,NA
-1.045458,154.30402,0.29744632174200036
-1.821965,137.916805,0.07062692172835802
-0.135099,168.803001,0.8926945599888558
0.279134,168.542416,0.7804842112705686
-0.570433,165.400891,0.5691581521585398
-1.038755,138.076464,0.3007342903060263
0.297726,166.854848,0.7662826745277354
1.172262,117.515923,0.24346285875639317
2.165382,165.331963,0.03179174478796143
2.162381,148.189311,0.032193355317672534
2.912655,117.71262,0.004288885065734993
-512.0,NA,NA
0.822106,112.967804,0.41274837811866205
-3.862895,163.435214,1.612326292669529E-4
-1.691463,125.771939,0.09322480083278317
0.335341,169.794729,0.737781824501512
2.553782,120.870507,0.011899167236203656
1.937205,142.91283,0.05469278374903408
1.301697,142.186623,0.1951249980988632
4.778082,170.105629,3.805429459546872E-6
1.279527,170.872903,0.2024461861797513
1.468574,153.877435,0.1439896563681824
1.795342,132.213524,0.07488344327081609
1.68254,137.584139,0.0947322744891621
1.841815,160.540182,0.06734730300883518
8192.0,NA,NA
2.588409,146.499023,0.010613335470052165
1.433399,160.585428,0.15368795021836323
3.516594,136.040003,5.94490248413404E-4
2.226764,146.76811,0.027486026343810144
-1.295289,154.855516,0.1971482106516299
1.846824,125.337746,0.06713121118019028
8192.0,NA,NA
-1.333172,120.095713,0.18499878529962366
2.232426,159.280775,0.026981314062327844
-0.596736,162.4329,0.5515144535665475
1.62922,170.754792,0.10510990176639634
-0.405414,155.158612,0.6857316880508357
0.521351,151.986991,0.6028811180549225
-2.5255,128.990503,0.012764308298687493
0.333374,132.857035,0.7393775346024722
1.087351,141.579954,0.27872938039527906
-1024.0,NA,NA
-0.490565,170.865618,0.624363541328096
-2048.0,NA,NA
-4096.0,NA,NA
2.118707,122.342943,0.03613755599617785
-2.985011,141.01254,0.003343814171704569
-1024.0,NA,NA
0.106155,162.520342,0.9155902900605613
-3.993707,118.260107,1.1339018752213277E-4
-3.276363,150.530967,0.0013053848748306451
-0.897259,149.095584,0.371027282861375
-2.42429,134.84531,0.01666330731939864
-0.651592,152.20035,0.5156470940994966
1024.0,NA,NA
512.0,NA,NA
-1.700899,124.723336,0.09145390948219734
-2.381218,124.836576,0.01876681951430372
-1.370281,107.116883,0.1734642226959099
-2.219215,106.320687,0.028596292723115726
1.270787,98.454237,0.2067989447592713
-4096.0,NA,NA
2048.0,NA,NA
-2048.0,NA,NA
-1.049728,165.489984,0.2953737284317234
-4096.0,NA,NA
-1.681691,116.237869,0.0953136202294087
1024.0,NA,NA
-4096.0,NA,NA
-4096.0,NA,NA
-2.034348,104.144743,0.044457991727508445
0.290661,170.522589,0.7716638018048632
-2.617819,167.89497,0.009658048998316961
1024.0,NA,NA
-3.245037,128.232936,0.0014979951345380975
-0.9915,128.129796,0.32331021692509576
-2.793953,104.839432,0.0061918168628555224
-0.711816,170.702278,0.4775503861611071
-5.957101,138.018648,2.025839465951359E-8
-0.956894,162.22353,0.34004461276411047
-3.970036,121.20289,1.2229202848798535E-4
-4.724594,168.545127,4.836438337638265E-6
-2048.0,NA,NA
-3.222225,133.111421,0.0015993858168334067
-3.430295,150.555017,7.782502052212022E-4
-2.486837,142.322146,0.014043968887060294
-0.810721,153.374211,0.4187821257784067
-2.740867,166.752558,0.006795920005825898
-2.863665,125.209314,0.0049115578244848575
1024.0,NA,NA
-1024.0,NA,NA
-4096.0,NA,NA
-2.280505,98.329412,0.024736474936803293
-3.31713,126.064005,0.0011886458993526276
-2.241789,109.656086,0.026987894317313976
-0.182663,169.054661,0.8552813163449152
-4.88458,125.825793,3.086101346043036E-6
-1.399934,170.670672,0.16334822464513177
-2.861812,102.298136,0.005108936975992021
-4096.0,NA,NA
2.242584,83.751479,0.027565452736381113
-1.638072,131.318069,0.10380062509699639
2048.0,NA,NA
-2048.0,NA,NA
-3.413445,136.025561,8.454828603133259E-4
-4.201934,133.979837,4.8018429737826304E-5
-1024.0,NA,NA
-2.868908,126.308141,0.0048294029982192295
-2.87557,117.674341,0.004788540005841301
-0.756813,158.208727,0.450287475729508
-2.633762,118.659391,0.009569622251610272
-4096.0,NA,NA
-4096.0,NA,NA
-2.589034,118.968916,0.010824874648667432
-8192.0,NA,NA
-2.677429,108.440372,0.008572131238689934
-2.991445,97.590834,0.003515542040431381
-2048.0,NA,NA
-3.139137,107.729506,0.00218663464801326
-2048.0,NA,NA
-2.563836,106.902987,0.011741642492734352
-1.093637,150.634777,0.27586000491670604
-1.126322,119.296197,0.2622898849191262
-1.829965,103.105005,0.07014436738222095
-4096.0,NA,NA
-4096.0,NA,NA
-0.176538,154.038952,0.8601031895747204
-1024.0,NA,NA
-1.69886,148.715541,0.09143659539383209
-0.353812,146.745473,0.7239876071805561
1024.0,NA,NA
-0.705453,152.130756,0.48160715079815897
0.340924,166.320528,0.7335910716507539
-1.772708,169.572561,0.0780725164148722
0.548115,163.891319,0.5843587273600783
-1.14327,116.92028,0.2552620008249493
-1.264029,132.544858,0.20843806142780252
-2.395877,167.43485,0.017683449278385294
2.132764,164.825576,0.03442463138863738
-2.29989,164.312266,0.02271247137378815
-0.586906,159.522699,0.5580965281872149
-1.044003,170.917419,0.29795834378973973
1.418063,117.823872,0.15881178673964969
-0.655644,170.912067,0.5129347959216548
-4096.0,NA,NA
0.005513,170.710239,0.9956077218627621
0.273782,160.608639,0.7846039363103514
-0.125421,169.277418,0.9003390926964292
-1.295666,168.449063,0.19686322066808348
-0.72005,168.752879,0.4724903353431321
-0.012734,170.916534,0.9898548642778361
-1.593978,170.436533,0.1127937319747716
-2.330835,166.956781,0.020957444210329773
-1.434697,170.113264,0.15320931218053524
0.329275,169.980431,0.7423532084746132
-0.333479,166.505378,0.7391923130902236
-1.726829,166.500107,0.08605303594982266
-1.092694,167.33504,0.27609879693420325
0.058612,170.901551,0.9533296292603493
-1.032471,158.945363,0.3034199490387113
-8192.0,NA,NA
-1.325961,129.324665,0.18718982511044957
-0.070427,170.839816,0.9439361738982713
-2.514676,162.012337,0.01288921958399009
-1.839195,160.596872,0.06773311240130875
-1024.0,NA,NA
-0.686098,166.561844,0.4936052435542947
1024.0,NA,NA
