t-stat,Degrees Of Freedom,p-value
-4.850798,244.515911,2.1904812390286118E-6
-0.419373,382.887333,0.6751787414655566
0.735015,451.42619,0.46271201942309226
3.067778,236.562794,0.002407682964216118
-1.291547,413.460153,0.19723560529740625
-1.6399,360.226206,0.10189888133610647
-0.122922,451.346176,0.9022235797134776
-0.140007,433.34656,0.8887195087608819
0.269055,447.156275,0.7880114572693091
-0.344865,429.445572,0.7303646980998458
-0.86553,424.283005,0.3872370912500094
-1.721458,393.520612,0.0859536433264102
0.386163,451.167245,0.6995579920265207
-0.037201,423.957676,0.9703422511830404
-0.631465,432.900624,0.5280698126979051
-2.095125,437.168061,0.0367347010590442
-0.99791,411.233664,0.31890981683168973
-2048.0,NA,NA
-4.815733,409.850901,2.0672392047343164E-6
-0.609802,417.922268,0.5423243786359608
-2.277627,361.482094,0.02333217848522738
-4.255393,296.148912,2.8031929137032527E-5
-1.089031,311.390282,0.27698231344069213
-1.244644,301.238039,0.21423009479282085
-3.843772,400.997951,1.4083954355482596E-4
-1.357882,332.168999,0.17542279478448353
-1.947687,399.131963,0.05215319361461857
-2.414472,416.550569,0.016188147786476665
0.224334,412.61006,0.8226084659494464
1.644074,244.338663,0.10144692905113217
-1.113506,336.840489,0.2662851251220395
-2.637354,306.319234,0.008781942489481559
1.858142,432.609007,0.06382794102099631
-0.855732,401.186835,0.3926568179933557
0.401045,446.084259,0.688579020511096
0.256576,427.48208,0.7976295389771373
2.356868,385.741613,0.018928867780156233
1.601913,282.564137,0.11029214474390514
0.409657,450.482035,0.6822523009660357
1.312528,424.429511,0.19005135227394154
1.089333,443.211525,0.27659900018879346
0.973923,415.393325,0.33066156610275277
0.599609,448.364483,0.5490697269598057
-0.25344,451.478893,0.8000435873433301
1.3722,294.375219,0.17104588089175987
2.869194,428.544533,0.004318698733535298
-0.373053,451.501149,0.7092840734966763
2.496489,416.29667,0.01292864469260846
-1.139194,423.424557,0.2552663090751345
-2.660497,389.243364,0.008125218152060437
-0.834888,380.034388,0.40430529893048983
-1.13326,258.676689,0.2581543269074066
0.373993,444.083679,0.7085880185197495
-2.033792,252.252954,0.043019123983606286
2.303967,400.636608,0.021735491189745826
0.677755,451.480926,0.4982742221869676
1.95512,236.91502,0.0517447806553053
-0.193414,443.624058,0.8467232745132107
4.33504,440.216845,1.8078636436769102E-5
0.276723,448.311376,0.7821203459604709
1.336445,306.364903,0.18239556246590105
0.759953,451.03955,0.447679711857599
2.337823,449.240416,0.019834516137477776
1.097461,393.487394,0.27311104824518173
0.359635,440.289904,0.7192925329909694
3.287892,441.26259,0.0010901255203283888
1.466274,330.237449,0.1435252065537802
1.471428,308.752167,0.14219388080885298
3.629621,374.198189,3.2330489920773253E-4
0.137949,427.850862,0.890345622259394
1.103754,451.349571,0.27028796990539306
1.710227,286.160765,0.08830777812304236
0.552826,446.258257,0.5806593691054622
3.355475,271.197669,9.054770926038014E-4
0.61898,434.781037,0.5362537098634528
1.78811,439.06192,0.074447710348722
2.734367,344.876718,0.006572721817337035
-0.167616,448.765685,0.8669608896704194
1.604485,390.063036,0.1094165042222559
3.355293,400.62941,8.684606143327667E-4
1.289127,256.823532,0.1985138137982969
2.689555,429.441407,0.007433462574480076
3.589864,431.270411,3.6886623515575145E-4
3.098756,447.612705,0.002065773431088047
3.963622,413.382132,8.696327575341556E-5
2.190875,388.610954,0.02905411350019249
0.4543,447.943329,0.6498329683152659
-2.071285,370.617613,0.03902371798826019
-1.287947,387.618126,0.19853276319514446
0.07716,445.277088,0.9385309201827845
-1.148041,400.871071,0.2516362690576084
-1.945073,424.135889,0.05242667429057327
-2048.0,NA,NA
1.745007,404.731669,0.0817426219386379
1.137633,427.467905,0.2559110061342107
1.564832,338.612536,0.11855634900315559
2.132815,353.163743,0.03362904184040727
3.665824,446.323768,2.762184005213886E-4
0.261106,328.782957,0.7941742400098155
0.850011,305.930391,0.39598369078735685
-0.958235,328.997392,0.3386479086481935
-1.986394,351.553392,0.04776569169897468
-0.891901,348.374591,0.37306161205187593
-1.624409,387.932967,0.10510072558440331
-1.602786,295.993205,0.11004846393594514
0.279646,387.641271,0.7798982633573259
0.469592,447.116259,0.6388754661789102
1.59081,359.86048,0.11253039881809546
0.304402,451.467783,0.7609619048387173
-1.504259,261.295612,0.13372242897559294
-2.269725,257.649881,0.024050983679904672
-2.177942,357.53883,0.030063393134045442
-2.031327,240.357183,0.043322299226927305
-0.666174,272.361205,0.5058637431120616
-4.760885,379.122677,2.747249330908006E-6
-2.243881,370.61297,0.025429881726658998
-1.70151,310.758384,0.08984747126941939
-1.256611,275.146421,0.20996030901721885
-2.86142,290.024426,0.004524308344020528
-0.09184,443.057919,0.9268666721042871
-3.240621,327.537065,0.0013152080114847186
3.796776,368.357504,1.7137690111956871E-4
-0.035743,443.721384,0.9715033570668724
-1.444313,397.380328,0.14943892575645745
0.229624,412.052049,0.8184978953105588
-4.063389,435.789308,5.737140173043383E-5
-0.683457,434.309491,0.4946825616931271
-1.708059,414.295527,0.08837447357100858
-0.059621,451.122371,0.9524838943136549
-3.132014,372.072833,0.0018735692421896937
1.352429,392.132125,0.17701749478814066
-0.725052,432.744728,0.4688119951566784
5.078616,415.42077,5.752764153932333E-7
-0.317944,362.558064,0.7507104624333119
1.492897,356.755138,0.13634796390953352
3.852129,407.489183,1.3596225214485003E-4
-1.100353,421.460902,0.2718064223805301
1.974762,313.709239,0.04917175815554908
1.836681,435.982161,0.0669375929519267
3.556566,300.131997,4.3644701512457473E-4
3.881711,438.49663,1.196783443564442E-4
2.590973,439.059964,0.009889107592659707
1.485017,253.02053,0.13878410976804423
2.946996,447.304987,0.003376511419009409
-1.063087,435.777604,0.28833124328203674
0.66486,442.253255,0.5064865786064054
0.999404,447.84756,0.3181386964551831
5.360109,423.380889,1.3696272382901498E-7
1.17129,443.141991,0.2421116338297522
2.004051,445.356671,0.04566968050409059
1.322978,430.827255,0.18654443535407306
5.796062,368.947376,1.4579189189234398E-8
-7.51E-4,451.462683,0.9994011204483755
1.27032,308.491116,0.2049279054925086
32768.0,NA,NA
1.411826,296.97515,0.1590481078959316
0.937583,433.276714,0.34898107538502265
2.699089,355.445624,0.007285038277583311
0.674028,402.26652,0.5006806362960243
1.694004,451.18018,0.09095466111865491
1.146036,306.742927,0.25267350978393477
1.362559,439.400469,0.17371948489717282
-0.779892,391.959317,0.43592511894989816
-0.881678,450.976881,0.3784206284354985
4096.0,NA,NA
0.57826,448.921045,0.5633785582565385
1.74337,349.175627,0.08214917635337615
1.148598,342.362041,0.25152364145210226
4.329009,250.345842,2.16744083927356E-5
2.922544,275.751063,0.0037595396816285653
-1.205942,374.228264,0.22860173734153455
-1.068609,263.976596,0.2862221021055078
1.432706,340.824596,0.15285843916270503
1.119262,450.989737,0.2636241420408778
4.883493,300.278029,1.6969038740821674E-6
0.930641,443.116507,0.35254602671674595
1.214115,280.910625,0.2257235236876638
2.247472,414.305335,0.02513533672519075
-0.177442,384.63073,0.8592546252816701
0.076823,450.586466,0.9387984527860382
-0.705486,436.392911,0.4808842436172317
1.378805,294.586038,0.16900092895920116
2.258922,279.735863,0.024658220299814015
1.030093,377.857383,0.3036252512510347
3.464478,446.455373,5.825663849050589E-4
3.0942,427.223946,0.002103083218461421
2.278364,424.628313,0.023200842877628247
4.545183,437.220636,7.1134096140124115E-6
2.431029,430.634229,0.015463183112517376
0.481493,438.90916,0.6304061224271127
2048.0,NA,NA
0.198821,451.457568,0.8424922747845476
0.653415,386.146099,0.5138776480346658
-0.518491,429.073236,0.6043830128785033
-0.505455,425.573139,0.6135009726677338
2.699106,448.85664,0.007214997571717063
2.00006,434.197123,0.04611616728520063
2.756165,363.271664,0.006143278902992266
3.532426,395.666766,4.6033730287575736E-4
-2.248599,261.815863,0.02536995901491611
-0.353921,371.297615,0.7235989771947872
0.431577,435.650244,0.6662623731895825
-1.760707,409.954841,0.07903357257283596
-0.592215,341.226927,0.5540988262073803
-0.942399,293.790873,0.346762680075166
-0.137223,445.355142,0.8909165454753584
0.737141,441.781187,0.4614279071324374
0.317253,448.994779,0.7511991081896876
-1.210687,372.202708,0.22678360242631868
0.433772,420.959237,0.6646762278316627
1.299933,360.066357,0.1944554760913948
1.637696,284.345684,0.10259124256939689
1.979789,405.237609,0.0484033994749411
-0.383973,451.29761,0.7011792994622426
2048.0,NA,NA
-1.355153,313.531074,0.17634432829614932
2.962023,447.661723,0.0032189251321566026
0.688041,410.50406,0.49181556192740694
3.134745,256.473219,0.0019201672181761165
-2.59576,337.666516,0.009850307013096455
-1.228975,301.16906,0.22004055740769202
-1.676391,448.427792,0.09435859819921089
-5.370369,402.184838,1.331919845406937E-7
-0.893004,384.07337,0.3724142110190073
-2.031516,325.533435,0.0430146162261284
-0.807601,341.658782,0.4198822050845492
-2048.0,NA,NA
-2.349837,437.697041,0.019224956803772633
-0.296431,428.211391,0.7670446702841023
-0.723045,348.996625,0.4701365217603868
-1.204857,373.547252,0.2290212789495505
-3.679985,350.515064,2.6992438387437256E-4
-0.910891,443.476173,0.3628476434223037
-0.098697,451.48698,0.9214226547299185
0.225945,428.289471,0.8213519810867176
-0.330912,450.213166,0.7408649121201771
-0.033741,451.304354,0.9730986017541075
3.287197,315.834394,0.001125892138163831
-0.311292,426.231597,0.7557308400544165
-1.096284,417.128421,0.27358702094055043
0.578049,451.50478,0.5635192189251472
-0.88945,421.327187,0.3742688358848414
3.139019,405.938654,0.0018189771394101495
-0.727333,423.4017,0.4674239611354436
1.71335,352.763848,0.08752672509737502
-2.040636,427.064604,0.04190147907540573
-5.697568,369.493794,2.4852013260881966E-8
-8192.0,NA,NA
-3.808263,351.164763,1.6513803599064113E-4
-6.660665,444.033326,8.080016435017587E-11
-1.920332,436.91067,0.05546662833651254
-3.830023,439.237262,1.4677955558636095E-4
-0.024264,407.928247,0.9806538931040165
1.038367,407.283111,0.299715283424999
1.725111,448.448256,0.0851964252017996
2.361181,450.987267,0.01864122456629347
3.38973,418.678562,7.659716727415056E-4
4.002061,388.540693,7.520942343752779E-5
4.096885,234.384128,5.770925422399209E-5
0.931173,451.20463,0.35226203353711494
4.529935,434.990332,7.631432208166089E-6
1.920424,352.677935,0.05561050273931789
2.075118,407.257205,0.03860290255890231
1.199886,230.647037,0.23141466172414793
-2048.0,NA,NA
0.626298,439.875502,0.5314443600735062
4.977988,436.907276,9.26231373155062E-7
4.281753,444.882218,2.2730831408690477E-5
0.035196,451.491065,0.9719390068727711
3.904759,413.265297,1.1013162640649554E-4
-1.591491,365.035248,0.11236469867681897
-3.671784,405.701523,2.730839260818108E-4
-4.058216,349.81064,6.103413798259185E-5
1.158081,451.038548,0.24744382597764059
2.37861,451.501815,0.017793026114711008
-1.881113,400.912558,0.06068100657105539
0.452843,384.70171,0.6509170779068039
-2.635862,406.4275,0.008713661670876236
-1.105604,335.190495,0.26969087472533426
-4.045789,367.623273,6.358424362223489E-5
-2.356211,350.556745,0.019012261447207177
-0.011839,441.371925,0.9905594146510609
-6.568088,354.961112,1.8150145390256468E-10
-4.182379,359.778282,3.627953407014328E-5
-6.189956,332.172278,1.773265629588118E-9
-2.548046,312.496005,0.011311212128534006
-0.617745,440.246166,0.5370628487602769
-7.477886,292.204258,8.869465746326519E-13
-2.548305,348.375505,0.011253362211663606
-4.032477,410.903295,6.579688661092242E-5
-3.888534,309.648788,1.2344073680460607E-4
-4.501876,386.62663,8.927719899526426E-6
-2.581931,260.913165,0.010370893260298263
1.032526,320.905131,0.30260329027421706
-2.027971,295.764054,0.04345935269730853
-2048.0,NA,NA
1.163156,240.321567,0.24591983803467166
-4096.0,NA,NA
-1.471759,369.393861,0.14193738164136516
1.382109,410.862517,0.16768915253653072
-1.848932,444.968484,0.06513074276464476
-1.729473,428.419681,0.08444476210914842
-0.909509,431.732406,0.36358896674007546
-1.301587,420.602462,0.19377005417909643
-0.503874,441.964808,0.6146009890797524
0.46688,381.248746,0.6408524279666414
-0.02863,451.299325,0.977172341271367
-0.856864,438.05468,0.391988554310445
3.95174,419.765229,9.101132661815114E-5
-0.659679,423.921327,0.5098180651044791
2.658309,240.585585,0.008380103461233634
-0.127633,440.172233,0.8984977020119206
-0.060181,435.630472,0.9520390762094528
0.695323,398.30583,0.48725835506339377
-0.504282,435.162615,0.6143184521082437
-2.213403,441.562679,0.02738036086320034
-2048.0,NA,NA
0.634846,446.797776,0.5258538078082864
-8192.0,NA,NA
-0.402471,444.598445,0.6875308606279285
-0.022419,440.187815,0.9821238831810494
0.959666,448.016921,0.3377409525184534
-0.271272,344.779968,0.7863441833586369
2048.0,NA,NA
1.50192,266.655637,0.13430101007387263
0.022693,449.507983,0.9819052294904345
2048.0,NA,NA
-0.453545,441.890509,0.6503789920167897
-2.378363,400.798816,0.01785754364443614
0.86165,450.569484,0.38933847182062076
0.436954,441.724582,0.6623582322693158
0.251629,397.533187,0.8014578691259233
2.306599,450.332012,0.021530258134186964
-1.275765,442.33051,0.20270814044198437
-0.171779,451.365147,0.8636882633335858
-0.167166,445.757226,0.8673152425515958
-2.568664,388.925271,0.010581393825386025
-0.610962,446.101363,0.541535905133931
-0.997758,439.994719,0.3189451151737699
1.960377,305.471098,0.0508603915405077
-1.193808,419.83535,0.23322718611999338
-2.470828,258.438193,0.01412575376666093
-0.108368,436.144842,0.9137536201170543
-1.719928,279.144305,0.08655387123175196
-4096.0,NA,NA
-2.687445,304.261381,0.007596232853454477
-3.29017,433.708705,0.0010829805217244825
-2.653661,300.23412,0.008386410229047939
-1.635906,249.347857,0.10312086557857236
-3.03178,279.141069,0.002659541658450367
0.547943,397.480092,0.5840386164517473
1.988969,430.160189,0.04733765457311834
2.170009,411.961394,0.03057699940235792
1.021274,416.611972,0.3077173071303705
1.361074,370.124934,0.17431839429465867
0.033093,448.569371,0.9736151447110706
3.538254,259.107401,4.7719853061889417E-4
-0.945085,382.252269,0.34521247414839784
0.175903,421.815164,0.8604545624326951
-0.115239,445.375626,0.9083076238843099
-0.462347,403.81461,0.6440815124058702
0.622312,443.608373,0.5340564624911752
1.801042,387.536078,0.07247353093841014
2.264989,340.776659,0.024140826659162506
-0.992294,352.333104,0.32173510260823945
-0.064737,451.465808,0.9484120573723342
-1.306451,286.565656,0.1924467953079182
-8192.0,NA,NA
-1.630331,249.800035,0.10429176856527544
-1.124396,276.079807,0.26182172441186724
-4.033098,357.656928,6.732049560803568E-5
-2.21626,339.59294,0.027336064557834043
-8192.0,NA,NA
-4.239732,241.754366,3.187110120229479E-5
-2.259541,260.5456,0.024676177635854595
5.244082,436.780426,2.4524181685414703E-7
2.508316,430.215805,0.012497825261585938
0.635056,436.132602,0.5257249135616409
-2.293028,281.402428,0.02258396820983936
2.866135,308.924456,0.004440407119528311
0.747086,404.902146,0.455445255529773
-0.67577,445.694096,0.4995371604095832
-0.71188,404.644589,0.47694930174843675
-0.021298,448.928805,0.9830174020230819
-1024.0,NA,NA
3.527242,442.692886,4.6376484151333663E-4
3.245881,422.579834,0.001264071328877625
-0.501406,408.087518,0.6163557873386212
-2.753102,278.590526,0.006291297576119941
-0.912546,310.850927,0.36218854478747897
0.176333,421.691183,0.8601169891832701
0.617441,396.367502,0.5372984298220096
-0.569241,431.924725,0.5694884952736978
0.584233,444.80542,0.5593597372912782
-2.151721,364.412166,0.03207588153159854
0.674631,434.605032,0.5002689382473269
0.330827,451.107057,0.7409287718760269
-1.22918,262.762995,0.22010391221763947
-8192.0,NA,NA
0.582351,403.702689,0.5606553703213071
-0.787339,329.306693,0.43164974409438095
0.032414,436.893891,0.9741567006351024
0.803842,424.447399,0.42193818693599816
-0.173609,451.157381,0.8622506252778946
0.319274,448.82684,0.749667290637168
6.543566,448.578311,1.6430057314664737E-10
0.441764,429.010182,0.658882579136661
2048.0,NA,NA
2.375699,390.20905,0.017997921682925133
3.55326,437.956197,4.218314403576784E-4
3.389223,434.79607,7.64822123933806E-4
-0.882439,446.634927,0.37801413292216257
0.774545,438.811391,0.4390256992505017
-16384.0,NA,NA
4.551985,362.496727,7.264233354176142E-6
4.322465,451.185497,1.8999876830072537E-5
5.769354,450.213159,1.4817788773768825E-8
3.76425,438.87531,1.8976508877388554E-4
2.86915,437.745035,0.004314960358297482
5.816222,443.985938,1.152621753597316E-8
-0.063916,449.760884,0.9490655090152431
4.104196,288.700589,5.2846961693386874E-5
3.70545,367.87693,2.4343401237358897E-4
5.843888,434.376299,1.0019761020885198E-8
0.961853,451.164385,0.3366386678942548
0.506722,394.097581,0.6126332742253919
-2.807108,266.941999,0.005367403946690312
0.662302,448.295974,0.5081180233057729
-0.233,450.155198,0.8158673113494329
1.851108,442.980086,0.06481942595692702
1.523385,450.459237,0.1283641110008582
-1.408709,329.037708,0.15986548213333995
-0.128569,446.386266,0.8977566016723204
1.476969,245.461934,0.1409657576215646
-0.139979,449.769593,0.8887392443588421
-0.241498,445.117611,0.8092803765272211
0.539957,446.503071,0.5894958781975503
-0.737443,424.777425,0.4612601428998302
0.604777,410.676279,0.5456611761276065
-3.108661,363.332026,0.0020275748189997607
-0.296772,420.527144,0.76678710600319
-0.794746,420.433664,0.4272096616026977
-2.425277,336.245333,0.015822782821488034
-0.537777,419.606402,0.5910161115856429
-1.12386,425.69672,0.261705777071635
-0.784876,424.426844,0.43296414584550713
-0.668382,396.091421,0.5042790872117329
0.748481,441.010643,0.4545690610488222
2.268929,283.847413,0.02402334888242308
3.184502,438.116052,0.0015535029192319527
3.479586,405.825544,5.566075743990151E-4
2.944348,403.137282,0.0034237180883611718
0.483356,447.002012,0.6290796538372334
1.852291,327.376946,0.06488404391854319
-6.174149,414.782279,1.586354345951181E-9
-2.965589,275.210906,0.0032860051545490435
1.091556,445.124097,0.2756187766094391
3.915628,340.234854,1.0895761135598647E-4
3.038612,403.629368,0.0025312591940924722
1.552302,436.360091,0.12131492538795596
4.338341,450.841748,1.7732106840639972E-5
1.529545,446.498143,0.12683751709483504
1.098864,442.966803,0.27242427498042243
2.10459,362.534459,0.036014914365431805
2.595692,407.51033,0.009781062320582068
0.623402,451.15153,0.5333354154996064
1.347035,383.13639,0.17876512740164285
2.33705,417.860607,0.019908120570964583
1.695498,439.609428,0.0906890503494302
3.835661,391.451908,1.4591656440576806E-4
1.832491,422.530258,0.067581878999176
-0.928063,437.828039,0.3538862268313825
3.051512,345.244668,0.002453305236897796
-1.197867,386.70356,0.23170247620373918
1.877652,448.565671,0.06107739724119998
-1.067813,428.043509,0.28620671984139834
0.907281,450.5681,0.36474318886712864
-0.715218,393.206409,0.4748987965063899
0.266803,449.415387,0.7897432218315157
-2.774326,372.163568,0.005810464571895551
-0.885584,324.434853,0.3764976317718902
1.979959,434.957377,0.048337976255518056
0.784841,442.202421,0.43296705435346494
-4096.0,NA,NA
-1.491619,333.824592,0.1367434142859546
1.658858,407.419645,0.09791398863579737
-5.09754,356.355015,5.597188901401522E-7
-4096.0,NA,NA
-0.222677,448.100144,0.8238883655942784
-5.458922,314.648611,9.729726970457953E-8
-4.470279,391.905133,1.024144856450299E-5
-0.862145,400.334117,0.38912386382782804
-2.865927,365.732744,0.004398312520683755
-1.697722,362.153616,0.09041928441994274
-3.277886,290.969284,0.0011727132054294774
-2.299941,344.649651,0.022048610892228298
-1.541676,273.409529,0.12430892157896145
-2.045998,291.045534,0.041655100283418824
-8192.0,NA,NA
-2.135985,345.528264,0.03338305659115466
-4096.0,NA,NA
-2.275374,332.990482,0.023518541811110787
-1.059341,302.24312,0.2902903539035715
-1.619552,263.625431,0.10652415738437171
-4096.0,NA,NA
-2.981913,293.870812,0.0031043816887162
-0.781442,425.600998,0.4349770506869527
-2.974246,436.897342,0.0030998034636324444
-0.026448,428.043024,0.9789123347149395
-3.571804,355.577563,4.033337807057692E-4
-2.022814,304.004875,0.043967423975152325
-3.942349,270.089599,1.0285492260472806E-4
-8.482701,364.033284,5.600202913592247E-16
-1.346717,415.954576,0.1788047015637252
-5.131702,379.087489,4.595449916467283E-7
-6.434563,433.827797,3.2805842677285435E-10
-3.682847,372.146084,2.6481124877901247E-4
-5.132302,391.177659,4.518372229123907E-7
-4.396158,365.945477,1.44592808575242E-5
-1.290127,403.475448,0.19774547261697106
-4.533882,443.956954,7.458618226035535E-6
-4.337147,369.834606,1.8640366790774116E-5
-0.020634,411.78563,0.9835476124574551
-1.562165,318.557835,0.11924197563906946
-3.333545,273.555832,9.758055864057258E-4
-2.528968,273.730241,0.012001885942464393
-2.888185,387.16277,0.004092325057813912
-3.021734,293.458456,0.0027348363274772246
0.460325,428.563458,0.6455164291663589
-8.030115,368.616306,1.3230027418829833E-14
-3.671453,430.667039,2.714832896741397E-4
-3.202909,347.89753,0.001486076596941977
-4096.0,NA,NA
-3.251422,337.059285,0.0012642871086590616
-1.401984,318.416153,0.16189409616322725
-2048.0,NA,NA
-5.707185,357.7331,2.412928006465546E-8
-6.048134,377.498792,3.527374232180111E-9
-1024.0,NA,NA
-6.378118,324.839048,6.162546223889614E-10
-3.245823,337.349958,0.0012885336368425942
-0.532456,451.481546,0.5946721508955579
-4.395112,340.026242,1.4818484585616172E-5
-0.490211,375.277752,0.6242710680345895
-2.89009,261.543741,0.004174386636132189
-2.414588,368.130147,0.016239930766212055
-3.150376,269.929967,0.0018140504165207855
-3.849304,289.964572,1.457607829472854E-4
-4.219208,336.327611,3.156906835843877E-5
-2.168881,274.520976,0.030950231981628364
-4.104534,358.267146,5.020878334045199E-5
-1.838211,295.681027,0.06703432137332604
-3.963011,280.222019,9.397733178197838E-5
-1.924367,350.084875,0.055118864317637545
-1.376946,297.553543,0.1695639880373857
-1.586252,274.353007,0.11383402150451682
-4096.0,NA,NA
-0.404525,412.231397,0.686036503880083
0.370846,303.968336,0.7110105485279983
0.954448,450.652154,0.3403685972149668
0.430391,433.598092,0.6671250820495855
-0.557453,412.516554,0.5775203170919386
1.767447,449.58852,0.07783169352267483
-0.434266,441.483379,0.6643074475494488
-3.345407,435.081517,8.928427647125092E-4
-1.350074,444.59252,0.17767915392724543
0.242151,442.863674,0.8087752555015886
-2.830244,314.414541,0.004950587800818704
-4.85117,448.667453,1.6959228627426525E-6
1.015407,450.889312,0.31045640777858674
-2.97996,445.108318,0.0030406990151904956
-1.485326,451.155451,0.13815587672425222
-0.067756,450.74871,0.9460099146068015
-2.043122,447.805532,0.04162522408577589
-16384.0,NA,NA
-0.856197,451.370255,0.3923431176519607
-1.444106,438.677615,0.1494229662372264
-1.434719,450.304191,0.1520613117247348
-1.649705,437.003659,0.09972184310263243
-1.483927,446.534982,0.13853378498837543
-2.166841,447.537791,0.030773907323968227
-3.682055,444.580255,2.59811980060879E-4
-2.34856,442.617636,0.019285206934782872
0.302602,444.002247,0.7623349006668065
-0.916413,445.21852,0.35994643135539084
-1.626852,449.343628,0.10446954375467266
-1.137665,446.280473,0.25587080656905703
-0.86697,451.495627,0.38641896112863383
-1.626253,371.797977,0.1047430792134868
-1.192956,240.294427,0.23406318574254537
-0.180933,443.105752,0.8565028927494602
-2.162948,426.567674,0.031100080981277468
-1.448885,429.300352,0.14809972227728008
-2048.0,NA,NA
-1.448116,433.707176,0.1483071203805919
