t-stat,Degrees Of Freedom,p-value
-3.41262,158.524043,8.167092287399676E-4
4096.0,NA,NA
-1.000276,170.856756,0.31859149389712393
-0.906421,185.72454,0.36588752801199576
0.371653,279.928982,0.7104323797943009
2.724425,153.375401,0.007189587839555145
-0.277443,272.850155,0.7816500592561594
-0.493722,255.125454,0.6219272930685982
0.237567,257.070127,0.8124061745234901
0.656727,270.003161,0.5119158135921515
0.10066,253.161476,0.919900036443627
-1.215929,180.910993,0.22559618526629333
1024.0,NA,NA
-2048.0,NA,NA
-1.04206,265.201256,0.29833287064233616
0.253323,253.996786,0.8002235413715715
2048.0,NA,NA
0.022547,252.783886,0.9820294083936993
-0.948966,279.365029,0.3434580880910727
0.38706,246.656267,0.699045532807087
-1024.0,NA,NA
-4.278737,233.42247,2.7436676365954878E-5
-0.827519,247.94961,0.4087386781279998
-1.960858,209.467926,0.051221027981180466
-0.158031,275.270836,0.8745482356488643
-3.382161,184.477766,8.780750349865828E-4
-0.71667,201.714731,0.4744066951625334
-1.397447,243.508879,0.1635510964023279
-0.219156,252.028404,0.8267059088526929
-3.112331,233.368122,0.00208777336139678
-1024.0,NA,NA
-0.564006,251.173443,0.5732532931962802
-1.027245,272.600783,0.3052157425395797
-2.905206,254.897464,0.0039924030684806155
4096.0,NA,NA
0.646085,174.035624,0.5190753308620888
4096.0,NA,NA
-8192.0,NA,NA
-1.653565,217.581817,0.09965794335910805
1.360503,274.241989,0.1747879410821278
0.383948,279.44915,0.7013089600404303
-0.928249,232.447711,0.35424129524361647
-2048.0,NA,NA
1.922945,251.526821,0.05561602262531751
1.450531,179.603235,0.14865469171600587
0.462272,270.416393,0.6442579910778201
1.356047,261.900993,0.17625220285818477
1.221587,271.480174,0.22292356073088193
1.77199,176.795249,0.07811868773256037
-0.383364,279.693153,0.7017411162790734
-0.946463,250.764242,0.34482360019937564
1.188103,185.197352,0.23631425036480147
0.571543,280.004973,0.5680901131967144
-0.53582,278.677817,0.592510340352849
2.066919,263.611904,0.0397181039253196
-0.61286,279.819319,0.5404666808060974
-2.04706,255.70785,0.041674354861921156
-2048.0,NA,NA
1024.0,NA,NA
1024.0,NA,NA
4096.0,NA,NA
4096.0,NA,NA
-0.866171,193.019902,0.3874717721802201
0.359219,277.674835,0.719704270872283
0.92149,271.352972,0.3576131999178851
-0.86076,140.949717,0.39083207274635934
4096.0,NA,NA
0.154024,275.271699,0.8777036712332007
1.704845,277.150848,0.08934392221572507
0.260598,270.697742,0.7946006588755574
1.535142,198.758963,0.12633923264486446
1.16516,277.281698,0.2449556043288772
2.531866,279.964196,0.011892872750089545
0.071189,273.738285,0.9432993178631244
0.115442,275.446739,0.9081789030923977
3.330743,277.626163,9.834758574327473E-4
-0.055949,277.027931,0.9554227656644341
0.807667,209.105289,0.42020011176279115
1.71507,223.427179,0.08771885612383512
-1.022902,144.735275,0.308060836135712
0.854171,264.509961,0.3937831667969527
16384.0,NA,NA
-0.338499,270.2065,0.7352500569621443
2.63705,154.056443,0.009220076585248371
1.166817,244.145596,0.24442269172672204
0.937656,279.276656,0.3492313892297372
0.903939,262.167685,0.3668576041306797
-1024.0,NA,NA
0.214693,274.979766,0.830165811050231
2.907689,254.188876,0.003962780184302517
1.244085,151.675993,0.21538744492075246
2.052074,272.834238,0.04111667186228174
2.027777,274.867631,0.04354755408241684
1.245634,280.285823,0.21393905119293888
1.890408,275.261455,0.05975373515712756
32768.0,NA,NA
-0.021889,279.455092,0.9825521201830282
-2.552914,197.510084,0.011437898031195555
-1.824734,219.153963,0.06940264705213986
-0.633546,271.702031,0.5269100932058144
-1.895226,214.069708,0.05940990446766139
-3.431678,229.180164,7.115211287532407E-4
-2048.0,NA,NA
0.564942,276.219964,0.5725717389690372
4096.0,NA,NA
-0.012509,274.740977,0.9900286008241536
0.9705,252.047666,0.33272771729434125
-0.546841,252.267493,0.5849713505456406
1.962354,280.015814,0.050711403552645695
4096.0,NA,NA
-1024.0,NA,NA
-0.348051,248.326947,0.7280967399049273
-0.531807,245.061927,0.595341429782887
1.202642,188.29961,0.23062494458733518
-1.075645,197.797138,0.28339633934014696
-0.174629,260.723462,0.8615066872452085
-1024.0,NA,NA
1024.0,NA,NA
0.724161,277.109878,0.4695778200054903
0.257222,279.809122,0.7971964523218005
-0.616617,168.84161,0.5383179025531859
-0.812142,209.31426,0.4176328170718052
-0.933635,253.080537,0.3513820983376096
-0.923372,175.958132,0.3570778408531078
2048.0,NA,NA
-2.738935,256.788509,0.006595585219174271
-2.109906,231.398522,0.035940597300784756
0.42545,248.277892,0.6708772019512368
-0.68865,226.388446,0.49174865072013363
-2.592615,172.780718,0.010340893141719845
-0.624511,275.46653,0.5328089449184937
-3.081132,207.75847,0.0023413165520843435
1.166759,269.510796,0.24433904416800378
0.866786,203.212794,0.38708157476804117
-0.298297,270.377726,0.7657056018974995
0.352678,264.204652,0.7246110410652264
0.870211,200.463228,0.38522593698925567
-3.221077,268.259276,0.00143456184184256
-1.922558,167.929336,0.05622806525015393
-2.61746,157.189403,0.009723982245473353
-0.174743,269.244796,0.8614129065685343
-2.540967,197.960629,0.011821311096845985
-1024.0,NA,NA
-4096.0,NA,NA
4.186751,245.081302,3.948275040399629E-5
4096.0,NA,NA
8192.0,NA,NA
4096.0,NA,NA
3.604731,203.891674,3.9280225183180306E-4
-1.845247,236.331322,0.06625265965830471
2048.0,NA,NA
1024.0,NA,NA
0.904276,280.285411,0.36662564132118036
0.418557,272.847871,0.6758691887848722
0.697889,232.338377,0.48594445270272324
4.071317,215.311978,6.566801356155949E-5
2.976719,203.617247,0.0032665298310707858
0.062321,279.342282,0.9503517732981721
1.207986,280.280811,0.22807091697073956
-1.597742,253.0518,0.11134831767441355
-0.06768,278.893467,0.9460888653835277
0.540733,276.475953,0.589126995312911
4.884805,228.26173,1.9481302653279187E-6
2.367048,189.797982,0.018937082453407417
0.707334,279.99449,0.47994724164987446
-1.935656,189.320515,0.054399387460007116
4.191301,223.357266,3.996983226062234E-5
-0.087588,275.648686,0.9302677351405915
4096.0,NA,NA
8192.0,NA,NA
-2048.0,NA,NA
1.08805,184.737305,0.2779904912791209
0.373145,278.061874,0.709324827753846
-0.001289,272.792005,0.998972469186135
0.577577,277.971231,0.5640172733905928
0.818486,205.426477,0.41402816266280595
4096.0,NA,NA
-0.15272,251.675425,0.8787414547256693
-2.206278,238.836297,0.02831701088939964
1024.0,NA,NA
1.43461,226.999792,0.1527744906597963
0.626347,259.161588,0.5316386505765678
0.182513,279.322535,0.8553125463685824
1.305658,206.938107,0.19311854050951682
-0.094785,232.771246,0.9245671447138433
0.378133,227.064929,0.7056850564097834
-1024.0,NA,NA
-0.551702,208.356687,0.5817437545700288
1.511395,248.04759,0.1319607483632601
3.212648,209.820648,0.00152231933574698
1.128144,279.740119,0.2602257275040487
2048.0,NA,NA
1.212285,270.368873,0.2264615852588867
2048.0,NA,NA
-2.328195,226.552514,0.02078324952811583
-0.113714,280.262188,0.9095459292408652
-0.27728,278.807644,0.7817705911164654
0.595439,252.390684,0.5520835895842089
1024.0,NA,NA
1.183169,191.268497,0.2382107009215062
0.228834,265.760562,0.8191739314353261
0.755495,278.424704,0.4505906790756804
1024.0,NA,NA
1.048912,279.357389,0.29512521713317863
0.876536,280.213705,0.38148952618327936
2.12738,280.275434,0.0342615680633751
1.4756,277.117144,0.14118660142742234
0.649019,271.702408,0.516874310900655
0.061078,279.39798,0.95134075685147
1024.0,NA,NA
0.998147,231.939899,0.31924827298035496
-0.32968,273.031571,0.7418945518978092
-0.586713,244.63417,0.557937496469408
0.478798,278.7572,0.6324576822869765
-0.700138,257.754354,0.4844725722589027
1.982392,279.329428,0.04841508133981631
1.830659,272.537167,0.0682433244014935
0.708174,267.285349,0.4794543167890861
1.280384,270.315906,0.20150770105222104
-0.901488,184.380627,0.3685049672949383
1024.0,NA,NA
4096.0,NA,NA
-1.705668,249.881566,0.08931252009865998
1024.0,NA,NA
-1.236835,252.041793,0.2172995502275602
0.308586,259.027686,0.75788450459891
2048.0,NA,NA
-0.460199,198.255485,0.6458777113933624
-0.657759,242.822162,0.5113160562586319
-0.660364,242.08859,0.5096481062451188
0.872559,274.646373,0.38366568847520477
-1.871409,180.847887,0.06290334967567865
-0.93402,223.225286,0.35130280204813025
-0.066023,276.134945,0.9474072887859994
1.068558,229.434808,0.28639184668970064
1.229109,280.28511,0.2200618113694921
-0.08876,279.354634,0.9293362454136495
8192.0,NA,NA
2048.0,NA,NA
-0.596413,245.26386,0.5514494267348945
1.486756,265.23411,0.1382670181089236
-0.664912,257.588338,0.5067016261576398
0.767559,255.077301,0.44345914164177724
-1.739381,218.872602,0.08337362891466073
-1.148262,165.231112,0.2525200976993889
-2.146237,266.564738,0.032756892399298146
-5.059649,236.630237,8.43083100008518E-7
-2048.0,NA,NA
-0.993832,229.114667,0.3213531007660886
-2048.0,NA,NA
-1024.0,NA,NA
-2.265889,224.131704,0.024413148787566535
-8192.0,NA,NA
-4096.0,NA,NA
-1.265484,215.002889,0.2070675585060966
-3.065074,191.732198,0.0024899347392906197
-1.10874,256.868197,0.2685793664900895
-2048.0,NA,NA
0.695613,166.746002,0.48763955524223324
-1.192587,210.972748,0.23437074420710002
0.075465,280.039302,0.939898625692793
16384.0,NA,NA
-0.223745,209.28373,0.8231739871597363
-0.780623,256.398067,0.43574435486823226
0.253431,265.421923,0.8001313640362153
-0.458455,226.105061,0.6470659259892111
0.489487,274.705924,0.624887583534012
-0.614547,254.823181,0.5394022465296862
8192.0,NA,NA
-2.259975,233.083794,0.024746693352273693
-4.049729,230.725787,7.004790925665916E-5
-8192.0,NA,NA
-2.008501,247.219689,0.04567765036882716
-4.242948,271.265728,3.0306687063222265E-5
-1.566722,247.903388,0.11845523676047498
-3.130577,257.825785,0.001945503316723375
-2048.0,NA,NA
0.746097,269.739175,0.4562585424335761
0.223156,279.942605,0.8235768412357554
1.331243,279.939014,0.1841921688682746
3.14982,249.304043,0.0018330728644790906
2.481784,272.469896,0.013675776509374238
1.569996,158.26374,0.11841319478868284
0.744952,279.94797,0.4569256699792592
3.583712,270.254446,4.0174411508187013E-4
1.766129,223.504339,0.07873936278279636
0.492388,269.837234,0.6228454573321274
-1024.0,NA,NA
-2048.0,NA,NA
0.129745,278.435244,0.8968618577362641
2.652736,264.013653,0.00846788448842073
3.040259,271.567411,0.0025945648197536197
-1.384301,163.138922,0.16815695996451274
0.914473,279.479076,0.3612566376975952
-1.363416,234.67463,0.17405797625279518
-3.772578,210.754551,2.099439307301543E-4
-3.290857,188.641418,0.0011921051859725988
0.633602,280.277249,0.5268572951480925
2.156108,279.750664,0.031927670874666525
-0.889515,246.486431,0.3745936746705055
-0.425527,258.454319,0.6708066512870956
-2.159683,223.111299,0.03186341866372696
-4096.0,NA,NA
-3.402284,198.593041,8.080783871942608E-4
-2.507137,151.535525,0.013225852006352587
0.047663,279.892149,0.962018813591899
-4.821725,217.659386,2.6716525728147086E-6
-3.771614,213.804137,2.099520781727094E-4
-4.296425,196.826692,2.7261411266300433E-5
-2.034299,204.076914,0.04321523834956952
-0.427042,266.672989,0.6696933130358413
-4.657926,222.512794,5.49501849116783E-6
-2.418413,212.2476,0.01643203743104124
-0.864826,276.105279,0.38788504610257313
-2.878174,199.496076,0.0044356570444106696
-1.729921,267.189933,0.08479916303710976
-1.430127,186.584234,0.154352984015806
0.119722,275.009296,0.9047907849469787
-1.630775,190.543667,0.10458960438416653
-0.792357,242.126112,0.42892818704820956
-8192.0,NA,NA
-1024.0,NA,NA
-8192.0,NA,NA
0.75826,158.897971,0.4494185185252799
-4096.0,NA,NA
4096.0,NA,NA
2048.0,NA,NA
-2.461272,256.677933,0.01450309036775294
-3.361631,169.130289,9.580491517966593E-4
-1.478323,244.397634,0.14060895742939972
-2.667113,142.685606,0.008534811675961256
0.154957,270.768662,0.8769706627769631
0.295904,238.77867,0.7675605723978558
4096.0,NA,NA
2048.0,NA,NA
4096.0,NA,NA
-0.759136,272.888816,0.44842642784661646
3.785727,257.167487,1.9079261188559293E-4
-0.307932,248.569612,0.7583919474942755
1.877364,150.724059,0.06240059310911206
-2048.0,NA,NA
-4096.0,NA,NA
-2048.0,NA,NA
-1.527607,186.896788,0.12830074433648653
0.301598,280.038334,0.7631823738012391
-2.718925,255.433122,0.006998393537558348
-2048.0,NA,NA
-4096.0,NA,NA
-4096.0,NA,NA
-0.234383,279.891561,0.8148590155034432
-0.012438,247.659291,0.990086181285442
0.367938,274.916261,0.7132025889096911
-8192.0,NA,NA
-2048.0,NA,NA
4096.0,NA,NA
4096.0,NA,NA
0.452666,279.958516,0.6511398493887217
2048.0,NA,NA
-0.480091,274.739125,0.6315446929869599
-2.059804,247.893609,0.04046146208038148
-1.14465,256.374826,0.2534216685795223
0.866186,276.979964,0.38713785106036935
-2048.0,NA,NA
-0.351784,276.971843,0.7252677449504468
-1.839465,260.745698,0.06698364135116214
-1.552338,192.955955,0.12221999484877466
0.094442,277.64917,0.9248261731117104
-2.076583,258.019213,0.03882995450307124
-1.895615,237.169967,0.059226783750352154
-0.809514,274.087527,0.4189217499058706
4096.0,NA,NA
-1.378282,227.50751,0.1694701520566898
-1.403375,186.014229,0.16217214178662376
-0.728431,153.199285,0.4674617804467782
1.171858,228.907431,0.2424723069228163
-2048.0,NA,NA
-1.103884,187.522637,0.2710579564727219
-4096.0,NA,NA
-1.769307,217.555321,0.0782436369073898
-3.662138,236.670359,3.0857069564156696E-4
0.176204,280.114853,0.8602609986839058
-0.134172,267.579156,0.8933674273532871
-0.456764,258.85684,0.6482237308743388
-16384.0,NA,NA
0.867662,236.003836,0.38646077292077674
1.49273,270.791562,0.13667202825177638
0.470067,266.247287,0.6386919447995851
-0.516281,278.349298,0.6060680584256839
0.690613,247.401639,0.4904561852900422
-0.083942,277.251031,0.9331631232267118
3.047544,156.714557,0.0027084884514294583
2048.0,NA,NA
2048.0,NA,NA
0.706564,165.262182,0.48083245287447385
0.230991,198.26679,0.8175599863375007
0.11563,275.427937,0.9080300431285757
0.909687,255.045842,0.36384646660294195
1.534054,235.929879,0.12635624173241955
-1.734628,156.533584,0.0847751639259331
-1024.0,NA,NA
0.003886,255.538293,0.9969024603121466
-4096.0,NA,NA
-4096.0,NA,NA
-1.250034,158.559654,0.2131289267648665
-0.671106,180.091626,0.503012841976115
-1.313451,260.583639,0.19018631000280983
-1.298488,245.762174,0.19533680653462293
-4096.0,NA,NA
-2.553809,159.106818,0.011594619055370556
-1.835604,169.042301,0.06817331190693449
3.652155,273.139227,3.116459577909847E-4
2.710687,258.973592,0.007163243537514186
0.376982,267.104524,0.7064863050182169
-1.174133,230.591329,0.24155294246697212
2.881801,194.457738,0.004398478884215518
0.157532,270.972138,0.8749429116180689
1024.0,NA,NA
-0.120097,274.044104,0.9044943078971713
4096.0,NA,NA
-1024.0,NA,NA
3.107897,273.116101,0.0020830960232915974
-0.374199,228.646126,0.7086030527624072
2.421547,267.172815,0.01612088427702929
0.941517,243.451051,0.34737328734104045
-0.068399,263.514307,0.945519889388092
0.120225,274.956782,0.9043927161487919
0.546051,191.502656,0.5856664390696811
-1.797626,215.517714,0.07363605850262106
1024.0,NA,NA
-2048.0,NA,NA
-2048.0,NA,NA
1024.0,NA,NA
-2048.0,NA,NA
-0.991187,216.918063,0.3226986295669778
0.355907,254.599137,0.7222049359503191
-1.601811,213.421928,0.11067645911151192
0.066739,268.373529,0.9468391771558866
4096.0,NA,NA
1024.0,NA,NA
-8192.0,NA,NA
-0.629531,235.118388,0.5296127162364833
-4096.0,NA,NA
-0.120847,260.759545,0.9039052879806938
0.76616,261.202215,0.4442729297813304
-1.063403,186.91923,0.28897110179458574
0.614356,280.228154,0.5394785658938912
6.578317,280.148457,2.328233161819071E-10
-1.137737,231.239938,0.2564077887228883
2048.0,NA,NA
1.736375,259.901275,0.0836825183667318
3.92386,278.191205,1.0987770986292666E-4
3.502544,278.390694,5.366691908990084E-4
1.367181,163.307503,0.17344748007318933
-1.534258,226.603522,0.1263611782807581
0.12583,279.709641,0.8999568888519343
0.297453,257.305803,0.7663606952773008
-16384.0,NA,NA
1.923347,165.213179,0.05615606496674119
-4096.0,NA,NA
4.331024,232.59065,2.2075918484354418E-5
5.467879,267.855754,1.0436101804955911E-7
6.571979,272.809434,2.5108937151685495E-10
4.45666,279.222298,1.2064242230325206E-5
3.437275,277.516768,6.776666375878371E-4
5.858291,279.951045,1.310133512788525E-8
0.081454,277.963169,0.9351395250719419
3.85387,175.912392,1.627776867532127E-4
3.685916,200.772176,2.9317172702558736E-4
6.697125,277.721557,1.1763012786047966E-10
1.929429,276.525964,0.054700643012388195
0.70561,237.63409,0.48112181960384914
-2.230464,169.646374,0.027027982837646146
0.509761,279.528286,0.6106211388536236
8192.0,NA,NA
-4096.0,NA,NA
0.392893,279.465741,0.6946980332994364
-1.200351,150.38065,0.23189053271231652
-4096.0,NA,NA
2.031973,270.712542,0.043132747933550375
1.997021,279.946206,0.04679081226848014
-0.96242,195.298632,0.33702877098569417
-0.353702,250.152124,0.7238601434428957
16384.0,NA,NA
-0.640103,236.96966,0.5227240461270438
1024.0,NA,NA
0.142125,265.322826,0.8870891329321471
-0.286477,237.383338,0.7747626739322516
-0.543929,270.74312,0.586937960882549
0.240064,268.739272,0.810463655902542
-2.016906,238.479986,0.0448261347737803
-0.184894,258.813424,0.8534569794247757
1024.0,NA,NA
-1024.0,NA,NA
0.03705,280.210565,0.970471519567516
-8192.0,NA,NA
-1024.0,NA,NA
-3.131702,153.932568,0.002080508813797954
-0.79545,234.600937,0.4271558552282524
1024.0,NA,NA
-0.030427,278.819449,0.9757482800713085
0.695494,273.920443,0.4873353763757282
1.96623,166.583696,0.050933798543548514
2.301477,274.862699,0.022112815595236812
2.850049,255.657987,0.004727532733133533
1.628503,268.340902,0.10459170446784682
0.793026,273.483738,0.4284501129990812
1.774741,204.063279,0.07743149300475216
-4.966666,244.165322,1.2806646758720276E-6
-16384.0,NA,NA
1.22969,274.282226,0.21986696710800224
2.981417,227.007259,0.003181908487560614
2.351364,264.83706,0.019437864661525417
1.179819,276.047752,0.2390879477848733
1.316935,266.015448,0.18899374980163341
1.112678,270.966992,0.2668328881283344
-0.415269,231.412425,0.6783297595904636
0.945725,252.105102,0.3451944001260645
2.035914,277.079893,0.04271008731361192
-0.262889,277.055437,0.7928315211869065
0.647396,260.178169,0.5179464890850436
0.396933,280.278079,0.691718944447981
1.041637,278.478888,0.29848345962584544
1.616372,279.66385,0.10714134760394778
0.315887,278.077662,0.7523252387877248
-0.022688,277.407253,0.9819154587202058
2.558366,228.304813,0.011163607880110948
0.629452,266.527533,0.5295923567954899
-0.2675,277.117611,0.7892831939024331
0.377614,274.847811,0.706008797578181
-0.687048,267.13968,0.4926484740697169
0.273184,279.642349,0.7849134197308703
-0.5549,237.887228,0.5794844266150858
-0.082322,275.35509,0.9344504691864485
-1.410007,249.245109,0.15978426219547115
-1.175705,145.19749,0.24163697362974856
1.923399,276.254665,0.05545758366584619
1.525327,263.982039,0.12837470314847366
-4096.0,NA,NA
-0.036352,262.332485,0.9710293334637787
0.596807,270.995084,0.5511345004615351
-4.376343,205.155493,1.9208907420552686E-5
-4096.0,NA,NA
-1024.0,NA,NA
-3.772168,199.275719,2.133216577059344E-4
-3.085119,243.018665,0.0022701616685982255
-1024.0,NA,NA
-1.62667,235.401613,0.10514504017653115
-2.237393,153.564689,0.02670015198345566
-3.007871,150.620781,0.003084150618217375
-0.71422,248.698821,0.4757609454513917
-1024.0,NA,NA
0.064681,279.231931,0.9484742717067289
-16384.0,NA,NA
-16384.0,NA,NA
-2048.0,NA,NA
-1.4989,230.379674,0.13526859143796666
-1.323806,164.75707,0.18740129621568824
-0.245231,246.51873,0.8064815969186445
-2048.0,NA,NA
-2.13844,202.870546,0.033676818224893074
-0.940151,256.748176,0.34802377408086804
-1.956696,267.649865,0.05142285674050672
-0.346096,241.365168,0.7295720621435222
-2.119642,248.815623,0.035026676862226026
-1.777742,175.199973,0.0771809176110558
-2.832632,164.697836,0.005193428143161244
-6.108039,226.234722,4.35577362627823E-9
-1.365473,199.705383,0.17364048081004346
-3.237021,257.000597,0.0013665231671106113
-5.125354,257.243635,5.839145746790167E-7
-2.010813,250.076007,0.04541858673543435
-3.822693,237.638245,1.686502051723348E-4
-3.713497,219.662757,2.5921603281192976E-4
-1.298603,232.133336,0.19536875911109364
-4.530473,272.125777,8.817550881141056E-6
-3.119419,247.960451,0.002026332012376663
-2048.0,NA,NA
-0.559574,178.615983,0.5764710610959776
-1.237311,206.451938,0.2173771022901333
-2.681898,174.905114,0.008021948827031609
-1.206501,190.405606,0.22912126366435392
-4096.0,NA,NA
-0.617786,264.469441,0.5372480086823562
-2.054442,189.334961,0.041306761528866885
2048.0,NA,NA
-6.191901,245.780769,2.477718482953101E-9
-3.363202,265.493653,8.839870400083626E-4
-1.683322,252.03601,0.09355096180924904
-4096.0,NA,NA
4096.0,NA,NA
-0.897811,238.230536,0.3701927707880718
-3.543151,185.695897,5.001016757190917E-4
-1.881077,166.30768,0.061709230678081574
-2048.0,NA,NA
-4.56558,220.955465,8.270095553865908E-6
-4.253954,244.654848,2.9922813907480667E-5
-1024.0,NA,NA
-2048.0,NA,NA
-5.911893,198.245547,1.4570489837460995E-8
-1.665168,253.659622,0.09711381404118946
-0.06097,259.132619,0.9514300978188324
-3.416757,228.527908,7.500068377944062E-4
2048.0,NA,NA
-1024.0,NA,NA
-2.323325,168.849619,0.021353779428930436
-1024.0,NA,NA
-0.783876,261.160548,0.4338232263690477
-2.182252,209.407853,0.030203494440363285
0.078028,278.495539,0.9378618112805839
-2.734705,185.286199,0.00684981940114678
-2.985438,229.483611,0.0031385144321035385
-1.903562,172.403491,0.05863330457920025
-2.732103,242.61189,0.006755835406249964
-2048.0,NA,NA
-1.495768,230.851741,0.1360799282061883
-2.98927,173.332501,0.003203057647267085
-1.788414,162.234208,0.07557540705757561
-2048.0,NA,NA
-2048.0,NA,NA
1024.0,NA,NA
-4096.0,NA,NA
-0.266093,259.554086,0.790378837230437
0.797585,154.777404,0.42633327987541847
2.372566,277.30395,0.01834734948442529
2048.0,NA,NA
-0.692347,251.944999,0.489357049684331
2048.0,NA,NA
3.502289,193.229127,5.729518352362017E-4
-4096.0,NA,NA
-2.603695,268.162499,0.009736347493070225
-1.845773,268.644913,0.06602538276332554
1.247491,194.611958,0.2137165759290589
-3.071958,152.373352,0.0025194921503749797
-4096.0,NA,NA
-4.386979,280.228052,1.6287893092350106E-5
-0.609099,278.160136,0.5429559613148909
-1.916921,279.764524,0.05626645970850085
-1.011586,279.247148,0.3126117427918954
-1.243179,237.675596,0.21502680929071616
-2.214628,271.372324,0.02761651393854595
-16384.0,NA,NA
-0.811566,279.499542,0.417731299702115
-1.619516,264.15152,0.10652952084059919
-0.748879,280.275408,0.45455815237344854
-1.292308,271.883195,0.19734777414864213
-2.068616,269.921983,0.03953429749568613
-1.355777,276.44261,0.1762766359550776
-2.732451,277.211353,0.006690388784169275
-1.753164,267.557977,0.08071905777943707
-0.696389,276.516268,0.4867702029039368
-1.067222,277.944913,0.28679768401857497
-0.552099,280.23322,0.5813205585753038
-0.613411,278.64218,0.540105008908489
-1.282433,279.958389,0.20075162904441735
-1.460875,162.424702,0.14598149547678096
1024.0,NA,NA
-0.236294,248.435321,0.8133992407742444
-1.014884,265.856395,0.31108384821563906
-0.523474,271.10552,0.6010720586506701
-2048.0,NA,NA
-2.198404,234.251332,0.028899052061354305
