t-stat,Degrees Of Freedom,p-value
-0.403535,351.323956,0.6868001835770496
-2048.0,NA,NA
0.711521,349.803183,0.4772356542713907
0.394443,337.075913,0.6935034446971802
-1.253812,259.250817,0.21103977141672536
-0.53865,315.026073,0.5905087908719568
0.462894,346.301048,0.6437310897810282
1.702198,227.707289,0.09008298569745588
0.522122,331.101241,0.601934516004603
-0.678125,248.040894,0.49832455396355
0.999375,316.345897,0.3183768762978816
-0.653915,346.329063,0.5136005202192346
-0.993847,344.044398,0.32099582616258027
-0.294624,303.685741,0.7684824216064222
0.744007,333.207546,0.4573965720284425
-0.856101,347.543625,0.39253176921335264
-0.708538,270.696444,0.4792209240070666
-3.611125,332.522477,3.5187134159528534E-4
0.286889,351.381351,0.7743664071276435
-0.592311,347.24422,0.5540278313114787
-2.344437,203.242857,0.020020779953663265
-2048.0,NA,NA
-1.058447,323.194303,0.29064213373536274
-0.147439,350.921896,0.8828701970632765
-3.114574,258.974939,0.0020491365234680944
-2048.0,NA,NA
-1.17175,227.971309,0.24252058551373767
1.119986,282.316641,0.26367162442677916
-1024.0,NA,NA
-2.376518,178.888525,0.018533186863819922
1.973868,297.25801,0.049322470102229454
-0.243942,342.357698,0.8074218578305764
0.530062,347.113322,0.5964078376238278
-0.565891,331.997897,0.5718501536628637
2048.0,NA,NA
-8192.0,NA,NA
0.567336,351.057798,0.5708485269865784
0.361682,343.971069,0.7178117519809386
1.206261,291.577833,0.228694704738984
2.572762,284.263902,0.010596624310346137
-0.409194,250.991469,0.6827462579322485
-0.486943,317.001395,0.6266352430199695
2048.0,NA,NA
1.627463,345.454172,0.10455049237731528
2048.0,NA,NA
1.64203,345.645247,0.10149324909383362
-0.449999,351.066532,0.6529888969379309
1.814246,297.539621,0.07064693875318695
-1.717154,325.992701,0.08690080272739642
1024.0,NA,NA
4096.0,NA,NA
16384.0,NA,NA
-0.092239,336.735522,0.9265630023564658
-0.219451,306.014029,0.8264450515672058
1.158635,326.343942,0.24745213699905433
0.229376,317.662199,0.8187243023914867
-0.287605,295.012954,0.7738510428583552
-0.243338,245.68777,0.8079466177077504
2.998314,332.392189,0.0029194123033733366
0.279599,350.201456,0.779950236199435
-0.41226,328.970058,0.6804173789037646
-0.939589,323.095711,0.3481303155866351
2.975997,324.56746,0.003139696572998174
2.065989,253.485721,0.03984567757761104
0.647871,319.779079,0.5175332654391442
1.000241,350.571359,0.31788378388686844
2.354887,196.001614,0.019516957137369673
1024.0,NA,NA
-1024.0,NA,NA
1.552101,331.871344,0.12159113453463855
1.054827,225.729145,0.292632156612908
-0.48012,336.342259,0.6314541598866916
-1.050449,182.683796,0.29489932196509694
-0.492393,299.10102,0.6228027753254046
-0.588678,326.318337,0.5564845483467178
1.75483,292.268647,0.0803361997999561
1.209835,332.824948,0.22720080817014665
1.138635,226.927178,0.2560560342968552
-0.31751,350.232455,0.7510458589159477
0.381318,350.912441,0.703198068353766
0.568842,346.137979,0.5698322621571656
1.44286,349.953437,0.14995436607770962
1.690226,350.175134,0.09187464832875047
2.455047,312.966263,0.014630410141377004
0.520945,337.181767,0.6027470267028328
-1.992586,283.606535,0.0472651003796937
-0.317032,345.880001,0.751410595187411
0.35922,351.088822,0.7196464594326542
0.413894,349.635315,0.6792055119379872
0.071894,351.204822,0.9427271885380515
-0.016066,343.994236,0.9871910520397551
-4096.0,NA,NA
-0.546181,317.357013,0.5853252753541344
-0.790575,282.290509,0.4298556954516153
-0.673215,262.144382,0.501403585819755
1.027822,325.001135,0.30479790449073585
0.116776,351.414687,0.9071042709066299
0.258029,325.853274,0.7965474130482766
3.299094,330.185865,0.0010758109407424943
0.331608,339.672895,0.7403897810520008
-1.149677,186.307214,0.2517506087436222
-0.95721,329.51297,0.33916302637157214
-0.259562,350.578162,0.7953540073127423
-0.565445,335.522379,0.5721490368114883
-2048.0,NA,NA
-1024.0,NA,NA
0.36666,351.290808,0.7140933926264661
-1.386947,287.578222,0.16653197813549658
-1.038252,312.621151,0.2999551099190443
0.364668,298.794343,0.7156172062713142
1.02382,300.562093,0.306743607378817
-0.235824,351.188567,0.8137067097980664
-8192.0,NA,NA
-2.778152,303.820233,0.005807069177578798
-0.111025,351.020672,0.9116599756513398
-0.310595,350.533492,0.7562931263258231
-1024.0,NA,NA
-1.237115,314.53674,0.21696720246344792
-8192.0,NA,NA
2048.0,NA,NA
-2.948651,181.188673,0.0036123706061959907
1.040968,351.41378,0.29860604076962205
-0.729177,345.972461,0.46638673367305583
-1024.0,NA,NA
1.192107,318.548114,0.23410660651186976
0.798423,336.04919,0.42518894139907104
4096.0,NA,NA
0.86863,321.07251,0.3856983590489895
0.870177,259.107475,0.3850091120655812
-0.669201,262.52818,0.5039553384849129
0.026168,337.469641,0.9791388063258084
-3.633009,339.169495,3.2346134730438245E-4
-1.565464,292.754058,0.11855441630395191
-1.812592,199.608554,0.07139721601547266
-0.407142,351.032511,0.6841518487212385
0.60751,236.352532,0.5440957376154762
-2.292606,276.42761,0.022621965961014196
0.563102,330.29162,0.5737474729710108
-512.0,NA,NA
4.720851,257.227673,3.862030801826677E-6
2048.0,NA,NA
8192.0,NA,NA
-0.726394,261.16099,0.4682477951278785
4.540744,209.882151,9.442717145091706E-6
-0.077376,350.269334,0.9383686122129858
-0.507854,316.860159,0.6119090684565083
1.262509,339.385886,0.20763249202317313
1.701151,232.537681,0.09025135013073937
5.534943,236.857348,8.234834614206932E-8
4.573375,204.717635,8.30331547518881E-6
1024.0,NA,NA
2.400991,348.966943,0.01687348775578723
-3.130255,298.022115,0.0019197308839809084
-0.503247,351.409344,0.6151059081073751
1.640988,295.036359,0.10186547600808082
6.391246,229.76756,9.064236028422101E-10
3.13415,207.444602,0.001973088027339198
2.031258,293.666302,0.043129208219971904
1.923164,311.548913,0.05537067759953418
5.395993,263.597291,1.5181176848955147E-7
1.621618,330.925851,0.10583750122529079
1024.0,NA,NA
2.995677,212.507064,0.003063630432522224
8192.0,NA,NA
0.821605,307.903413,0.4119374641271998
1024.0,NA,NA
-0.909029,329.152047,0.36399993411986853
4096.0,NA,NA
8192.0,NA,NA
-0.892703,323.291189,0.3726802368626958
1.365501,338.128476,0.17300333434252035
8192.0,NA,NA
16384.0,NA,NA
1.948872,231.506231,0.052518762929559815
1.385228,213.454996,0.16742864580113204
8192.0,NA,NA
0.598671,238.313554,0.5499609048577265
1024.0,NA,NA
2048.0,NA,NA
1024.0,NA,NA
1.865794,204.718075,0.06350059962954813
0.328115,351.397946,0.7430201318328029
5.026882,252.420887,9.455324481155714E-7
-0.271114,336.221204,0.7864697253518971
0.624566,350.547217,0.5326622246332358
2048.0,NA,NA
-0.366841,346.556759,0.7139615046088874
4096.0,NA,NA
-0.029975,350.697813,0.9761040421549843
-0.281356,308.641463,0.7786258970605073
-0.819947,335.262325,0.412828866517299
1.304981,208.652508,0.19333665959001767
4096.0,NA,NA
4096.0,NA,NA
1.207146,301.893,0.22832088125063432
4096.0,NA,NA
-0.659517,348.565325,0.5099993299190397
0.016882,349.030989,0.9865403986067878
1.834448,334.516063,0.06747552171894311
2.573739,350.366286,0.010471051694816103
0.880433,302.552874,0.37932360083055316
-1.14524,180.355501,0.2536271726389957
1024.0,NA,NA
-0.573126,246.319462,0.5670822179549758
0.081502,346.073735,0.9350898488829853
0.44993,346.055872,0.6530426211495184
0.528283,346.601054,0.59764100468226
0.372764,351.088297,0.7095490334766545
1.94157,337.468776,0.0530212259439542
-0.737991,323.315229,0.4610552204891164
-8192.0,NA,NA
0.675983,310.747615,0.4995542078224111
0.310019,313.240655,0.7567526596817293
-2.388483,182.226254,0.017939776497864154
0.748521,209.988885,0.4549835186018547
-1.198139,282.149823,0.23186836819766277
0.214009,346.872147,0.8306657817181304
1024.0,NA,NA
-0.52467,313.882664,0.6001829624491364
-0.270506,351.004265,0.7869299884126181
0.548977,341.196293,0.5833803072025354
0.944557,318.380591,0.34560133419020955
1.187644,314.245265,0.23587060046062236
-0.307973,350.357841,0.7582858858636088
-1.079997,220.224586,0.28132486673390933
1.483357,215.369169,0.1394414931422765
0.245453,338.617483,0.8062543904053323
1.978908,282.454683,0.048797447075155986
-0.608455,283.119204,0.5433735773028618
-2048.0,NA,NA
-1024.0,NA,NA
-0.16377,343.972929,0.8700083925202999
0.804005,272.669201,0.42209447457603155
-1.014753,334.804333,0.3109563347843044
-1.552645,346.871332,0.12141985220537921
-3.470659,340.786326,5.859233192509782E-4
-1.222391,217.561616,0.22288243269515617
0.030764,348.170971,0.9754753776852692
-0.741377,253.082018,0.45915226358492434
-1024.0,NA,NA
0.122795,348.319811,0.9023402527388227
-2.258358,317.547325,0.02460169218964808
-0.054609,344.094322,0.9564816607953188
2048.0,NA,NA
-1024.0,NA,NA
-1.637313,329.596094,0.10251944041539851
-0.096634,351.381026,0.923072146244179
1024.0,NA,NA
1.498738,271.464201,0.1351035729095469
-0.41449,336.444981,0.6787794335501622
2048.0,NA,NA
0.897452,344.478281,0.3701045650541306
-0.092517,341.044028,0.9263416067906514
-0.680049,302.169785,0.49699410777820086
1.523041,282.00168,0.1288690173145719
2.488739,245.385137,0.013483674893112862
0.106569,349.105722,0.915192124694429
0.90208,256.665488,0.36786011600417345
0.875648,312.397462,0.3818941895929133
-2.669002,322.215202,0.007992902793426071
-0.910677,279.251002,0.3632509872955353
-2.553796,299.917093,0.011150037796220287
-4.212068,350.639055,3.2210533399213184E-5
-3.393668,291.973608,7.849971525915779E-4
-3.363931,341.830866,8.556154788410375E-4
4096.0,NA,NA
-0.497579,315.954114,0.6191269174194641
-0.418588,348.6197,0.6757750144808286
1.088143,350.991448,0.277278593549779
1.94376,335.157158,0.052761077787208066
0.115146,349.221072,0.908395577417874
2048.0,NA,NA
-0.518533,341.087186,0.6044226620145021
1.376099,348.962615,0.16967342981021627
0.077705,350.401779,0.9381070683680734
-1.50373,233.537195,0.13400200869203482
-0.987257,285.823705,0.32435165764875895
1024.0,NA,NA
-2048.0,NA,NA
1024.0,NA,NA
0.023249,338.593103,0.9814653478227915
5.09242,351.14546,5.779478589040821E-7
4.027944,351.257661,6.899127239679004E-5
-0.825973,274.261851,0.4095373332361981
3.28098,280.234637,0.0011653765377994674
-4096.0,NA,NA
-3.541832,226.193943,4.824695485088736E-4
-2.235836,312.151727,0.026069097763337462
0.134542,351.160399,0.8930510807118786
2.76533,348.594904,0.005989168456324689
-0.880112,339.840846,0.3794205809358955
0.901341,257.504159,0.36824928446253713
-1.690567,255.917601,0.09213706638442798
-512.0,NA,NA
-1.190684,333.597795,0.23462421539823386
-8192.0,NA,NA
-1.097779,194.815488,0.27365596613877985
-2.306863,272.708838,0.021811977021215144
-3.706584,229.481524,2.6338753982125006E-4
-2.519345,298.465055,0.012279506870716664
-8192.0,NA,NA
-4.051509,250.442776,6.792978367437242E-5
-3.536952,168.631432,5.228857850847036E-4
-0.036701,345.32342,0.9707446176552671
-2.399787,191.027764,0.017365227120844904
-1.236032,326.574285,0.21733496362268934
-0.248655,324.758068,0.8037848306807923
-1.184325,242.476454,0.2374440386681913
1.763631,237.533266,0.07907971341397446
-0.305405,346.486184,0.7602411042302925
-4096.0,NA,NA
1024.0,NA,NA
4096.0,NA,NA
-0.929494,312.252868,0.3533511259387938
-1024.0,NA,NA
4096.0,NA,NA
0.260604,325.265618,0.7945628104323412
-0.882675,295.345385,0.378129748216418
-0.987288,341.188851,0.32420109005085707
-1.434822,328.858159,0.1522881292860886
-4096.0,NA,NA
-0.586959,338.827035,0.5576221284228864
-0.052646,350.594868,0.9580439487065073
0.433447,350.208407,0.6649569211313329
-0.060358,350.812678,0.9519048781969193
-2048.0,NA,NA
-0.082392,344.558404,0.9343828392978207
2048.0,NA,NA
4096.0,NA,NA
0.833135,351.021913,0.4053351088136228
0.78075,351.226458,0.43547543424974045
-4096.0,NA,NA
1.429143,286.290251,0.15405334481018218
4096.0,NA,NA
1024.0,NA,NA
0.465634,343.023077,0.6417729998802315
-1.277836,243.955309,0.2025218445714877
-3.496562,277.147103,5.4868660494515E-4
-1.800697,226.504476,0.07308090870596555
-1.215021,345.086064,0.2251887500770049
-1.565528,200.290408,0.11903772081250175
-1.17705,264.973913,0.24023177110993277
-1.38222,183.414756,0.16858507200107442
-1.209089,226.591921,0.22788874236952006
-1.369347,330.697489,0.17182004356206726
1.764142,225.009204,0.07906499942375711
-4096.0,NA,NA
-0.711568,342.967372,0.47721602421073805
-0.248561,298.432524,0.8038713396226377
-1.601647,338.939566,0.11016524040139619
-4096.0,NA,NA
-1.106343,261.362626,0.2695953503430718
-1024.0,NA,NA
-1.374424,286.057035,0.17038587236717262
-1.129205,183.066664,0.2602888637687327
-0.868567,196.175452,0.38614534687110547
-2.629389,232.710239,0.009124017864647187
-2.641268,283.62018,0.008717704777203036
-1.894492,333.269094,0.059025228577298215
-1.170161,302.641072,0.24285683155990923
-0.122367,344.104472,0.9026798050041148
-0.602384,334.139719,0.547327122272168
2.378427,282.943067,0.018050564617269726
-0.681759,293.824717,0.49592837932279554
1.606415,320.930013,0.10916618395837752
1.052428,335.48663,0.2933606516109164
-2048.0,NA,NA
0.018243,333.840616,0.9854558972788912
0.942067,294.885109,0.34692946277601866
1.840335,240.581794,0.06695074528627853
4096.0,NA,NA
-1024.0,NA,NA
-8192.0,NA,NA
-1.396569,260.575615,0.16373161474291464
-1.410464,217.38753,0.159832017085473
-2.146683,189.251286,0.033091323373564616
0.773031,347.930476,0.44002887610376606
1.022991,210.690651,0.30748524185593085
0.49422,334.812469,0.6214749087049651
0.040045,344.360156,0.9680804564706083
0.607842,323.057967,0.5437193234977016
-2048.0,NA,NA
-1.825328,179.340891,0.06961503810714553
-0.776403,258.222761,0.4382216485252364
-0.17989,350.279808,0.8573429460650772
0.11124,349.227752,0.9114899371819041
0.46494,350.914004,0.6422627902634734
0.989071,335.93627,0.3233402517846051
-2048.0,NA,NA
2.517113,329.789592,0.012305778114264365
8192.0,NA,NA
0.567095,351.325983,0.5710117879693857
1024.0,NA,NA
0.004077,349.558922,0.9967493593287626
1024.0,NA,NA
0.821829,334.157743,0.4117602126649844
-0.47351,300.649919,0.63619300438348
0.793016,305.857083,0.42838321845623195
1.984584,326.169125,0.04802837085071343
1.512553,326.372538,0.1313609279725556
-2048.0,NA,NA
0.442116,277.661453,0.6587494282261694
0.012949,340.67645,0.9896760612240045
-4096.0,NA,NA
-4096.0,NA,NA
-2048.0,NA,NA
-8192.0,NA,NA
-8192.0,NA,NA
-0.613633,331.429172,0.5398787878676161
0.341674,337.998141,0.732808566922936
-2.261431,175.206477,0.02496194535907061
-1.033095,197.025692,0.30282585926774575
2.236305,344.955171,0.025970651546163515
-0.176876,347.2989,0.8597088933966756
2048.0,NA,NA
-1.015075,308.147028,0.31086641530705816
0.921539,345.991681,0.35741120781494695
-1.073572,241.406574,0.2840864982246648
1.975203,255.927596,0.04931962536551038
1.682134,253.20519,0.09377563233779052
-0.272075,345.978506,0.7857266423091547
-1024.0,NA,NA
1.638352,342.54419,0.10226644805484986
1024.0,NA,NA
0.724409,345.692187,0.46930465962196033
4096.0,NA,NA
0.909824,301.106264,0.3636430390448573
1024.0,NA,NA
2048.0,NA,NA
0.819909,285.244358,0.41295256757667786
-2048.0,NA,NA
2048.0,NA,NA
0.266124,323.991233,0.7903129866049561
-4096.0,NA,NA
-4096.0,NA,NA
-1.179888,252.450032,0.23915539458690516
-1.51099,200.165,0.13236806041380877
-0.613784,201.83397,0.5400492190187387
-4096.0,NA,NA
-0.380643,348.88722,0.7036998229107272
-4096.0,NA,NA
-0.117722,331.588926,0.9063592099268356
-1024.0,NA,NA
-4096.0,NA,NA
-1.221609,212.861542,0.2232067129968558
1.49727,283.231405,0.13543658008422454
-4096.0,NA,NA
-0.898058,344.144622,0.36978248569113636
-1.237751,347.430874,0.2166442020818672
-0.121486,348.540022,0.9033761119277319
0.319318,346.247633,0.7496779474387052
4.634707,351.375611,5.045286690652517E-6
-2.091104,245.088069,0.03754877757088741
-1.51418,276.617851,0.13112194345037465
2.026859,279.422119,0.043626261856501536
0.519102,350.420631,0.6040172974478657
3.203552,342.803328,0.0014847700388322949
0.281376,351.371152,0.7785876525829656
-1.314434,343.379758,0.18957748545873931
1.193415,310.588477,0.23361766768907088
4096.0,NA,NA
-1.538517,229.862862,0.12529765986870323
0.898146,258.295675,0.36994415553095505
-8192.0,NA,NA
2.611638,324.030991,0.009430262900333775
4.752776,349.281993,2.9369181724359095E-6
4.690237,351.311192,3.913299239322043E-6
1.466509,348.697731,0.14341090883829644
2.064876,349.456024,0.039671973865820886
0.316869,328.933975,0.7515440172909669
4.736547,350.214703,3.1635655715067657E-6
0.640297,351.087556,0.5223971808290093
3.080075,307.267559,0.0022565362520412524
0.922551,350.613359,0.3568756444102599
3.078037,348.645108,0.0022487939364914666
1.581987,348.369415,0.11455995991059353
1.150704,334.6521,0.2506755768126756
-4096.0,NA,NA
-1.689012,248.349186,0.09247218502721644
0.672071,350.365297,0.5019814277787114
0.363021,299.240018,0.716845490227833
-16384.0,NA,NA
-1.619005,292.293193,0.10652464265919759
-8192.0,NA,NA
-1024.0,NA,NA
0.275117,349.858406,0.7833887532786177
1.789821,349.959406,0.07434716075308101
-0.680023,286.520696,0.49703896506819567
-1.337305,274.4249,0.182230463424495
0.729417,248.630969,0.46643321293393636
1.539586,221.628799,0.12508780498136574
0.10347,309.510802,0.9176569684742282
0.575643,270.791856,0.5653345589058028
-1.569728,275.32151,0.11762692819272846
-0.063475,349.49696,0.9494245534814181
-1.844095,316.947192,0.06610247294008713
-1024.0,NA,NA
-0.090759,333.606795,0.927738557206033
-1.225733,262.373051,0.2213982373745209
2048.0,NA,NA
1.040416,321.980528,0.29892728282039127
-2.044105,214.308031,0.04216605325178134
-0.134417,344.828353,0.8931512591726579
0.07284,350.79203,0.9419749536859494
-0.16009,347.539009,0.8729031833774212
1.146839,244.339473,0.25256994925687826
-0.158223,351.375951,0.8743719719216969
-0.767423,349.933331,0.4433475425023481
-0.641082,350.091619,0.5218888473559138
1.9575,238.122842,0.05145687036108715
0.551771,332.916633,0.5814754343279429
-0.474415,346.133543,0.6355031506957071
-0.702413,338.460351,0.4829044268376075
1.764678,349.695658,0.07849079461255615
-0.068711,350.92241,0.9452587966705127
1.084267,349.139047,0.2789945881031266
-2.752628,275.026793,0.006305272543241265
-2.055366,299.243187,0.04071128635020237
-2.10328,333.756634,0.036189474288445524
-2048.0,NA,NA
-0.159727,350.9053,0.873188030176285
1.415967,346.333108,0.1576838575333399
1.862727,283.088105,0.06353638553388796
1.335011,341.581771,0.1827618006424081
2.662244,348.427364,0.008121993576909237
-0.04974,344.0882,0.9603584403051274
0.961156,315.903457,0.3372088326311342
0.806915,280.181491,0.42039988584820387
1.544385,281.994039,0.12361654078385476
0.670715,344.973463,0.5028508928001816
0.098792,350.307775,0.9213599264569758
2.155679,253.00991,0.03205195933362659
1.591441,331.111337,0.11246459053129043
1.064496,345.086103,0.28784833579505786
-0.340236,350.689713,0.7338825142230798
1.543143,342.374134,0.12371983680528986
-0.970821,344.308122,0.3323189179116688
1.194011,340.259243,0.23330540317796178
-0.67278,321.691698,0.501570246681438
2048.0,NA,NA
-1.123787,329.147402,0.2619223392052855
-0.78031,337.02005,0.4357561153426016
-0.321327,333.394681,0.7481639443987005
0.563508,348.907485,0.5734509867925617
1024.0,NA,NA
-1.300856,268.506186,0.19442301683902896
0.494216,349.537516,0.6214640833881733
-1.843268,282.942402,0.06633567566831904
1.733866,317.201951,0.08391347802324378
-0.230154,333.270576,0.8181133085570312
-2048.0,NA,NA
1.26317,203.1902,0.2079756167767841
1.744678,346.095563,0.0819285864575574
-2048.0,NA,NA
-2048.0,NA,NA
0.797999,346.063299,0.4254183123719004
-1.447302,316.242401,0.1488029010070312
2048.0,NA,NA
0.85613,264.319291,0.3927013256298144
-2.061857,320.990217,0.04002600452439012
-1.635413,338.708279,0.1028914206982342
-1.61599,306.068437,0.10712672805159451
-2.752678,272.951904,0.006307370746562968
-0.003137,348.458552,0.9974988353414604
0.231259,351.387754,0.8172481963803375
0.160728,345.766779,0.8724014984730597
4096.0,NA,NA
-0.628025,309.993071,0.5304499485629832
-1.648151,251.158096,0.10057204429433464
-2.238503,197.737198,0.026303043999804147
-16384.0,NA,NA
-1024.0,NA,NA
-2048.0,NA,NA
-8192.0,NA,NA
2048.0,NA,NA
-1.278658,252.021875,0.20219372693001691
-1.448947,280.992948,0.14846741453044476
-1024.0,NA,NA
-1.802413,250.558417,0.07268215056037829
-2.302283,345.634005,0.021912994289328927
4096.0,NA,NA
0.031238,350.505885,0.975097514760205
-8192.0,NA,NA
-1.304315,294.740579,0.19314380913280937
0.005548,346.617314,0.9955765508208048
-4.706817,273.168519,4.004136741010309E-6
2048.0,NA,NA
-3.875649,251.024568,1.3580017895856167E-4
-1.284844,347.744685,0.19970196492076087
-1024.0,NA,NA
-3.052091,267.845643,0.0025009399240416247
-3.822574,277.099953,1.6312806706511457E-4
-5.497499,181.905829,1.2883871790732082E-7
-8192.0,NA,NA
-1.807562,351.178978,0.07153023565682638
-2.649847,214.15094,0.008653581879262778
2048.0,NA,NA
-4096.0,NA,NA
-2.129524,219.217258,0.03432593868016034
-1.514997,261.851701,0.13097931832720722
-0.614449,351.413827,0.5393162732151497
-8192.0,NA,NA
-0.599867,350.423096,0.5489825627630982
-1.001677,297.278295,0.31731424916229045
2048.0,NA,NA
-4.638103,259.80838,5.576764765199438E-6
-1.220376,350.820291,0.22314203362698581
-2.405935,234.595032,0.016905938814110174
-0.666442,321.431678,0.5056066731138333
-1024.0,NA,NA
1024.0,NA,NA
-0.545628,340.391368,0.5856790468219706
-0.781962,233.661091,0.43502856397721856
-1024.0,NA,NA
-2.527543,294.821664,0.01200892281352482
-3.663248,322.949482,2.909462365314276E-4
-4096.0,NA,NA
-3.988751,275.746431,8.51585573296354E-5
-1.568745,229.164282,0.11808709410393603
-4096.0,NA,NA
-2.180717,336.314942,0.02989689020283705
-1024.0,NA,NA
-0.947605,273.991657,0.34416557817592797
-1.60645,194.715665,0.10979552307745044
-4096.0,NA,NA
-0.61638,350.087463,0.5380443327856976
-1.332034,212.865189,0.1842734181239698
1024.0,NA,NA
-1.967913,215.921288,0.050358042771553015
-2.997681,202.125176,0.0030615396697400896
-1.561862,259.443823,0.11953943666842026
-1.356013,337.874772,0.17600057547782633
-4096.0,NA,NA
-2.340336,180.571684,0.020358788941791963
-3.142605,175.821498,0.0019655802949441648
-1.39691,315.365192,0.16342281754540344
-4096.0,NA,NA
-0.858882,315.970079,0.3910567178379525
-1.639272,194.824462,0.10277038661424964
1024.0,NA,NA
0.291662,336.850254,0.7707245952334081
1.778268,340.588539,0.07625187522954335
-0.643202,196.277864,0.5208437664161419
-1.004963,320.51296,0.31567275825905683
-4096.0,NA,NA
-1024.0,NA,NA
-0.398252,338.057531,0.6906958349594771
3.87756,211.72387,1.4079059888727485E-4
-2048.0,NA,NA
-0.064138,349.941804,0.9488969657428812
-0.252493,347.517011,0.8008092986686526
-1024.0,NA,NA
-1.292254,313.756252,0.1972201294104584
-0.920737,278.32036,0.3579851231821637
-0.254095,350.84,0.7995710185492626
1.394812,346.3794,0.16396633538229244
0.157752,349.196577,0.8747434030013619
-1024.0,NA,NA
-1.620438,347.72162,0.1060446886292491
-0.151585,351.286756,0.8796012798413172
-0.738018,350.649434,0.4609971293389382
-2.277656,269.550032,0.02353036752314573
-2.557817,261.89897,0.011096816472707428
-0.188277,351.109354,0.8507682836576409
2.368769,210.424208,0.01875254086542455
-0.7439,342.581548,0.45744688332271466
0.870067,338.325696,0.3848806698130287
0.217198,351.187583,0.8281801712633414
0.582528,349.261805,0.5605869598651254
-0.293539,350.206067,0.7692840706879842
-0.174665,351.362793,0.8614434709899587
-1.718481,198.340909,0.08726934021478472
-0.711506,339.110186,0.4772598786676111
0.148967,344.841329,0.8816667496129147
-0.775352,349.278023,0.43865631319679466
-0.330319,351.375169,0.7413557970798266
1.70123,246.120357,0.09016273977438516
-2048.0,NA,NA
-0.566324,297.500186,0.5716005053157687
4096.0,NA,NA
-1.753786,334.732344,0.08038236439824396
-1.984179,322.106195,0.04808429489830038
-0.803853,264.674078,0.42220324844726065
-1.179368,335.00246,0.23908855261950968
0.520455,257.022146,0.6031945156895921
