t-stat,Degrees Of Freedom,p-value
-3.119649,324.494746,0.0019731013022523587
-4096.0,NA,NA
0.85837,519.79925,0.39108381691352956
-1.358986,404.123219,0.17490896871598316
-2.191369,330.668434,0.029122317562556527
-1.283178,428.060129,0.20012399414413262
1.177515,495.129202,0.23955570272833349
0.991637,456.18712,0.3219003123103963
0.04309,522.080743,0.9656462654199283
-1.565923,352.430827,0.11826406464996697
0.909491,511.972123,0.36351895884113095
-0.924497,484.022386,0.3556882784079771
-1.666873,503.694443,0.0961612898578671
-1.814781,368.808723,0.07036980313754408
-0.619592,487.588044,0.5358158485827677
-1.081577,380.12,0.280126204097356
-4.804294,491.341925,2.0660123987814337E-6
0.006517,517.338716,0.9948027353383448
-1.562651,479.442804,0.11879449845928247
-3.398891,318.565279,7.625763923449237E-4
-2.305859,484.901574,0.021539540721197643
-1.388623,454.917793,0.1656269213110163
-2.517028,448.740323,0.012182412652991081
-0.72396,506.936944,0.4694242427540316
-1.994678,321.129497,0.04692297283949872
-0.974873,416.456947,0.3301891720289607
-3.150549,268.839523,0.0018137812085793808
2.546562,422.302255,0.011232969407000581
-1.207755,462.499483,0.22775874799252305
0.894301,522.626989,0.3715725166849957
0.24689,523.135867,0.8050902104107385
4096.0,NA,NA
-0.277555,521.505967,0.7814639721210119
0.83867,510.913431,0.40204672147123155
0.499419,515.816612,0.6176971815033954
0.655776,507.416324,0.5122654837283103
3.465429,395.120071,5.87432026837531E-4
-0.385129,431.005016,0.7003318275458514
0.035044,523.01588,0.9720580257744671
4096.0,NA,NA
3.736058,478.522855,2.0947822999461962E-4
0.729599,485.272557,0.4659873482176531
2.056181,505.723105,0.04027770774992101
-0.705,521.605951,0.4811249162502341
0.582451,522.829647,0.5605140304407137
-2.410324,455.840474,0.016333332591816085
-0.051726,510.872927,0.9587672384560045
-0.089997,522.242884,0.9283241032817204
-1.76552,288.765467,0.07853321644445366
2.368386,462.474752,0.018276087822871823
1.48699,371.932508,0.13786467879225972
0.814113,517.427906,0.415954717250703
-0.455046,374.403605,0.6493398939842472
5.262831,497.744245,2.11256682813854E-7
0.433395,497.147701,0.6649158152278809
0.440503,428.63632,0.6597949022219556
-0.934618,494.230248,0.3504416051402972
2.766606,497.796462,0.005875013373203508
2.399486,393.856342,0.01688187243262651
0.745873,490.714697,0.4561012743622985
1.625472,516.384235,0.10467214289719307
2.91576,287.477862,0.0038275957191955534
16384.0,NA,NA
1.128691,369.810979,0.259759866501204
3.342271,478.482953,8.960749060697992E-4
1.32298,343.05381,0.1867231819327304
0.271374,520.211265,0.7862110501228765
0.82436,494.057013,0.410132832877268
1.86889,389.210834,0.062389006354846455
-0.801866,489.48582,0.42301957967977977
2.684473,433.398001,0.007542903010789415
2.998616,398.2848,0.0028822203261302803
2.254528,336.676302,0.024805233809774174
1.530641,483.827382,0.12651168271447744
0.452703,523.04336,0.6509503325559605
1.540133,503.410565,0.12415625250527484
3.307706,501.920572,0.0010081047386656383
3.605905,512.575544,3.414931318981296E-4
4.523887,443.665969,7.804740904671092E-6
0.985911,504.560319,0.32464932059246676
-1.401863,458.48748,0.16163278181598473
-0.485643,509.906398,0.6274289100660487
0.601079,519.826147,0.5480493741837695
0.573657,518.686456,0.5664485773317023
0.215422,523.20098,0.8295222684794776
0.796025,523.158873,0.4263785510648095
-4096.0,NA,NA
1.180627,501.218336,0.23831089403991235
1.834861,452.33478,0.06718280065332483
1.292516,345.033936,0.19704340639276774
2.842533,320.820518,0.004762413160262824
4.702255,487.467765,3.3544807120922115E-6
0.967782,448.901648,0.33367436552339713
-1.419601,285.087026,0.15681638929197705
-2.224512,438.113643,0.02662278632665851
-1.291417,418.133871,0.19727255384154174
-1.370309,476.677815,0.17123545259165251
-2.18408,275.893156,0.029798401878624474
0.294276,454.512335,0.7686813566704591
0.085334,513.509106,0.9320291216336956
-1.024659,460.943056,0.3060615456723158
-0.561763,502.139758,0.5745281476042812
-0.575823,520.993137,0.5649834610232674
-1.390945,360.06731,0.165101038544339
-1.976515,420.190985,0.04874996343925934
-8192.0,NA,NA
-4.732146,417.266737,3.046599031637834E-6
-0.30633,523.198175,0.7594752616085938
-1.689819,463.343168,0.09173523718554821
-2048.0,NA,NA
-1.676671,455.202978,0.09429339189282782
-1.165006,388.3029,0.24473175215810916
-0.158839,490.996489,0.8738610326447303
-3.054114,283.236326,0.002472043595999037
3.597058,472.103198,3.557782459620018E-4
-0.943716,520.678508,0.34575247869034154
-4096.0,NA,NA
-0.152257,521.546032,0.8790431198000621
0.933951,489.719703,0.35078942890497267
1.266493,314.147346,0.20627488154270424
-0.242261,522.576306,0.8086729763266459
-0.395555,519.493109,0.6925957242585898
-4.829706,505.580591,1.815042430295096E-6
-0.953194,495.146026,0.3409568690544129
-1.602169,329.225214,0.11007722958662847
-0.623284,518.511581,0.533371968844534
0.600895,406.530646,0.5482447952122758
-3.007547,443.082415,0.002783570852570508
1.693467,448.315094,0.09106124338580601
0.497234,371.274516,0.6193183730488747
5.53931,452.673274,5.1588732619123334E-8
0.218611,470.75024,0.8270478244692963
0.683389,483.912497,0.49468813682249757
4.738205,434.821318,2.924963165895633E-6
0.155766,519.948327,0.8762779260568812
2.298801,476.792861,0.021947876613001682
3.971749,340.612453,8.708651974753678E-5
5.041334,487.489793,6.528845517550508E-7
3.499797,497.004453,5.074902052744079E-4
1.762258,275.279916,0.07913550814661674
3.606114,516.323162,3.409977885986404E-4
-2.303785,488.762536,0.021653390114309883
-0.063119,518.083152,0.9496960889407727
1.913576,426.821951,0.05634296777693226
6.758255,451.470608,4.3254511084001024E-11
2.133365,459.948895,0.03342339194730104
3.116988,436.109272,0.0019479121403045419
3.47182,411.875778,5.716348777553559E-4
6.698572,415.180986,6.865330526295566E-11
1.128495,515.06279,0.2596362823525076
0.675545,392.947428,0.4997269157095352
4.516461,281.594512,9.258015604807213E-6
1.26391,501.652598,0.2068493166081975
2.786009,399.410585,0.0055904643404063314
1.427801,361.110838,0.15421336552111642
1.515724,511.985072,0.13020628696372682
8192.0,NA,NA
1.760021,498.366095,0.0790176765697197
-1.431404,463.887561,0.15298781583154342
1.938017,467.262353,0.05322320191819685
16384.0,NA,NA
1.834662,517.070944,0.06713013352400554
2.835113,308.672192,0.004883243156350359
4.38947,293.583702,1.5870490438496532E-5
3.657221,274.085901,3.056500087978975E-4
-1.285288,373.432236,0.19948820445282722
-0.588361,331.650432,0.5566904628238043
-1.17036,284.287424,0.24283628495735132
2.036113,310.71012,0.04258685382949001
1.411486,520.915358,0.1586983615368054
0.692451,497.195228,0.4889774207304758
6.051594,346.442474,3.724170527519277E-9
0.085154,522.499332,0.932171578417661
1.367803,517.897777,0.17196695809518414
-0.091884,456.611591,0.9268305006736437
1.419604,415.155538,0.15647342398436614
0.238808,523.097729,0.8113479944234587
0.029538,501.690788,0.9764472589634527
-1.224847,478.17664,0.2212359008807988
8192.0,NA,NA
2.31031,345.336813,0.021459918464010075
16384.0,NA,NA
2.839209,509.686249,0.004703138669256202
4.024918,441.535253,6.706517818422242E-5
5.022583,484.984284,7.177282015380371E-7
3.021434,364.695531,0.0026933810356797316
-0.968442,362.317935,0.33346968244523945
-1.020098,342.674885,0.30840162130349713
-0.815583,490.298574,0.41513469571803885
0.701982,518.758627,0.48300521550817344
1.501351,521.456504,0.1338700603657157
0.657406,520.387562,0.5112105555561683
3.359688,441.404498,8.480507713732877E-4
2.916306,465.877704,0.0037129635316586196
-4096.0,NA,NA
-0.534177,460.945582,0.5934766073025575
0.648779,469.056704,0.5167987394403168
-3.17974,284.159646,0.0016370472013726499
0.245526,403.050486,0.806174149810182
-1.605887,385.498258,0.10911754170151644
-0.480632,497.170084,0.6309894913416088
-0.451281,421.781663,0.6520189713635419
-0.692864,505.97953,0.488712788035196
0.817967,493.368524,0.41377089112369303
1.775003,410.717951,0.07663794391694512
0.534773,505.177615,0.5930421249691693
0.403452,521.90117,0.6867809788380077
-0.232233,467.427966,0.8164586891593392
1.962682,383.749405,0.05040519471090543
1.098568,374.545345,0.2726622182398435
2.462874,425.808713,0.014177623235357872
-1.069894,382.155058,0.2853423039149402
-1.316913,341.999035,0.18874951015250863
2.360253,522.307316,0.01862913689473089
3.19531,286.581636,0.001552787483061202
-1.206997,481.210961,0.228026273546178
-1.508433,521.122902,0.13204974387725843
-4.712238,492.142326,3.193156973650165E-6
-0.965372,430.833787,0.3349000779446629
-0.969595,483.255988,0.3327334234676733
0.731418,515.688738,0.4648560939090878
-0.668366,432.932117,0.5042561737943263
-0.692898,417.183326,0.4887591014614593
-2.698461,502.297934,0.0072006126490492
0.378959,468.603333,0.7048899547621774
4096.0,NA,NA
-0.532263,477.367648,0.5947914935090803
-2.725666,470.083662,0.006656724016106236
-0.325564,522.750505,0.7448845234438346
-0.174763,432.702659,0.8613476045264445
1.009088,501.462477,0.3134190833544128
-0.226906,518.198305,0.8205863202356637
2.899246,377.839191,0.003959012364314951
0.17886,513.808664,0.8581181354382705
-0.657884,495.811072,0.5109179955196652
0.074412,521.249217,0.9407111081895361
0.069888,520.775816,0.9443096320286908
4.180032,437.343579,3.5217627583516986E-5
-0.100816,523.158232,0.9197351493238406
1.397431,417.72988,0.16302574200333297
-0.28364,521.25839,0.7767989007989634
-4.748318,452.722942,2.7566814740114453E-6
-1.959479,318.987622,0.05092731366697263
-4.147303,408.475293,4.0939969832197036E-5
-6.985322,522.404052,8.68710739118816E-12
-3.830995,459.026816,1.453820046667789E-4
-4.442135,511.873019,1.092258783110786E-5
4096.0,NA,NA
0.043591,523.12281,0.9652470592351801
2.070413,497.318147,0.03892917913461602
2.507524,520.035804,0.012461694857016203
2.441286,502.172297,0.014979326474550803
2.96164,421.378455,0.003233153379430531
3.876256,276.833017,1.3252754512582676E-4
-0.012742,521.910047,0.9898384991739694
3.039249,510.201246,0.0024933596965901472
0.728869,485.44738,0.46643327779715493
1.524978,499.858651,0.1278970136084321
8192.0,NA,NA
-2048.0,NA,NA
-0.231973,330.781609,0.8167024288251417
0.447758,523.190962,0.654513195063519
6.865738,521.554308,1.8862023054566635E-11
5.118581,522.759615,4.332773275717017E-7
0.5345,495.512809,0.5932353848422929
5.989862,385.892623,4.814185938784021E-9
-4096.0,NA,NA
-3.005033,492.987065,0.002790756392048721
-3.218145,467.338235,0.001379920542438984
0.586961,522.595736,0.5574833773533561
2.866445,520.354608,0.00431921481911246
-1.842885,489.030299,0.06595083867617475
1.285075,320.764559,0.19969320752223463
-2.18715,477.627963,0.029215789302867612
-0.29725,521.721322,0.7663939656369785
-2.360449,491.691424,0.018642306495426857
-1.905781,474.734712,0.0572823484363889
-0.853587,382.207364,0.39386849979187366
-4.706479,406.539877,3.4613674298057226E-6
-3.836427,405.860971,1.4470869781999323E-4
-4.876551,412.458784,1.5438538676956906E-6
-8192.0,NA,NA
-6.971294,320.387237,1.7989856405556016E-11
-3.488546,288.149764,5.615277056650196E-4
-3.360999,470.324032,8.398854142771373E-4
-3.391042,307.466748,7.872471972952598E-4
-4.090035,427.519863,5.154889169426289E-5
-1.764329,366.377897,0.07850984890638377
-0.346277,505.452772,0.7292786471410777
0.633684,517.51283,0.5265670293777065
8192.0,NA,NA
-2048.0,NA,NA
-1.44122,388.772085,0.15032748473739654
0.613141,474.173661,0.5400770869588156
-0.610458,455.235778,0.5418630892940772
-0.808233,519.839382,0.4193261702297022
-0.839456,514.54488,0.40160331686453443
-1.857446,340.482608,0.06411094651249763
-0.354201,510.823446,0.7233344139785689
0.079882,522.613258,0.9363616848207836
-0.097326,522.181841,0.9225048529094156
0.375191,488.40372,0.707681299703308
0.585407,484.445682,0.5585466698670998
0.092092,516.7071,0.9266606370772319
1.634971,367.892476,0.1029104297340866
1.418759,523.181304,0.15656472181593117
0.29145,518.439179,0.7708237514358289
0.775261,488.730411,0.43856039115032663
1.590294,414.236242,0.11253140968721898
0.759778,515.411814,0.44773466769889647
1.351681,461.647789,0.17713929724826039
-1.869505,345.854785,0.06239740102865362
-2.702413,495.059511,0.007120237702030398
-2.110128,326.09512,0.035608688070321755
-0.684112,519.351493,0.49420957969136503
-2.468765,268.066583,0.014182062743406892
-1.463805,401.921553,0.14402887637633666
-0.546157,431.290365,0.585240420298073
-0.434297,496.919656,0.6642612929816052
-0.412234,517.305409,0.6803386908617819
-4096.0,NA,NA
-0.680285,465.562043,0.49666216955256204
0.561139,487.213679,0.5749607686551403
-1.618097,506.612093,0.10626408326008707
0.391061,406.659346,0.6959569503791703
0.423172,400.838501,0.6723967217618614
-1.282069,447.60496,0.20048207332998402
-1.177037,295.517346,0.24012788435004728
-2.551633,423.328775,0.01107244757223623
-0.742072,509.180994,0.45838587217940596
-1.625948,492.948022,0.10459980021905158
-0.82305,490.940658,0.4108791630771078
2.456439,522.772788,0.014356210027006933
-0.554194,510.774397,0.5796886337184632
2.414908,430.793894,0.016154780798118162
-0.451358,508.402624,0.6519240153644166
-0.497204,506.043322,0.6192611509770332
0.827224,519.2819,0.4084900768559281
-0.374555,506.724651,0.7081481403779266
-0.541142,522.423405,0.5886403802449242
1.498872,424.321083,0.1346504248855105
0.763698,506.782759,0.4454026215103444
-4096.0,NA,NA
-1.846403,366.936215,0.06563884755526365
-1.785643,305.03078,0.07515044906161071
-2.950402,279.671568,0.0034421970605498457
-0.854018,522.79969,0.3934861574700784
0.304354,409.682762,0.7610127443840529
-0.540287,497.876242,0.5892407170588105
-2.395598,396.401453,0.01705630933667546
-2.129251,352.333391,0.03392644336674807
-0.668651,508.452401,0.5040215792858624
1.032038,520.984656,0.30253316209795256
2.594572,485.434138,0.009757289357615218
1.856225,462.434681,0.06405735199901397
0.642422,474.277428,0.5209096309524126
2.587226,481.962211,0.009966937302086976
2.616232,309.898417,0.0093261290018678
0.824754,504.278294,0.4099012150901489
-1.14333,365.331474,0.253650250602086
0.898117,417.808971,0.3696404336896655
-0.040675,520.274328,0.9675705959634373
-0.245386,432.742765,0.8062738967557682
-1.214777,383.883645,0.22519782254004495
0.946622,486.508167,0.34430135294543507
2.40157,473.441292,0.01670936944510104
2.082353,452.614087,0.03787128840890852
-0.339179,511.466893,0.7346141029291273
0.004187,511.699716,0.9966608989025367
-1.36667,397.676435,0.17250091688366664
-1.526477,326.766664,0.12785842683925652
-8192.0,NA,NA
-8192.0,NA,NA
-8192.0,NA,NA
-3.502174,412.375289,5.119164276724469E-4
-1.258457,372.403152,0.2090149146386573
-4.022699,262.99848,7.524696749008808E-5
-1.651722,275.201889,0.09973176048078525
4.383799,509.945557,1.4170836130533715E-5
0.531837,513.957451,0.5950686953888584
1.473705,462.004157,0.14124204045622868
-2.227528,316.663785,0.026614443112291702
0.76315,518.558384,0.44572097790108867
0.139787,486.911455,0.8888860872017577
0.697882,495.029517,0.48557865562515
0.66617,517.21132,0.505599461413569
-0.54211,510.813948,0.5879791298720762
-1024.0,NA,NA
2.56678,512.416101,0.010547614306851916
2.235164,490.683927,0.0258557788019802
0.33561,504.953934,0.7373043746442276
-1.38471,373.816345,0.1669670680839862
-4096.0,NA,NA
0.956174,323.165148,0.33969905767503383
-0.01607,522.415347,0.9871846822001594
-0.537427,506.064759,0.591208925788991
0.083423,523.050969,0.9335471176035086
-0.203711,401.301872,0.838682605387087
-1.66886,434.08898,0.09586615415725597
0.528082,516.63359,0.597669167441935
-1.422405,353.912802,0.1557894617728558
0.522231,494.750448,0.6017432432075398
-1.527157,287.112044,0.12782283826940577
-4096.0,NA,NA
-0.279657,491.597475,0.7798582961465006
-0.913202,370.265384,0.3617305448135467
-0.790077,512.421369,0.4298482636373532
-1.060189,516.875694,0.2895537786786184
0.823466,358.923938,0.41078984932539386
0.104222,514.156165,0.9170338171936714
5.062603,521.827815,5.743314304140767E-7
-0.045361,497.00294,0.9638377861085679
-1.348103,432.953201,0.17833013327312153
2.952217,358.941069,0.0033625697711083813
0.911404,520.934517,0.36250409291595886
3.326081,493.424699,9.464192913473113E-4
-1.00447,522.471225,0.3156170939366053
1.717798,446.308173,0.08652708891166405
-2.069555,321.494725,0.039292559222967385
3.001889,470.360747,0.002825847426315642
4.567861,514.896016,6.172713313157274E-6
4.621135,518.796,4.821324383508241E-6
1.758782,516.87709,0.07920624486023153
1.90795,516.163135,0.05695225181403063
5.001712,522.105729,7.774437511542942E-7
0.429657,523.031522,0.667622112808085
3.043469,455.245901,0.0024740561458660437
1.636307,510.567417,0.10239158543272664
3.088846,516.701175,0.002117461152362665
0.529326,522.828194,0.5968039914902876
0.873056,506.008212,0.3830466662349079
-1.236878,403.065667,0.21685254558432931
-2.410366,337.788017,0.01647029417960905
0.6105,521.429517,0.5417966376156313
-2.010965,430.602154,0.044951947066335284
0.264267,519.455679,0.7916790002185445
1.43492,521.786413,0.1519089941328593
-1.219257,444.540532,0.2233932053350174
-0.986762,518.830005,0.3242192713967481
0.564616,476.687018,0.5726005636013345
0.963167,429.030395,0.3360062716300978
0.644102,510.346184,0.5197986585882259
-1.764034,401.832273,0.0784860495134788
0.241223,522.167227,0.8094769765697927
-2.985768,440.926943,0.0029861690577643266
-0.393056,488.554609,0.6944495714094927
-0.553538,457.117699,0.5801657045082877
1.069275,480.870078,0.2854822162608728
-0.613876,500.414564,0.5395762259350435
-1.410762,474.141559,0.15897055293133588
-0.34215,522.01395,0.7323757188246041
-0.136449,521.041487,0.8915190431446492
-0.513903,517.736101,0.6075390669648177
0.741954,511.178913,0.45845596570931546
-0.500205,513.336104,0.6171450987228553
-0.091876,523.13588,0.9268317306883934
2.741297,515.260831,0.006332339306456047
1.454349,508.940371,0.14646598883180628
2.477339,490.045135,0.01357274764001537
-2.990226,395.079681,0.0029621947624220908
-2.197539,437.332438,0.02850558496224714
-4.076663,499.129901,5.315388212712085E-5
-1.952853,365.873494,0.05159910128068504
0.100621,521.438283,0.9198900013259261
2.993185,425.112593,0.0029218266091235456
2.744164,418.750701,0.00632733557173526
1.651272,499.595217,0.09931144154582139
5.229463,523.135058,2.462479069542667E-7
1.071476,522.393821,0.28445021821486316
1.83645,454.031094,0.06694472549950858
2.367836,397.057844,0.018370864380036434
1.817901,461.650638,0.06972726696327403
1.214305,520.883821,0.22518150789262048
2.707986,310.620123,0.007144285488362101
3.279118,438.3075,0.0011243182588156486
1.999613,492.079042,0.04609134299265216
3.083647,437.20405,0.002174337662643966
2.816399,473.503216,0.005059335431314649
-1.720342,501.634548,0.08598700039385132
2.092078,457.024292,0.036982739977927226
16384.0,NA,NA
-1.785004,440.496143,0.07494866343179453
1.804425,499.701907,0.07176666739228588
-0.726385,496.184976,0.4679452976131553
1.109581,520.569489,0.2676919255718464
0.195292,522.005614,0.845240349484877
-1.122673,432.356897,0.2621994405881407
-1.069391,514.721143,0.285394753444977
-1.72621,442.900781,0.08500701202219285
1.995711,460.938517,0.046553393080936756
-2048.0,NA,NA
0.866146,521.16587,0.3868086605841743
-2048.0,NA,NA
-4096.0,NA,NA
1.862806,480.550242,0.06309949894553446
-3.038601,450.354208,0.002515069980122659
-0.123189,504.813171,0.9020064655326064
0.640478,454.06516,0.5221849626430171
-4.324504,425.836095,1.906063286825751E-5
-3.460316,489.778311,5.866967655910026E-4
-1.845627,455.553892,0.06559507608952332
-3.76193,408.33889,1.9326851175438582E-4
-0.404587,502.647255,0.6859532224728911
0.241957,523.001718,0.8089083247813198
8192.0,NA,NA
-2.229993,382.491574,0.02632762826085502
-2.915393,367.080806,0.0037704326540219705
-2.920431,274.003053,0.003786226177395427
-2.208882,312.380557,0.027908442647427017
-4096.0,NA,NA
-8192.0,NA,NA
-0.391535,522.807514,0.6955613538595556
-1.892308,329.988036,0.05932508034069102
-2.154975,376.029398,0.031798111388313045
-2.038186,304.036051,0.042396484252180094
-1.429506,433.317891,0.15357939777706797
-3.186462,514.576926,0.0015276900819907518
4096.0,NA,NA
-2.24211,453.155816,0.025437257353950925
-1.948149,333.150717,0.05223659918844643
-2.93414,362.328784,0.0035577571917869933
-0.464341,521.240654,0.642597331988868
-7.197428,411.485277,2.9318701096779637E-12
-0.286587,515.870273,0.774543630885054
-5.397028,370.471991,1.2119333701433833E-7
-3.612275,511.568358,3.3347569287519056E-4
-2048.0,NA,NA
-4.256741,404.957077,2.5803385828247965E-5
-4.99736,440.697741,8.398439515521313E-7
-5.04832,388.132017,6.866906968553058E-7
-1.586443,436.321265,0.11336326549030662
-2.77208,520.797385,0.005769326972043239
-3.71064,363.70649,2.390581377628555E-4
-0.752624,383.864767,0.4521371727582827
-2.375402,325.294206,0.018108975799573022
-2.203218,369.445927,0.028196030211694093
-2.284525,342.512981,0.022951861129875233
-2.824926,492.627674,0.004921012482238833
-2.209391,391.635344,0.027725516679183448
0.721019,421.466605,0.4712975685897729
-6.75121,384.519406,5.423352880630563E-11
-2.030066,521.814189,0.04285658460818774
-3.751519,327.026559,2.0787880173436728E-4
-1.500574,353.577877,0.13435819340094546
-1.479645,464.762807,0.1396454980856281
0.468646,503.28316,0.6395256083212533
-2048.0,NA,NA
-4.11108,426.785701,4.724499873047859E-5
-5.547969,453.741539,4.9194196471955317E-8
-4.934168,398.276569,1.1850157389434471E-6
-3.06821,352.785135,0.0023200216215200193
-0.971897,470.343763,0.331601333629961
-3.519718,463.64337,4.7466579260195855E-4
-2048.0,NA,NA
-2.323871,279.686156,0.02084909821906075
-2.295641,445.190331,0.022160429600355653
-2.58833,279.042716,0.010149507298493475
-3.282365,323.282807,0.0011419724565405833
-4.257864,296.261364,2.77386972485425E-5
-1.922049,366.283909,0.055375035537181996
-3.168022,428.332362,0.0016446935179486224
-2.574186,275.472919,0.010570447599458946
-3.955446,296.144514,9.565108029127665E-5
-1.775326,464.572982,0.07649869479571215
-1.278091,449.483774,0.2018769618300601
-2.416527,299.322916,0.016267449509514156
-0.969325,327.421098,0.33309854133735484
-0.765387,470.861444,0.44442459616518737
1.252406,520.733828,0.21098413331805244
-0.953378,295.575209,0.34117758853223223
-1.858341,467.538822,0.06374887960641443
-1.277195,325.514452,0.20244364874918164
0.072069,519.53669,0.9425747315374293
1.963334,520.476996,0.05013939208014295
-0.266842,487.844209,0.7897035726462902
-1.524044,521.21039,0.12810422188794413
-0.360274,520.76004,0.7187883153123442
-1.316085,344.751732,0.18901990720713968
-1.762734,433.321782,0.07865024579232317
-1.975936,522.777343,0.04868737499937002
2.715498,504.055068,0.006844752327352488
-1.604267,517.475946,0.10926531925633864
-0.960124,418.044081,0.3375477877283266
-1.666265,522.691776,0.09625975011783483
0.832947,460.936289,0.40530599784061794
-0.907896,523.171078,0.3643511749713564
-3.020231,365.333538,0.0027035204938109557
-2.157812,453.145571,0.03146723583785966
-0.35426,522.753296,0.7232868929820438
1.863796,364.223113,0.0631548054908253
-1.335852,514.95126,0.1821877224745979
0.121849,518.823473,0.9030657861246265
0.166154,523.013458,0.8680999690802627
-0.792947,521.03682,0.4281696177936035
-1.919724,519.403092,0.05544021811094833
-1.527723,522.883413,0.12718599461144742
0.483769,514.589323,0.6287556132646968
-0.740079,511.234884,0.45959178389517985
-1.125927,512.453429,0.26072342890284494
-1.023885,518.893833,0.3063666835027171
-0.115033,523.132612,0.9084631043344004
0.588736,495.676328,0.5563065671424798
-8192.0,NA,NA
-1.349799,412.39819,0.1778208925243414
1.090378,394.301449,0.2762125525606056
-2.449065,498.079194,0.014666308908769968
-2.317778,489.343647,0.020872945424053574
-1.159722,373.968617,0.24690190234949938
-0.836145,511.240632,0.4034639636116272
0.971035,339.87586,0.33222138166986603
