t-stat,Degrees Of Freedom,p-value
-3.044859,445.371043,0.0024659204709779727
0.386357,628.609745,0.6993630285431143
0.76076,635.010745,0.44708281922988236
-0.00694,627.587354,0.994464931005115
-0.764677,577.946113,0.44477601044707327
0.222145,635.282597,0.82427240245762
-0.439383,551.716753,0.6605560829482172
1.835007,405.951025,0.0672361568153701
-1.37E-4,627.930645,0.9998907332011643
-1.310422,552.085824,0.1905980129862852
0.974675,575.343697,0.33013110876850904
-0.16327,635.276416,0.8703577780859314
-1.134067,618.711727,0.25720564763213105
-0.872313,634.62314,0.38336755357360164
0.802944,587.412153,0.42233186020192304
-1.026669,464.417988,0.3051107809044893
-5.548901,579.138454,4.3789380251779456E-8
-0.16667,632.325474,0.8676829933775977
-1.515155,605.541601,0.1302549503930055
-3.950746,388.834251,9.251334843280256E-5
-1.487987,551.171213,0.13732620086632685
-2.932581,555.882856,0.003500080499518276
-0.892779,626.423579,0.37231836498151627
-4.171842,535.752166,3.524612062901212E-5
0.279259,572.484706,0.7801469242043089
1.682486,445.838749,0.09317478710841165
-8192.0,NA,NA
-2.689551,432.384553,0.007431636960753418
2.326898,593.042241,0.02030653847362518
-0.025531,629.320236,0.979639515520334
-0.080592,633.606887,0.9357918773760605
1.117577,628.233653,0.2641748912269706
1.846877,400.856614,0.06550178500489778
-0.151669,601.264067,0.8794988833547535
1.400337,619.471148,0.16191308186465747
1.237321,615.412692,0.2164398324341783
2.095326,466.575255,0.03668046632557331
1.052147,632.664796,0.2931337986912541
-0.985703,570.382432,0.324696813105517
1.381408,417.916388,0.16789164619748576
1.559076,631.627407,0.11947927512352696
0.228958,619.70226,0.8189770986440215
2.61106,613.73278,0.009246786853227551
1.097835,591.382315,0.2727233281275714
-2.653371,584.752739,0.008185851054431344
-0.089519,614.911347,0.9286986031476063
8192.0,NA,NA
16384.0,NA,NA
1.023975,460.045033,0.3063852121115933
-0.816665,478.524334,0.4145262679956635
1.463189,600.876976,0.14393854722061583
-0.492218,551.768313,0.622761021137841
0.30996,635.175272,0.7566930411334949
-0.095758,561.300064,0.9237469522784418
3.332055,616.82851,9.13604609177332E-4
0.422786,628.491223,0.6725960160359346
0.769688,616.863555,0.4417796201935449
0.08951,627.032394,0.9287051891439302
3.892474,617.514832,1.1002586569408557E-4
1.790908,504.423352,0.07390752731843242
0.561171,600.461974,0.5748903265317311
3.141365,629.697332,0.0017604773450063949
2.220218,378.177403,0.026996192210714254
0.383303,567.489663,0.7016386595898001
2.229122,573.763774,0.026192208140930706
0.242374,621.145905,0.8085703836498837
0.382411,605.436232,0.7022907349601468
-0.621331,589.546932,0.5346220236315253
2.283113,411.914109,0.022932357369431555
0.652924,615.089806,0.5140492356656692
1.82664,612.83015,0.0682402105032951
1.514006,597.573598,0.1305530272491442
0.906824,606.082638,0.3648602595240582
2.298471,599.277006,0.021878328428817317
1.223487,462.74088,0.22176845807295065
2.065707,617.830262,0.03927254896424537
2.550377,626.933419,0.010997269126192588
2.188498,634.833058,0.02899698838058229
3.103074,600.517642,0.002005227211070215
2.767672,362.978445,0.005935154060421555
-1.42069,582.586657,0.15594187667896353
-1.621675,593.859661,0.10540371870321419
-0.92956,592.448413,0.35297753234772655
0.041307,629.128321,0.9670642579674977
-1.079488,609.280689,0.28079738070661775
-2.442511,571.288057,0.01488746025528309
-8192.0,NA,NA
0.151287,634.725467,0.8797973929188299
0.033651,605.732187,0.9731665385996728
0.803413,626.543941,0.42204074714158546
0.98023,586.698876,0.32737662442870175
-0.347441,611.723998,0.7283795420418911
3.503481,632.308854,4.916241004266908E-4
0.011983,631.140698,0.9904429648512263
-1.199826,365.277135,0.230984548632721
-1.06757,578.922822,0.28615949215735903
0.30938,628.947218,0.7571349480189515
-1.008845,579.319422,0.3134701517749727
-0.911457,506.696152,0.3624880456485644
-2048.0,NA,NA
-1.127032,538.426412,0.2602309692011483
-0.399575,629.823178,0.6896050365105051
-0.106012,632.496458,0.9156064439279501
0.088531,623.908941,0.9294830555802724
-0.868656,604.554022,0.38538002057649534
-1.910488,311.260118,0.056989075064371286
-3.851753,567.630519,1.3063752389945836E-4
-1.739157,578.125871,0.08253942330288519
-0.164256,631.271421,0.869582195672508
-1.156951,411.219712,0.24796399882228115
-2.615743,498.374037,0.009173344439072651
-1.77303,445.09551,0.07690755801331753
-4.061292,429.394935,5.801367946484511E-5
1.400324,634.184348,0.1619053604240399
-0.372267,634.97356,0.7098182755181535
0.868592,585.605844,0.38542615795071145
0.81547,559.144896,0.4151505530557458
0.627326,540.045524,0.5307106973784108
-4.874824,610.190771,1.3904710859824613E-6
-2.277476,497.026168,0.023181736651629748
-1.849823,579.206208,0.06484823504811386
0.206029,632.669481,0.8368345380951503
-3.412421,476.75755,6.987200154653196E-4
0.15837,630.172824,0.8742159880930165
-4096.0,NA,NA
6.328553,511.697026,5.411098236152156E-10
8192.0,NA,NA
16384.0,NA,NA
0.539371,597.477846,0.5898318223137222
5.812226,407.806843,1.2445638963853867E-8
-1.318655,604.083436,0.18778417702350736
0.510244,606.996626,0.6100660183129667
1.549731,631.404305,0.12170715299357648
1.730433,465.803636,0.08421524241726241
6.818298,453.773513,2.948907784627863E-11
5.309339,417.005415,1.7926861950456896E-7
0.689494,546.938763,0.4908048636351592
2.510937,633.720783,0.012288896494512258
-3.383971,555.282243,7.6487095949011E-4
-0.491621,634.725922,0.6231572563800477
1.512334,623.959978,0.13095521573587976
8.052134,452.103252,7.327471962526033E-15
3.915189,388.131103,1.0669049693223798E-4
1.932533,608.478994,0.05375752723198346
-0.139195,614.36878,0.8893416748788089
6.801345,490.023786,3.0283109353490545E-11
1.190739,628.898041,0.23420530135248407
4096.0,NA,NA
3.817648,366.962029,1.5811185241254577E-4
2.128907,393.020416,0.03388320320174554
0.863326,601.89925,0.3883021280463308
0.400037,589.84871,0.6892740933409658
0.194597,629.910471,0.8457711951858315
1.718907,409.835097,0.08638643421084868
8192.0,NA,NA
-0.821454,577.377426,0.4117267730059939
-0.447913,631.555829,0.6543695898799293
8192.0,NA,NA
3.681439,389.497285,2.6463071208815414E-4
1.841504,503.861212,0.06613532754475004
1.86284,403.370076,0.06321145982189758
1.350532,550.008914,0.17740079745545145
0.663071,484.812752,0.5076002143426084
0.032654,635.254652,0.9739607638467498
-0.207929,524.231841,0.835365158215005
2.423267,463.793151,0.015763383967144273
5.844549,463.665336,9.584483651181586E-9
0.612796,630.963404,0.5402320347035481
1.170874,630.505424,0.24209175177219922
4096.0,NA,NA
-2.004722,568.134187,0.04546676253874636
-0.079313,634.759297,0.9368086633053241
-0.79732,620.731942,0.4255700855623641
1.522061,404.96702,0.12877422980363917
4096.0,NA,NA
1.672578,500.755269,0.09503501060213804
1.101589,541.026154,0.2711302176534285
0.164685,632.01064,0.8692445808247791
0.275492,635.295273,0.7830278514816413
2.081915,626.000298,0.03775586427330069
3.399535,634.190272,7.173341066437633E-4
1.680602,619.735527,0.09334415045119471
0.01397,626.50145,0.9888583626706746
0.537089,596.784808,0.5914063206935416
0.128009,595.019844,0.8981851017764237
0.423536,630.030453,0.6720487862879092
-0.375825,607.802876,0.7071781332781606
1.769322,634.708632,0.07732029411485031
1.542877,629.271577,0.12336333247066067
1.846631,608.142442,0.06528629873898195
0.522874,635.312681,0.6012442352733258
-2.546097,345.768767,0.011326722253091946
0.980535,372.219336,0.3274589811654227
-0.412312,615.600631,0.6802542953701443
-0.993064,603.641496,0.3210766641230507
2048.0,NA,NA
-0.05876,627.57469,0.953161973714232
-0.490313,611.123403,0.6240884143783181
-0.020006,632.156441,0.9840448989373355
-0.123348,619.671183,0.9018715284782597
1.455662,603.179999,0.1460063378913672
-1.737724,468.03386,0.08291721343529278
-1.397545,421.849771,0.16298426633878915
1.406129,407.475586,0.1604479248667765
0.929246,573.118064,0.353152822910912
2.245496,602.229347,0.02509821862144279
-0.253704,635.253254,0.7998063325453618
0.671258,596.322443,0.5023161144575525
-0.904583,522.048261,0.3661035962434066
1.124946,620.638064,0.26104677953038546
1.117213,551.175437,0.2643900176663776
-1.540468,519.82827,0.12405479984247436
-2.65061,619.429648,0.008239997651058067
-6.060062,587.454354,2.4328435983686616E-9
-1.798229,364.438034,0.07296818080149514
-0.541011,606.468786,0.5886986562173873
-2048.0,NA,NA
-0.419538,609.63933,0.6749707864359028
-3.225116,552.767234,0.0013336075516270118
-1.024919,625.392006,0.30579767549497283
-0.631249,501.893506,0.5281650990592057
-1.467482,471.077365,0.1429122930081953
-3.264298,535.421984,0.0011674485153332333
-0.759341,628.472108,0.44793330929394704
0.853331,381.25853,0.39401156005691895
-0.176669,597.25767,0.8598282824417461
-0.215774,626.437438,0.8292341527733296
16384.0,NA,NA
0.514013,616.341245,0.6074271354266869
-0.629917,599.176123,0.5289890222483717
-0.329945,573.768517,0.7415619465988381
0.698391,634.046776,0.485188764627702
2.150067,544.45069,0.0319896679900491
-0.320682,628.504873,0.7485579833745217
2.010427,399.490546,0.04505762678503755
-0.300439,611.719451,0.7639443942765851
-4.857225,551.60065,1.553039101743877E-6
-2.07622,396.489933,0.03851740331071996
-3.265946,547.767989,0.001159206998204962
-6.039746,627.798396,2.6438616808812435E-9
-3.856771,517.010175,1.2939470619030492E-4
-4.838396,598.832376,1.6670549984840667E-6
-0.051822,530.270634,0.9586900409464832
0.286312,635.313136,0.7747325057128047
0.04752,634.806001,0.9621137364360535
1.790942,634.918821,0.0737788405335853
3.49381,592.33641,5.117223626913692E-4
2.173852,616.843673,0.030095812632288554
1.812911,361.480026,0.07067489320001252
0.202286,629.574637,0.8397584934760842
3.611755,621.082601,3.287049738418535E-4
1.411387,588.434435,0.15865904781042794
-0.657359,574.056755,0.5112135811304133
0.136808,623.660053,0.8912267114078998
-4096.0,NA,NA
0.032312,622.966086,0.9742335890678786
5.50848,622.59958,5.3011137257641394E-8
4.976829,629.373526,8.35319467595852E-7
-1.572907,423.361077,0.11648735014265199
2.837617,603.033128,0.004698023263657758
-1.749313,486.1405,0.08086795837339067
-4.906788,458.852839,1.2882271082208836E-6
-3.941451,477.959273,9.308773462338349E-5
0.508978,635.158973,0.6109444040611227
3.496998,634.746534,5.033637650158074E-4
-1.280217,595.196192,0.20096753792969835
0.223453,634.361826,0.8232548969347553
-2.715084,490.467691,0.0068595351596276765
-4096.0,NA,NA
-3.423248,490.059442,6.706324761539224E-4
-3.448693,327.809911,6.368510978450116E-4
-0.847953,488.312728,0.396879583418966
-5.078844,491.058283,5.402429229080932E-7
-5.160461,460.135619,3.6704906990058365E-7
-4.866731,485.685791,1.5363331262662696E-6
-2.705497,403.56829,0.007109250366461484
-6.116749,476.963128,1.9913401738033463E-9
-4.212094,380.604333,3.161840179998097E-5
-0.651597,625.161387,0.5149006431035117
-3.677645,396.986615,2.6781119220675877E-4
-2.042562,600.049436,0.041532330599347286
-1.150445,517.390967,0.25049206961594084
-0.991698,513.781953,0.32181167491598006
-0.57458,553.74012,0.5658087286826758
-0.797749,577.74726,0.425343916174482
-8192.0,NA,NA
-1.336747,316.199931,0.18226621828109513
1.265078,347.384904,0.20669131708455102
-4096.0,NA,NA
8192.0,NA,NA
-0.523995,564.078209,0.6004878375324922
-2.316861,602.7108,0.02084560833451129
-3.144509,530.671324,0.001756799319645214
-1.393429,590.598712,0.16401425808610104
-1.349414,592.783317,0.17771916756656736
0.372061,634.03119,0.7099717507491161
0.26937,561.216402,0.7877439758571558
0.302024,634.817829,0.7627326874799158
4096.0,NA,NA
0.317675,632.707692,0.7508362879500172
3.07407,628.957531,0.002203040560417646
0.51699,627.584199,0.6053452834378685
0.880551,555.655384,0.3789415791226729
0.923837,592.326005,0.3559473703136775
-7.4E-5,554.120998,0.9999409835092831
-0.472282,432.267748,0.6369638507271923
-0.33831,635.19339,0.7352413788986709
-0.623524,589.540334,0.5331813940511617
-4.230306,548.050964,2.7351998164977677E-5
-2.175404,396.795242,0.030189548099791973
-1.499049,613.22022,0.13437553057715546
-2.06272,331.852702,0.03991697656660887
-1.355246,497.911907,0.17595366890700792
-1.103516,437.827936,0.2704092897786302
-0.995812,620.648125,0.3197295743044576
0.717464,598.961287,0.4733675505954762
-0.916782,610.269205,0.3596190304216623
0.476466,631.667973,0.6339071925652529
-1.244109,618.736038,0.21393054513346854
0.302287,561.796217,0.7625451668015026
-1.238916,591.469811,0.21586802818108108
-3.189116,513.352076,0.001514216130178052
-2.638095,546.486743,0.008574927327980878
-1.502294,605.608083,0.13354242489790902
-1.416433,525.086688,0.1572417221851513
-0.409338,625.241534,0.6824318194683294
-1.58292,599.648659,0.11396694277315278
1.374327,585.068273,0.16986638765154516
-0.704366,548.199156,0.4815039801076286
0.150134,621.668877,0.8807075922735783
-0.035865,630.550275,0.9714013545863515
-0.360713,619.702674,0.7184369274615955
1.633116,479.304493,0.10310129533097445
0.985736,529.291799,0.3247130608218285
0.218308,634.772295,0.827259305604588
0.907568,551.836401,0.3645026525818036
-16384.0,NA,NA
-1.763318,458.207483,0.07851333726979497
-2.253298,338.536222,0.024879918151669674
-2.738124,419.346459,0.006442225812948491
-1.269377,634.774769,0.20477183069162574
0.013478,624.052596,0.9892507450800223
-0.850642,564.384571,0.39532898742815925
-3.438307,309.789468,6.654631174078276E-4
0.808071,545.816194,0.41940174841192945
1.182465,632.681917,0.2374654339671569
0.756384,621.185324,0.44970575356226483
0.384674,628.348964,0.7006091196850228
-0.07216,634.88033,0.9424973035573627
1.107934,625.236972,0.2683163451413402
3.494907,357.828725,5.337755382603948E-4
4096.0,NA,NA
4096.0,NA,NA
1.040189,459.34445,0.2987992919607505
-0.07294,586.242159,0.9418787418369693
0.711552,568.076864,0.47703432032752335
2.178367,582.682375,0.029778851442535004
2.105794,572.788828,0.035656870887980086
-1.964571,341.320088,0.050274849081331355
0.008723,587.044889,0.9930431046976054
0.015635,628.104787,0.9875305480478875
-8192.0,NA,NA
-8192.0,NA,NA
-2.47138,319.393317,0.013980486744291008
-1.685506,352.390355,0.09277621616830467
-1.349478,594.958197,0.1776967522960904
-0.889282,573.97246,0.37422409114785227
-3.385317,339.293611,7.942930269700151E-4
-2.08396,374.689011,0.03784086264770007
4.227987,622.326242,2.7118291919148163E-5
1.997381,602.524792,0.04623301655024603
0.619206,595.873383,0.5360173221459608
-1.544698,538.303158,0.1230069840179
2.554096,566.776933,0.010906817020884585
-0.563673,555.385371,0.5732042139238198
1.712142,507.3801,0.08748153465127029
1.283842,563.546,0.19972484388142675
0.288924,634.329747,0.7727339324933951
-2048.0,NA,NA
3.343348,616.710362,8.778690108948162E-4
-0.063155,559.182233,0.949665646338595
2.391935,610.120085,0.01706153869871785
1.614137,465.889776,0.10717475902806184
0.506718,634.784064,0.612528658066994
0.44786,602.899483,0.6544151195735861
0.889881,420.859678,0.37403817177120713
-0.981743,607.823887,0.32661707760725367
-0.616788,525.75846,0.5376415556092036
0.092252,631.823767,0.9265270660305394
-0.601617,515.011463,0.5476938401057974
-0.992284,488.855149,0.321549896591915
-8192.0,NA,NA
-1.517639,477.275966,0.12976750177850038
-0.69526,616.680597,0.48715426905579673
-1.989559,467.375421,0.047221879670257046
-0.188055,629.736379,0.8508941167760684
-0.267761,634.858774,0.7889702609995517
-0.192246,574.574129,0.8476174401243368
-16384.0,NA,NA
-1.372791,423.366132,0.17054404774909615
-8192.0,NA,NA
-0.822973,611.992419,0.41084390301368323
-0.075253,621.11198,0.9400376468196119
-0.976794,495.528743,0.3291477593275468
0.537968,630.407885,0.5907890084648506
7.660502,634.95043,6.94999613415348E-14
-2.24788,490.177262,0.025027575646880122
-1.06378,547.123694,0.2878976425336305
2.62644,562.53534,0.008863385873576046
3.086394,629.688661,0.002114948695004726
4.790995,625.511166,2.074748583158481E-6
0.924391,602.614702,0.35565277759015324
-1.987029,593.210467,0.04737869256861213
0.923144,611.254662,0.35629641327758543
1.555829,478.10742,0.12041042972175586
-3.522943,323.696873,4.8815746157787956E-4
2.068488,382.206488,0.039266196755882055
-16384.0,NA,NA
4.782887,564.840934,2.2078314820817013E-6
7.096277,634.387514,3.43969297489366E-12
7.703452,633.337746,5.129230373768223E-14
4.112344,628.714769,4.436901688209538E-5
3.90943,629.559459,1.0255326724051272E-4
7.370853,635.010176,5.304645611658998E-13
0.508224,632.489032,0.6114734637357002
4.343482,529.683116,1.6811376206682382E-5
2.987156,594.109991,0.0029319910083998035
6.461337,632.520575,2.0725066107729617E-10
2.518682,627.414017,0.012027037840901755
1.31376,579.255756,0.18944705252863225
-2.788759,410.344889,0.005537314858502643
0.809145,633.668938,0.41873545177329197
1.453006,439.012766,0.14693647859186054
-16384.0,NA,NA
-0.873544,610.662188,0.3827100139259384
-2.029044,312.165745,0.04330212018618198
-8192.0,NA,NA
1.586657,633.652123,0.11308921344728695
2.730256,633.549043,0.006504483997436639
-1.115343,458.084248,0.2652882334344615
-1.396139,518.712851,0.16326984115820198
0.482555,488.034421,0.6296281035800937
1.672966,395.172181,0.09512539613059046
0.211881,583.394802,0.8322738747288418
0.416964,540.553732,0.6768702736097334
-1.506351,563.935178,0.1325370126492591
0.057087,635.309086,0.9544938415088855
-2.733208,558.648741,0.006470795687087727
-0.504362,559.097174,0.614205719769147
-0.914538,522.640355,0.3608559447433023
-0.321625,629.199946,0.747843617780032
0.045942,633.895625,0.9633709475118852
-1.212934,563.292317,0.22566346793640712
-0.386703,634.415965,0.6991057646382496
-2.351074,579.855998,0.019053144605336626
-0.993731,596.81462,0.32075656558680987
2.107936,422.293157,0.03562523566374454
0.383662,629.567608,0.7013585086913765
-0.263332,627.667441,0.7923811189712118
0.481673,627.87762,0.6302060955000841
2.773848,629.968747,0.005703846768076781
2.161664,614.32073,0.031029599520653983
1.912759,621.827009,0.05623796576714524
-1.947416,563.691439,0.05198102805998371
-1.285042,582.101329,0.19928868094653296
-4.820455,582.472037,1.8299608631262463E-6
-16384.0,NA,NA
0.755799,629.799495,0.4500522982106734
3.216351,565.629901,0.0013724835836008697
2.957506,579.085471,0.003227894360684047
1.780946,621.618888,0.07540950921563061
2.734407,618.672867,0.006428227498680217
0.925956,622.278387,0.35482780511758394
0.081508,606.438927,0.9350648557812016
1.458753,563.370844,0.14519039004342327
1.961102,625.086623,0.050310684726533994
-0.080653,631.012728,0.9357434884088973
1.584291,561.925431,0.11369010484843312
1.263224,631.468438,0.20697489428920335
1.541389,627.743774,0.12372605768044975
1.076493,634.902318,0.28211570179657697
1.309048,625.913866,0.19099846810683263
-0.756381,624.990328,0.4497058051825821
2.511914,585.834942,0.012275581092830556
0.319093,622.220699,0.7497630841196348
-1.068784,608.567087,0.2855907597395041
-0.001465,624.148323,0.9988315676347359
-0.683988,605.003191,0.4942446373345073
0.612697,632.336058,0.5402969843581107
-0.117838,597.095471,0.9062356477624711
-1.25445,509.854112,0.21025326065357708
-0.437275,632.733627,0.6620611276812383
-2.216012,452.939181,0.02718701100678948
2.643792,607.643031,0.008409940178143449
2.226733,613.608157,0.026327290490747668
-8192.0,NA,NA
-0.920383,572.202083,0.3577605007256983
1.007699,620.286418,0.3139919127636559
-4.099332,520.869163,4.805561460933586E-5
-0.582808,534.42333,0.5602683819781455
0.238517,613.332875,0.8115598002544586
-4.044806,535.799803,6.006335195143509E-5
-3.437047,583.977385,6.299240302934773E-4
-1.772752,541.411593,0.07683202529617995
-3.227653,502.664995,0.0013295635910804608
-1.165461,583.444408,0.24430867859794225
-3.40363,367.256297,7.383019555846843E-4
-2.018077,474.295098,0.04414573005610552
-16384.0,NA,NA
-0.329198,627.248349,0.7421159240073538
-16384.0,NA,NA
-1.587819,357.807111,0.1132105169884472
-1.610568,424.172224,0.10801777775106025
-2.047509,517.550645,0.04111240339605205
-2.180599,454.596379,0.02972510378127703
-1.879413,530.279341,0.060736248741887024
-3.081996,615.988622,0.00214799076261941
0.372145,627.314288,0.7099105736152811
-1.201208,619.025697,0.2301299202368564
-2.530809,365.64037,0.011798647785629893
-2.866541,457.193445,0.004341405995394356
-7.591251,502.32191,1.5539584751107836E-13
-0.710736,533.58611,0.4775583850338757
-4.664994,549.856192,3.880034854949297E-6
-4.247238,614.799261,2.4993479137210406E-5
-3.575003,527.421216,3.8239567721927437E-4
-5.375689,520.775291,1.1533326207835817E-7
-6.147474,441.119432,1.7636894242446372E-9
-2.422921,418.297733,0.015819951129231753
-4.376483,633.632417,1.4104306930593282E-5
-3.849488,522.065243,1.3304220828789758E-4
-0.066981,626.968987,0.9466181825010986
-1.385299,340.196988,0.1668686807081291
-2.473348,413.502608,0.013786249319719805
-2.794995,445.136068,0.005414381753368234
-1.330223,508.83986,0.18404069382285726
-8192.0,NA,NA
-0.965865,624.321865,0.33448572004705
-2.002352,501.202369,0.04578512516160015
4096.0,NA,NA
-7.576411,519.07622,1.6420490583776585E-13
-3.070925,619.185873,0.002227496498268198
-2.817125,513.345691,0.005032241421021066
-1.35755,529.918676,0.17518434492972002
0.652102,562.182692,0.5146018921480273
-0.518538,586.055108,0.6042786762671715
-2.373719,570.881464,0.017939855857392696
-1.990717,377.519225,0.04723255523528354
-4096.0,NA,NA
-5.017636,511.748521,7.229202577604289E-7
-5.577923,569.68554,3.765028380821347E-8
-8192.0,NA,NA
-6.967379,472.621599,1.0890164311214031E-11
-2.245631,515.173833,0.0251508039426047
-0.553826,630.073487,0.5798944176927303
-3.762483,584.811125,1.8518608683950333E-4
0.860931,469.00488,0.3897159562778907
-1.195411,477.432818,0.23251991250694448
-2.79531,370.970585,0.005454564787954025
-8192.0,NA,NA
-0.958758,615.859433,0.33805690335604377
-2.488507,436.265444,0.01320010642633072
0.574274,585.703122,0.5660028800744228
-3.333199,408.012475,9.369226735272658E-4
-4.003801,476.399282,7.228313517311985E-5
-2.458499,429.568615,0.014345540367191703
-2.924124,571.040595,0.003591315900742497
-8192.0,NA,NA
-2.751735,368.974897,0.00622059740104976
-4.208593,367.108351,3.234518782781825E-5
-2.149007,513.032631,0.03210102632527661
-4096.0,NA,NA
-1.053973,558.996952,0.29235062184451466
-1.527643,364.553228,0.12746834599157342
-0.771757,602.373762,0.44056101258788816
1.273969,633.867078,0.20314130621390403
0.077479,633.967605,0.9382669425527779
1.309352,635.123185,0.19088861686138792
-0.582133,547.73232,0.5607166262648289
-0.819482,567.368293,0.4128555672235642
-0.135131,626.15753,0.8925517272380638
5.208335,412.668698,3.013928782102937E-7
-4096.0,NA,NA
-1.873095,628.274908,0.06151936357889067
-1.478028,620.082352,0.13990802667911684
0.983614,484.391578,0.32579637248105353
-3.078294,457.497759,0.002207019470846105
-1.711332,438.261994,0.08772737922967333
-3.119299,635.283699,0.0018948786530957114
0.526703,635.26966,0.5985837052867653
-1.238736,633.820376,0.21590183568863408
-1.774512,631.845374,0.07645994129645249
-1.11583,597.470061,0.26494348502034415
-2.164823,625.807282,0.030778556494284768
-3.411746,434.360899,7.059211466661198E-4
-2.159833,616.43874,0.031170443499613388
-1.173419,627.557843,0.24107297931788818
-1.022219,632.909635,0.30706781581245113
-0.431548,634.84908,0.6662164695478853
-1.182307,631.515652,0.2375288721603508
-0.590657,630.219175,0.5549620139582363
-2.051022,630.374333,0.04067761958323546
-1.478824,630.96246,0.1396864004702335
-1.338671,632.083953,0.18115907027112732
-1.343194,621.14679,0.17969970993227624
-0.344396,631.61929,0.7306631299414275
-0.924784,632.01929,0.35543122594361476
-1.113862,634.999493,0.26575982445694013
0.500752,623.119522,0.6167224961400799
-0.174841,582.486925,0.8612653260088572
1.038828,499.624796,0.29938720456452095
-1.999737,603.352969,0.04597652708996078
-1.897429,594.393863,0.05825568694430145
-1.255851,454.384063,0.20981536113383903
-2.343779,579.608543,0.019426373770204505
