t-stat,Degrees Of Freedom,p-value
-1.748789,145.344228,0.08243863248764324
-2048.0,NA,NA
1.78635,169.628067,0.07582875239114384
1.82221,177.852832,0.07010276295639839
-0.886653,214.404812,0.3762591931133594
-2048.0,NA,NA
-2048.0,NA,NA
1.789331,151.526189,0.07555895126781209
-2048.0,NA,NA
-8192.0,NA,NA
-2048.0,NA,NA
-8192.0,NA,NA
-2.16793,125.964277,0.03204406586529272
-1.976768,134.301519,0.05011628082216631
-0.692414,175.131394,0.4895944455344329
-1.015961,195.399771,0.3109042720415921
-4096.0,NA,NA
-1.575105,158.543411,0.11722557327724137
-8192.0,NA,NA
-5.763645,196.513733,3.145064611142587E-8
-4096.0,NA,NA
-2.165854,138.149695,0.03203876155859225
-2.021171,121.940922,0.04545174214416989
-0.308216,185.012968,0.7582647152782744
0.107779,224.17149,0.9142674024499267
-2048.0,NA,NA
-1.907499,214.083766,0.057794406047192375
0.664723,138.110512,0.5073360670124738
-1024.0,NA,NA
-2048.0,NA,NA
-1.175748,207.46833,0.24104303413272266
-0.311098,223.488475,0.756016098402128
4096.0,NA,NA
-1024.0,NA,NA
-4096.0,NA,NA
-8192.0,NA,NA
-2.381981,118.238025,0.018815206505311283
1.506818,191.966097,0.13350113165885058
-1.7283,117.364418,0.08656442974590192
1.493344,155.706024,0.13737076228856226
1.254848,170.552029,0.2112507460273383
0.570287,150.799361,0.5693317740521309
0.217479,223.226139,0.8280337255885124
0.236664,223.756279,0.8131339806502613
0.200461,217.723226,0.8413071812734378
4096.0,NA,NA
1.869046,205.228327,0.06304098570015793
1.358705,140.520599,0.17641709629325364
-0.053399,204.910049,0.9574660255416488
3.916837,187.947809,1.2546887752185043E-4
0.384881,173.552936,0.7007968267743612
0.519703,219.646723,0.6037939347515284
512.0,NA,NA
-8192.0,NA,NA
-1.943809,217.407506,0.05320898342152869
-4096.0,NA,NA
0.226391,224.352476,0.821103453570381
-2048.0,NA,NA
-0.990371,129.011645,0.32384666097281245
-0.150934,175.498857,0.8802011249186309
-1024.0,NA,NA
0.341931,219.736729,0.7327296151705855
-0.40128,167.948736,0.68872408677555
-2048.0,NA,NA
2048.0,NA,NA
4.80627,193.027827,3.0844052814060774E-6
0.134257,222.222033,0.8933208681222986
2048.0,NA,NA
0.800267,217.160016,0.424430705936075
1.988089,212.788494,0.048083627823963804
0.089052,222.646546,0.9291206357514126
2.19441,209.428046,0.029305499304428384
-512.0,NA,NA
-4096.0,NA,NA
-0.112729,220.792705,0.9103478341770584
4.103459,149.25389,6.672373991389868E-5
512.0,NA,NA
0.01404,208.329131,0.9888115050301525
4096.0,NA,NA
0.609099,145.274338,0.543410164658374
0.273173,219.447841,0.7849771405010608
-0.31971,182.895916,0.74955308308417
1.785181,202.278255,0.07573035406228446
0.797026,201.212428,0.426375406600382
-0.061666,217.525059,0.9508854387809469
0.261343,205.727632,0.7940894546667603
0.334448,224.359902,0.738353956958286
2.531475,201.164823,0.012123004878916044
1.208425,218.427886,0.2281904338795644
2.077026,213.33995,0.03899657129099254
2.713953,178.734677,0.0072996029144458685
-0.941481,148.223704,0.3479903022949694
0.528523,212.351785,0.5976883247826319
-1.114739,216.027592,0.26620089237215183
0.447598,223.329194,0.6548771927914312
-1.207879,197.874524,0.22853547295733712
-1.616814,206.571419,0.10744450134314465
-0.199256,223.99673,0.8422432494842118
-2048.0,NA,NA
-8192.0,NA,NA
1.003314,223.252925,0.31679558918254624
-2.591031,112.036896,0.010841584124792173
1.364585,201.881349,0.1739025988413332
1.521843,162.998617,0.12998603212962978
1.188038,208.71371,0.2361685996931726
4.374424,211.445239,1.911308288327085E-5
-0.082737,215.259588,0.9341375484684479
-0.453678,196.253895,0.6505618704446284
-1.605101,144.299629,0.11065790944911369
-0.130285,222.2361,0.8964587987401188
0.041163,218.003028,0.9672036243234632
4096.0,NA,NA
-0.819835,200.41246,0.4132841207841593
1.198671,137.828291,0.2327128056949177
1.125177,211.826992,0.26178731974428726
-2048.0,NA,NA
-4096.0,NA,NA
-1.718409,161.143945,0.08764264137184363
-4096.0,NA,NA
-1.713246,207.958466,0.08815756429459576
-1.056543,169.678231,0.2922221524663594
-1.554723,112.481409,0.1228212868277514
0.207606,194.790585,0.8357535041739896
-1024.0,NA,NA
-0.235907,197.977438,0.8137487038059388
-2.432955,116.279082,0.016499329483477772
1.265079,172.123915,0.20755302313668333
0.155563,224.312211,0.8765173908807324
-0.011247,223.727729,0.9910364041294404
-1.608252,156.14807,0.10980005140045312
-2048.0,NA,NA
-2048.0,NA,NA
1024.0,NA,NA
-0.515892,223.19778,0.6064405033141255
-4.725778,223.343342,4.055487851365097E-6
-1.513727,183.836176,0.13181242450992436
-512.0,NA,NA
-2.560233,170.135199,0.01132966031009134
0.828349,168.569881,0.40864414628142565
-1.988777,155.798018,0.048476956900998715
0.173455,215.305653,0.862456760930254
-1024.0,NA,NA
2.83724,184.774402,0.005058813093031578
2048.0,NA,NA
512.0,NA,NA
4096.0,NA,NA
-0.230763,187.863061,0.8177500412762696
0.867921,222.061379,0.3863745519587303
1024.0,NA,NA
2.167927,198.874665,0.031351886087341185
2048.0,NA,NA
2.169316,166.477193,0.0314769160964814
1.26209,222.560658,0.20823737694827882
2.002557,197.862121,0.046590022788024044
512.0,NA,NA
2.710245,222.150715,0.0072482378422615845
0.195217,204.580948,0.8454168139986049
1.002903,172.384931,0.31731335166005237
1.92199,131.184155,0.05677530514258877
2.220608,202.9252,0.027483562070134582
0.309165,195.049473,0.757526016416652
0.553193,214.386857,0.5807076630334853
0.509711,212.607628,0.6107826249912223
2.621777,181.382333,0.00949026754890192
2.584994,199.022889,0.010452988059706625
-0.677347,171.222202,0.49909999066010535
-1024.0,NA,NA
-1024.0,NA,NA
2.084621,140.027926,0.03891986994225238
-512.0,NA,NA
1.500889,209.421939,0.1348904371091213
1.74097,150.47667,0.08373275743434361
2.091435,124.450335,0.038522555901381095
1.591131,196.812988,0.1131850146809712
2.325243,172.623214,0.02122221258615231
0.53881,211.256872,0.5905852834049059
0.024524,210.376576,0.9804578860523483
1.748449,140.36044,0.08257263676147075
4096.0,NA,NA
1.82393,152.803697,0.07011642485769531
1.114632,136.635798,0.2669648886277516
0.253935,204.163816,0.7998013269430388
1024.0,NA,NA
2048.0,NA,NA
1024.0,NA,NA
2.372293,165.212388,0.018828559755442287
-0.462111,216.770534,0.6444651803456962
512.0,NA,NA
1.221265,218.067537,0.2233044105275983
-1.49062,152.676017,0.13812439661541487
-1.134033,186.475564,0.2582364538922184
0.986472,191.208102,0.3251481806396672
-1.102842,171.503163,0.2716409157222677
4096.0,NA,NA
2.741405,216.910386,0.006628115544447866
4096.0,NA,NA
3.514491,207.849424,5.406759817925266E-4
0.402034,217.880206,0.688053107215326
3.45193,218.384181,6.68199271641301E-4
2.03675,222.302916,0.04286039451646095
1.246868,177.537301,0.21408836999668623
-0.625287,191.139324,0.5325285255612227
-2048.0,NA,NA
0.721514,173.623644,0.47156383171141747
-1024.0,NA,NA
-1.477627,185.026939,0.14120779502037206
0.738607,213.505712,0.4609568184717159
2.28121,219.796903,0.02349397277921428
1.236606,214.486582,0.21758574172879186
2.102098,217.163687,0.0366970447564281
2.5381,191.429975,0.011942063240764744
0.65947,195.033358,0.5103719423919841
-8192.0,NA,NA
-2048.0,NA,NA
-2048.0,NA,NA
-0.439714,224.305378,0.6605676189771725
-2048.0,NA,NA
-1024.0,NA,NA
-2048.0,NA,NA
0.661778,215.087114,0.5088218667303708
1.136481,159.520713,0.25745970536024965
1.969981,190.39746,0.05029055305909158
0.396175,223.04369,0.6923546659061703
-1.367337,150.00509,0.17356504328092404
-0.574123,199.968361,0.5665297975001564
-0.88201,196.236548,0.3788504916066101
-0.49605,222.261236,0.6203493059082277
1.348449,132.890938,0.17980769574352218
-0.249717,195.575736,0.8030683007467894
-0.128278,220.83033,0.8980457197678633
0.234513,207.133576,0.8148183911224784
2.907897,223.96274,0.0040046799964643665
-1024.0,NA,NA
2.032903,150.757512,0.043817108410303396
2.748205,137.937509,0.006794046902123041
-4096.0,NA,NA
-4.550719,211.127291,9.017997786932162E-6
-5.515663,188.914613,1.1319140249314074E-7
-1.526595,215.490758,0.1283281461346395
-2048.0,NA,NA
-1024.0,NA,NA
-1024.0,NA,NA
-3.785843,162.734041,2.150980113656388E-4
-0.909913,208.534964,0.36391888204828593
2048.0,NA,NA
-1.202383,177.096062,0.23082035979786464
-1.879642,208.770534,0.061549837807320956
-1.169231,215.2068,0.24360398557878649
4096.0,NA,NA
8192.0,NA,NA
-0.835889,152.222966,0.40452750133713666
1.140926,177.73757,0.25543566336833856
1.071303,220.928878,0.2852021218534808
1.823359,196.718304,0.0697667595745377
8192.0,NA,NA
-4096.0,NA,NA
0.604519,221.348766,0.5461177886722801
1.304146,196.349464,0.19371054494927042
1024.0,NA,NA
3.201431,158.062684,0.0016533522740178608
2.358854,127.59768,0.019849705820513153
0.416048,222.184668,0.6777764600789442
-3.358732,147.972665,9.958378494276873E-4
-6.106516,186.768456,5.7752968130396536E-9
-0.826432,198.560637,0.4095510337954239
-3.455873,182.00304,6.826208213560793E-4
-6.236499,222.76738,2.2214736926561012E-9
-4.341218,137.904726,2.723534110498438E-5
-4.539287,197.312218,9.802451600808968E-6
-1.276599,163.278989,0.20355652221265286
-2048.0,NA,NA
2.798643,209.191427,0.0056114270781044695
2.658305,221.073091,0.0084273975083613
3.075881,165.071108,0.0024572522879138248
2.538423,181.313857,0.011976459317337707
2048.0,NA,NA
1.757597,128.361088,0.08120001926534703
-0.164642,210.739885,0.869383582819869
3.751991,179.24069,2.367336921880181E-4
1.298943,145.282691,0.19602125307024254
4096.0,NA,NA
4096.0,NA,NA
-512.0,NA,NA
0.923783,213.217243,0.3566435504439427
3.053263,224.315964,0.002537110636953388
4.004652,223.727111,8.453152779397399E-5
0.47887,222.51147,0.6325013505216488
1.444136,217.361349,0.15014057483914733
-2048.0,NA,NA
-1.354672,197.991183,0.1770658849733875
-1.322906,193.787404,0.18742555263954674
1.273341,217.088206,0.20425884412719109
1.977928,218.752777,0.049192036688848084
-1.047408,202.044972,0.2961628011553177
4096.0,NA,NA
-1.157234,181.3921,0.24869838431301672
0.277727,200.341467,0.7815083229648734
-0.540589,218.614622,0.5893412416417438
-1.005357,153.121151,0.3163110709194539
4096.0,NA,NA
-3.668677,187.617203,3.175472725669687E-4
-1.681079,192.498059,0.09436934113340256
-3.52474,135.66808,5.784637414215002E-4
-2048.0,NA,NA
-1024.0,NA,NA
-3.262911,146.163527,0.0013729305043265682
-2.377834,131.545768,0.018853772902764986
-2.091973,190.56399,0.03776580454037026
-1.927222,125.251638,0.05621641632981535
-2.0678,177.204087,0.040111895131892734
-2048.0,NA,NA
-1024.0,NA,NA
-0.023778,209.865274,0.9810522817119398
-0.716237,175.108706,0.47479911443856004
-2048.0,NA,NA
-4096.0,NA,NA
-0.375371,197.731534,0.7077869227555755
-1024.0,NA,NA
-0.135869,218.389784,0.8920499982259198
-0.031022,222.89631,0.9752797540868061
0.815458,219.93736,0.41569240217144965
-1.135036,220.408182,0.257593050220139
-1.207571,208.877114,0.22857788919270206
-2048.0,NA,NA
0.158812,224.26713,0.8739599134655418
-0.354303,208.754453,0.7234694455713995
-0.944027,160.904357,0.34657119929099667
-1.601115,136.558287,0.11166229448815368
-2048.0,NA,NA
-1024.0,NA,NA
-2048.0,NA,NA
-0.405138,218.478347,0.6857724915679863
2048.0,NA,NA
1.667737,213.559199,0.09683357529919645
-0.681763,222.440316,0.49609804932236423
0.600746,205.391116,0.5486715208928845
4096.0,NA,NA
4096.0,NA,NA
-0.733165,220.196625,0.4642375999045377
0.878767,201.980454,0.38057183277151085
-2.010285,202.22675,0.0457294828628427
-8192.0,NA,NA
-4096.0,NA,NA
-1024.0,NA,NA
-2.336987,148.490396,0.02077591765535497
0.085101,220.50159,0.9322583127532107
0.112985,203.867398,0.9101536255379103
-1.112908,201.925712,0.2670710542788599
1.101589,156.676948,0.27232979687104697
-4096.0,NA,NA
-0.452345,158.974143,0.6516371034044228
2.151511,121.331024,0.033417585374003744
-2.863683,159.599528,0.004750553148101707
-0.14172,219.955862,0.8874308942508254
-0.722659,220.362924,0.4706556618925277
-3.613078,169.174302,3.986989645716036E-4
0.889989,219.52798,0.37444606380087375
-2.5636,131.930517,0.01148017332627772
-4096.0,NA,NA
2.542244,223.709514,0.011690487986339093
-1.23166,199.095734,0.21952887801870702
0.20049,224.361562,0.8412789968214889
-0.486276,187.660992,0.6273388646385551
-2.721223,179.114784,0.007145932321604201
-1.918713,187.638263,0.056538424282581476
-512.0,NA,NA
-16384.0,NA,NA
-2.073566,140.911286,0.039940328301060916
-16384.0,NA,NA
-4096.0,NA,NA
-4096.0,NA,NA
-0.893945,171.369342,0.37260505839552205
-0.450923,159.217566,0.6526585497074815
-4096.0,NA,NA
-4096.0,NA,NA
-4.443652,206.357075,1.442364598054862E-5
1.286578,148.716196,0.20024061006197247
-2048.0,NA,NA
0.101328,210.936082,0.9193863406712339
-1.046594,156.584077,0.29689974456071777
-1024.0,NA,NA
-1.514612,152.177306,0.13194496686074653
-0.540989,201.808568,0.5891118104093316
3.096068,210.254542,0.0022281884381931683
-1.603521,194.091406,0.11044571713672147
1.076253,175.295269,0.2832931164766561
-0.559573,222.974734,0.5763323844686676
2.796392,143.504387,0.005876391403887737
-2048.0,NA,NA
-4096.0,NA,NA
-2.486377,135.854849,0.014117317616988458
2.257932,136.963658,0.025531424695444338
2.355583,128.717696,0.020004341669388692
-0.624547,218.706006,0.5329193958920486
-0.142626,214.648497,0.8867193517044946
1.393007,163.051752,0.16551397917099564
-2048.0,NA,NA
-2048.0,NA,NA
-4096.0,NA,NA
-0.397599,218.503965,0.6913139433776867
-0.719721,203.26746,0.4725234997509459
-2.140073,116.438206,0.034435512854939336
-1024.0,NA,NA
-2.236831,140.508661,0.02687262396741229
-8192.0,NA,NA
5.127913,217.660068,6.466042039576791E-7
0.744225,218.154955,0.4575412436892601
1.335767,178.730101,0.1833238795514136
4096.0,NA,NA
-0.971557,178.071125,0.33258882999804884
2.04299,172.36834,0.04257609462003131
4096.0,NA,NA
-2.146002,136.700347,0.03363901303004307
1024.0,NA,NA
-0.143735,224.341857,0.8858387590371826
-2.416347,135.819483,0.017005709531030186
3.11776,210.832256,0.0020765836820528794
1.547608,206.482081,0.12324800671110259
1024.0,NA,NA
0.623099,217.224623,0.5338731060840609
-4096.0,NA,NA
-2.296319,136.066548,0.023185474427436476
-0.405267,215.818079,0.68568270261819
2048.0,NA,NA
-1024.0,NA,NA
4096.0,NA,NA
0.901269,185.826519,0.3686119217040025
-1.288079,148.331759,0.19972421287028908
-1024.0,NA,NA
-1.495644,168.674809,0.1366150897294296
0.193773,212.809718,0.8465384594153629
0.805037,170.173389,0.42192167289991245
0.476151,212.500592,0.634455984194134
-1024.0,NA,NA
-1024.0,NA,NA
0.633324,199.728292,0.5272466071146535
-1.47514,165.619652,0.1420734029445163
-0.013606,194.766205,0.989158244571248
0.806448,171.40777,0.42110206714000764
-0.766207,221.001185,0.44437075525145076
3.539295,218.437806,4.901215356092337E-4
-1024.0,NA,NA
2048.0,NA,NA
1.419597,203.068776,0.15725830199797386
1.088737,220.723706,0.2774571864187443
2.549502,195.324543,0.011555351685100135
2048.0,NA,NA
-3.463166,113.858663,7.530922690252733E-4
0.577786,208.676225,0.5640315347903597
1024.0,NA,NA
-2048.0,NA,NA
0.476675,224.307905,0.6340575970056066
-512.0,NA,NA
2.108721,146.067997,0.036675195179537434
4.311086,224.294611,2.4332699609885822E-5
3.406036,218.848597,7.841566092672281E-4
1.686197,220.930453,0.09316948429591809
1.216539,217.119197,0.22510048643819225
4.667678,214.030984,5.370970044493717E-6
-0.499578,185.135375,0.6179654472268012
0.587816,221.954171,0.5572533745864856
-0.016032,222.109543,0.9872232543092698
3.286122,200.832394,0.0011987653770824114
0.036925,223.810536,0.9705777195258158
1.301719,174.959564,0.19472377977884148
-1.419652,122.193077,0.158255172209807
0.433624,223.425541,0.6649798851225039
-1024.0,NA,NA
-0.808901,162.713743,0.41975328093929276
-2048.0,NA,NA
1024.0,NA,NA
-0.55243,219.801813,0.5812150941294001
0.631318,224.280034,0.5284755006599988
-1.177731,135.279688,0.24097160801205253
0.413472,222.120671,0.6796597409315484
0.066355,223.661885,0.9471544706196986
-2048.0,NA,NA
-2048.0,NA,NA
2.116182,181.58975,0.03569202198235444
-1.322974,141.192322,0.18798263013307304
0.042314,223.589695,0.9662861469806321
-1.090545,174.784475,0.2769742763042551
-1024.0,NA,NA
-2048.0,NA,NA
-2048.0,NA,NA
-4096.0,NA,NA
-2.597299,119.871377,0.010572567350374835
-1.887321,145.124737,0.06111402800769448
512.0,NA,NA
-1024.0,NA,NA
-1.602448,177.051628,0.11083913968516246
-1.550314,212.89745,0.12255140946822352
-1024.0,NA,NA
-2048.0,NA,NA
1024.0,NA,NA
2.203195,126.129721,0.029397058095710582
2.851577,179.431945,0.004860631320753539
3.15148,164.14481,0.0019312406660423331
1.383625,178.584114,0.1682003323317185
1.783806,128.11214,0.07682260974257016
1.760107,120.743685,0.08092196690713505
-4.017277,213.518658,8.157077544022345E-5
-1.548427,124.288898,0.12406210266548678
2.175273,201.645241,0.030772900827436
1.380588,211.347455,0.16886398924197588
1.415349,183.377942,0.15866221328644237
2.009899,183.052693,0.04591024180874492
2.742305,219.030622,0.006605575190686386
1.775638,224.11101,0.07714961609710103
1.997893,136.098989,0.04772137974015367
2048.0,NA,NA
0.879635,193.344907,0.380149049032783
1.750525,192.318311,0.08162235670932239
0.464836,223.895177,0.6425006392935417
1.042115,184.442264,0.2987223911689427
2.433306,206.583032,0.015812238457572736
1.447399,222.266976,0.14919415381573686
2.534535,201.856301,0.012018312194667091
3.521433,174.041607,5.480956161263428E-4
0.537126,223.891009,0.5917139733864145
3.358556,121.493117,0.001046970538272296
512.0,NA,NA
0.368868,223.837308,0.7125747773875879
2.196865,219.706733,0.029075470561945815
-0.090534,224.291128,0.9279436747115856
1.708522,223.537642,0.08892758827631031
1.60224,140.792839,0.11134377262412087
8192.0,NA,NA
-0.505191,218.715075,0.6139333729516332
-1.215678,120.685734,0.22648027027628115
3.070112,129.665802,0.0026069932808774343
0.190544,213.22257,0.8490641618487422
1.140352,209.857853,0.25543944909171734
-512.0,NA,NA
1.755754,160.513734,0.08103786753426534
-3.992999,187.415343,9.360458296029478E-5
-2048.0,NA,NA
-4.414681,171.263737,1.786164259273732E-5
-3.877315,182.5838,1.4722159492075202E-4
-16384.0,NA,NA
-3.955029,172.428086,1.1158117646120608E-4
-0.115314,220.142271,0.9083013553164743
1024.0,NA,NA
2048.0,NA,NA
-0.89526,204.217932,0.3717021041697557
0.374985,224.077044,0.7080262957529477
-1.248679,133.222564,0.21397231785688653
-0.330853,180.839186,0.7411385584762519
-1024.0,NA,NA
-1.047876,182.241366,0.2960834750050958
-1024.0,NA,NA
-1.362971,155.355328,0.17486389149214088
-8192.0,NA,NA
-2048.0,NA,NA
-0.342698,222.954089,0.7321485395233363
-1.552964,191.35401,0.12208407146700806
-0.479076,224.35414,0.6323511688772527
-2.258972,202.023468,0.02495307203051115
-1.385726,174.943353,0.16759456796318228
-0.944864,206.815226,0.34583085959132087
1024.0,NA,NA
-3.539352,190.148654,5.042301699542621E-4
0.513833,180.998185,0.6079954735515063
-2.802455,218.731081,0.005526746150361008
-2.121194,224.110904,0.03500399280740035
-2048.0,NA,NA
-3.120908,192.319144,0.0020807782782692776
-3.617087,201.983426,3.7639790607319384E-4
-2.095935,192.909641,0.037392398779344846
-0.882363,204.644189,0.3786157995690309
-1.114546,224.356256,0.2662375263676643
-3.006519,186.544542,0.0030066149183838363
-1024.0,NA,NA
4096.0,NA,NA
0.159639,221.918562,0.8733106565849056
-16384.0,NA,NA
-2048.0,NA,NA
-4096.0,NA,NA
-0.615055,217.513827,0.5391613179246395
-2.165027,119.588065,0.0323719468911692
2048.0,NA,NA
-3.078203,205.260574,0.002366963633368703
-2.145903,224.284866,0.03295469942393349
-3.408262,142.051531,8.509299428401295E-4
-0.638477,188.404504,0.5239385719867592
-2048.0,NA,NA
-0.439161,218.782592,0.6609783019470178
-0.841166,154.440525,0.4015554555460441
-1024.0,NA,NA
-3.292194,183.955431,0.0011919346723015618
-2.920714,218.531152,0.003858535349407765
-0.865148,149.557405,0.3883431695129721
-4096.0,NA,NA
-4.991404,164.030469,1.5185107551622673E-6
-0.646427,224.28083,0.5186637909600573
-2048.0,NA,NA
-1.501094,181.875453,0.13506531517147702
-0.533856,145.783006,0.5942542497772092
-1024.0,NA,NA
-4096.0,NA,NA
-1.981661,160.219053,0.04922794164067899
-0.735778,210.309334,0.4626856169048513
-0.332648,223.004007,0.7397124960171269
-0.77636,219.703723,0.43837143988234517
-2.556797,163.198972,0.011475644090853394
-0.676517,222.08439,0.49941642947722964
-2.334187,207.655993,0.020541588323534043
-4096.0,NA,NA
-2.412469,144.015759,0.017102999230334752
-0.342011,224.179912,0.7326630185701698
-1024.0,NA,NA
2048.0,NA,NA
-0.555468,173.316032,0.5792908654418067
4096.0,NA,NA
-0.816586,208.614547,0.4150965551999114
1.081494,177.483208,0.28094469657564236
-1024.0,NA,NA
0.567348,215.115818,0.5710693604035233
-2048.0,NA,NA
0.169077,189.520155,0.8659163976818611
1.327076,202.386085,0.18597875245852258
0.014504,224.297458,0.9884407808156559
-0.459588,224.174787,0.6462573522220982
2.611679,181.869276,0.009762405005927954
-1024.0,NA,NA
1.032826,140.247801,0.3034630636173874
-1024.0,NA,NA
-1.815137,221.76887,0.0708536897099865
2.244832,206.264639,0.025840379909632505
-0.832337,222.766374,0.40611014753839614
1024.0,NA,NA
0.071414,223.671698,0.9431320806820824
0.304536,218.469063,0.7610094644318912
-0.885415,223.422938,0.3768847749597346
-1.036344,164.417427,0.3015634669185243
1.804536,197.096542,0.07267384774826535
-0.24666,224.299527,0.8053969632715032
-1.721782,196.541232,0.08668235557034754
-1.818788,204.345949,0.07040762993085964
0.745828,217.029675,0.4565783582573604
0.937883,223.800959,0.3493155744760785
-1.557968,219.451716,0.12068177708781658
0.856829,224.129425,0.39245458718602944
0.285978,191.053566,0.7752048095599702
-1.90244,122.296682,0.05946513315448087
-1.074013,215.288021,0.2840191432714627
-0.969537,224.193173,0.3333221228721156
-0.363889,224.256175,0.7162837349216266
-0.316871,183.419359,0.751701855156414
-4096.0,NA,NA
-1024.0,NA,NA
-2.095562,211.322457,0.037311836011466155
-1.703991,215.356448,0.08982513603757769
-1.393424,199.683488,0.16504064438408028
0.32549,192.222173,0.7451642742457012
