t-stat,Degrees Of Freedom,p-value
-3.622374,233.242168,3.581910200682892E-4
2.557364,280.551993,0.011073054667444904
2.097928,308.392676,0.03672500458318928
-2.084079,303.036258,0.037990406204625134
-2.267848,241.333922,0.02422315430686092
0.555286,376.59847,0.5790287354846524
-1.168746,336.568182,0.24333311156340487
-1.188919,356.487673,0.2352628925416027
-1.118656,340.696074,0.2640750311406669
-1.970775,309.539012,0.04964035048971477
-2.558662,242.886398,0.011115114700121043
-1.163746,343.120148,0.24533555734740364
-0.892882,326.085026,0.37257881975998974
-1.271119,352.355058,0.20452480826410457
-2.674818,225.672579,0.008024355126024254
-2.283895,262.219405,0.02317753179742133
-8192.0,NA,NA
-6.190536,359.393353,1.6371000252922845E-9
-1.038021,343.353103,0.2999907212414472
-2.416824,304.775475,0.0162436792925415
-3.221467,241.314503,0.001450910272926144
-0.903171,274.565816,0.36722683386430954
-4096.0,NA,NA
-2.976434,373.164332,0.003106338388611255
-1.338779,294.356947,0.18167563643021778
-2.074102,333.379842,0.038837051168891995
-0.732337,394.620485,0.46439762795313355
0.501623,373.834956,0.6162280159788938
1.305396,226.491526,0.19308253933000064
-2.09797,224.911061,0.037024166100555145
-16384.0,NA,NA
-3.149729,212.152894,0.0018698734533860117
2.158011,319.505913,0.03167174620646307
-2.023829,271.702784,0.043966360681408606
1.121696,396.390644,0.26267074687767655
1.976775,280.253302,0.049047165967537776
0.769379,260.916887,0.44236428362941416
0.255145,395.077288,0.7987438772951039
0.663626,379.323658,0.50733283361139
0.466106,396.382919,0.6413956583504192
0.531116,381.430369,0.5956475231499099
2.887152,333.020541,0.004141506961911512
1.156203,342.943819,0.2484029378953625
0.206189,373.65585,0.8367555783643017
4.912214,347.307025,1.38950109596081E-6
0.269944,350.188041,0.7873623414648909
1.316698,396.449029,0.18870050981362896
0.06914,384.153501,0.9449141563555719
-2.349999,292.476073,0.01943800931275996
-2.450623,370.072524,0.014723030387053245
-8192.0,NA,NA
-1.398621,224.874622,0.1633042791605096
-1.43606,252.383226,0.15222356900355172
2.056107,347.800463,0.04051805480054682
1.598607,246.666641,0.1111880713576725
0.810903,365.230352,0.4179494709970233
0.752586,393.803829,0.45214835204071235
6.527249,366.024493,2.2369373020580952E-10
0.337986,386.225863,0.7355573724065092
1.328842,257.781467,0.18507512734190357
0.474835,395.195851,0.6351668766864325
2.140174,382.894599,0.03297205927615354
0.345829,388.449692,0.7296584460732278
2.54013,370.845073,0.011488366908701808
1.510235,250.101811,0.1322458216762583
0.80351,387.152702,0.42217306499703033
0.930506,318.851038,0.35281311807282156
5.149978,305.586961,4.677157097177087E-7
0.924469,264.528266,0.35608472140206127
0.593384,366.663737,0.5532900404658654
1.12083,287.928426,0.2632941956729815
1.268838,345.27608,0.20535356262047433
1.795117,318.072351,0.07358430514430703
-0.589303,370.111272,0.5560175624887371
2.573872,351.027352,0.01046632483061738
2.537413,305.346363,0.011664805229106845
1.666905,302.503314,0.09656825482888287
1.851153,341.357135,0.06501112664027131
0.372093,396.443032,0.7100224223051179
3.00488,351.947969,0.002847348076876699
3.333252,368.027276,9.455139771927801E-4
3.876799,376.058235,1.2488267186783197E-4
4.526913,325.769571,8.403192539807591E-6
0.421753,394.479526,0.6734350502673692
0.527776,396.085237,0.5979503440211467
-1.100735,377.344451,0.27171367681902936
0.563999,394.416566,0.5730753621696754
-0.898321,359.042633,0.3696164528836057
-0.898237,382.821157,0.3696237963306579
0.24545,396.278867,0.8062350824480438
-4096.0,NA,NA
-8192.0,NA,NA
1.810792,381.27765,0.07096000685959925
2.01329,337.539938,0.04487756935991438
2.085464,238.132255,0.03809231834189131
3.024611,273.517067,0.002726192561516738
5.22324,377.959233,2.9109335386579005E-7
-0.86133,389.869978,0.3895857394785932
-0.752721,330.154412,0.45215394594406344
-2.75983,254.044132,0.006204275886550019
-1.177885,367.413168,0.23960482444213438
-1.146538,376.674781,0.2523004085381314
-0.529093,364.276354,0.5970631868132907
-0.546212,377.304388,0.5852430444819743
1.995165,215.598328,0.047283884967453726
0.870283,393.449559,0.3846764139215231
-4096.0,NA,NA
-16384.0,NA,NA
-3.005084,231.488253,0.002947339920585708
-8192.0,NA,NA
-3.976218,328.589499,8.614824710013964E-5
-1.052483,312.43838,0.29339129798043995
-2.644098,204.921942,0.008824854646169415
-0.367235,372.56786,0.7136522379703548
0.111355,384.593275,0.9113929333115562
-0.874659,282.863575,0.382501505864577
-2.537945,216.758798,0.011852982746442395
3.888428,309.694266,1.2348857140032088E-4
-0.348607,396.476134,0.7275694129719771
-1.031644,310.387849,0.30304209693304585
-2.175664,294.651157,0.030374980537020122
-0.267614,396.115455,0.7891357403693788
-0.817926,396.476766,0.41389072005935845
-5.583972,389.268667,4.4182368650847255E-8
-1.001363,371.774516,0.31730264629044536
-0.247728,358.590033,0.804486653747484
-2.212011,354.793144,0.027602508306932085
0.752389,319.868259,0.45237047249596096
-2.845142,323.527328,0.0047221207050530695
1.525302,339.482399,0.1281148370734857
0.152558,376.034758,0.8788286718044036
4.230133,360.777043,2.9646936871685625E-5
-0.762966,283.749907,0.4461175025670294
2.145861,289.666915,0.032714952309757406
1.971178,392.32095,0.049405927807019356
0.791982,396.440985,0.42884479821717747
1.981751,275.336138,0.0485014675307176
2.557694,357.987291,0.010948170959947712
4.155876,271.049981,4.348992404379359E-5
2.221781,396.183106,0.026862443501603384
1.780193,395.234745,0.07581252332946042
1.690725,202.421318,0.09242850795518809
4.001673,388.871208,7.531671973182164E-5
0.384436,389.551582,0.7008650967040482
1.874773,253.392314,0.06197424919104089
2.007335,278.636834,0.045679527962298794
3.775058,377.118676,1.8575948108057183E-4
0.10294,396.477317,0.9180626365434517
1.962088,365.964106,0.05050971295819928
2.706093,350.612701,0.007140811465261798
4.811122,323.10913,2.3066873109378605E-6
1.56056,388.514888,0.11944176816908225
3.022072,221.932559,0.002805351948049095
1.370344,270.03658,0.17171765468580968
0.419995,393.00986,0.6747186208223006
3.437033,272.04688,6.80141825820435E-4
0.659082,339.688354,0.5102896399454799
2.607298,372.248562,0.009492975030871431
1.628546,268.80196,0.10458057667402088
1.98971,367.043789,0.04736453329099888
0.391993,396.004818,0.6952742550199478
2.762551,286.083139,0.006106693094591442
1.995593,226.788433,0.04717464685546813
0.094171,387.112567,0.9250220432536096
2.68161,223.515405,0.00787358252802628
8192.0,NA,NA
4.487762,232.788152,1.1318871485199722E-5
3.350782,209.177908,9.560617091930457E-4
-1.599224,231.369979,0.11113548068953616
2.017946,232.016136,0.04474813216346818
0.902158,394.922729,0.36752282783167733
2048.0,NA,NA
4.342589,252.382502,2.0406217583479602E-5
-0.249753,396.472515,0.8029077188744834
1.06729,295.732993,0.28671138323903156
2.076788,374.396053,0.038502671890134677
-0.514326,376.728322,0.6073256625315315
-0.008883,396.077905,0.9929169570367339
1.330483,295.670504,0.18438441114855886
8192.0,NA,NA
4.896861,378.793049,1.444625730151472E-6
4.848869,351.611517,1.8675920365751608E-6
2.311901,371.800486,0.021328988256199555
5.419757,376.313464,1.0681275020019143E-7
3.160011,367.663486,0.0017083997356892588
1.074944,316.695049,0.28321807909553254
-0.976891,320.375991,0.3293601732219932
-0.030696,395.700066,0.9755274573296785
-1.910463,335.48885,0.05692590370900342
0.66019,386.018392,0.509525641714295
3.075756,389.074711,0.0022480417712862355
1.632358,372.654326,0.10344875171724999
3.496024,348.200585,5.33325436931964E-4
4.085609,340.899382,5.4851059570371064E-5
0.799846,356.665653,0.4243324135555584
-3.114037,214.152002,0.0020976689763689597
-4096.0,NA,NA
-4096.0,NA,NA
-0.966714,377.122939,0.3343065510920197
-4096.0,NA,NA
1.145701,326.59392,0.2527576923077608
2.042396,278.750968,0.042053070735907694
0.950073,378.614247,0.34268121915717265
0.74468,395.935582,0.4569069588300074
0.217587,392.904913,0.8278638655206887
0.742964,374.268036,0.45796955651944904
0.534717,308.834403,0.5932303159990437
1.049134,369.390621,0.2948023680136367
1.098327,239.367025,0.2731652665885562
7.53E-4,392.167444,0.9993995758493699
-1.030378,298.729673,0.3036661008693953
4.185915,394.569779,3.5047492071393904E-5
-1.287355,220.259347,0.19932167551043245
2.486013,257.469613,0.013553220957020828
4.127282,222.574554,5.1898839730224466E-5
-1.64283,246.042928,0.10169544567613642
-3.475484,391.326113,5.670440726460138E-4
-5.964799,348.196179,6.020819619872586E-9
-2.401885,346.176158,0.016837227630408187
0.97613,313.064951,0.32975370019410244
-0.839206,290.581705,0.4020435810210933
-2048.0,NA,NA
-3.736926,357.942916,2.1674668945221524E-4
-0.028572,367.743595,0.9772214427563467
4096.0,NA,NA
-1.218801,326.493439,0.22379961104387447
-2.985984,354.218566,0.0030233238750659325
-1.120379,389.628812,0.2632424001602436
4096.0,NA,NA
1.835025,280.972681,0.0675590217240345
-0.960601,282.872464,0.3375731943415736
0.975015,360.112715,0.33020731200564857
0.638538,395.656287,0.5234929587561226
3.20818,312.113969,0.001474517100260142
0.581907,396.328386,0.5609601675529581
-1.563748,323.959714,0.11885304534695496
0.777869,390.249721,0.43711756974272653
-0.022066,394.97411,0.9824064509555397
4096.0,NA,NA
4.553186,321.713851,7.5055365347243E-6
1.379853,357.901915,0.16849329635182952
1.148785,337.580039,0.25145796342705173
-2.980374,346.827728,0.00308216576476794
-7.28092,324.233927,2.5278131738295654E-12
-1.805684,285.061048,0.07202254928074472
-4.880235,298.521423,1.7277733908964468E-6
-9.018713,396.373906,8.256658270283333E-18
-4.224081,312.45816,3.151166050889884E-5
-5.12391,379.392927,4.774998780815061E-7
-1.177198,293.707394,0.24006956503451604
-0.817732,279.158646,0.4142076269456425
3.813326,366.25164,1.6084420163164914E-4
3.38228,390.384272,7.915218951151104E-4
3.216074,349.651219,0.001420822001857447
4.048466,296.1744,6.58729436020522E-5
-0.663437,311.897216,0.5075407698563881
4.186921,207.702106,4.176411191281204E-5
0.343813,394.451777,0.7311701168240541
4.581659,357.58307,6.381637221775094E-6
1.571709,279.635605,0.117148811948665
2.30149,353.922552,0.021944281812036337
8192.0,NA,NA
-1024.0,NA,NA
0.975184,382.635145,0.3300850995387943
5.348481,395.849078,1.5032388867020074E-7
5.090521,396.476718,5.527843729424831E-7
1.18882,356.231399,0.23530237485272476
4.641772,332.929091,4.976323108030201E-6
-4096.0,NA,NA
-1.774908,384.089641,0.07670500601862656
-2.646719,348.410513,0.00849657513333008
1.530637,392.996076,0.12666365112377154
2.198345,393.903966,0.02850556215198785
-1.955222,355.572887,0.051339896674498245
1.416935,220.7471,0.15791167166872677
-1.616079,388.003889,0.10688998745590572
0.166372,383.762495,0.8679518270043052
-2.120944,371.410456,0.0345885883812369
-1.202066,359.984137,0.23012809569649406
0.686659,356.451159,0.49274408489451216
-5.783566,321.368022,1.733870157339625E-8
-2.633909,336.743155,0.008830405456817734
-5.644676,277.285874,4.088387445145024E-8
-4096.0,NA,NA
-0.64177,387.503927,0.521401969683305
-6.351152,234.604195,1.0974158857441229E-9
-2.272517,258.286543,0.023877486477790207
-4.795719,323.911701,2.4759511512078683E-6
-3.131627,242.379288,0.0019520038237117291
-4.707105,299.403236,3.846477188998608E-6
-8192.0,NA,NA
0.370252,378.639616,0.7114017567697923
-0.907433,361.748697,0.364781941032701
-4096.0,NA,NA
-0.26109,355.247191,0.7941743949374814
-2048.0,NA,NA
-2.271308,254.38249,0.023964295705659843
0.360381,389.372872,0.7187576444305048
0.943345,393.633366,0.3460830854682049
-1.210191,394.602571,0.2269300333048092
-0.770152,389.607731,0.4416764528025533
-1.364012,280.444229,0.17365749486559234
-0.090933,393.431584,0.9275921065299886
-0.185784,387.456479,0.852711374002636
-1.015321,365.758304,0.3106239889914092
-1.294898,281.296834,0.1964172345549421
1.19737,262.563831,0.2322422410491236
-4096.0,NA,NA
1.219614,311.808615,0.22353295434258413
2.309099,380.638585,0.021472915615564636
-0.966988,387.536268,0.33415309690098005
1.750779,283.328385,0.08106624887037017
1.081952,361.544146,0.2799949629836094
0.472688,381.701574,0.6367059490634275
-0.35613,380.281604,0.7219407000733917
-1.794293,386.761764,0.07354728384242518
-8192.0,NA,NA
0.324365,395.890143,0.7458330270266817
-8192.0,NA,NA
-2.07196,312.444114,0.03908930202160554
0.858824,337.971066,0.3910463188356892
-0.001619,395.281623,0.998709042202645
0.140999,395.468338,0.8879425245075874
-4096.0,NA,NA
-0.285582,301.675461,0.7753942743899376
2.209105,204.585803,0.02827698927823019
-2.123554,356.678631,0.03439536815747088
0.356153,349.169044,0.7219410817956669
-0.031571,395.074043,0.9748301134355433
-3.50826,324.63825,5.146622329202296E-4
2.277381,368.287493,0.023336186726603758
-1.474212,339.505527,0.14135115013465693
-1.390519,335.853912,0.16529203787211233
4.781587,386.451311,2.4770397339946015E-6
-1.105282,375.729669,0.2697446599893981
0.730075,386.90458,0.46578614306657506
-0.327087,389.00826,0.7437780151629043
-3.057215,332.112341,0.002415361432366823
-1.220615,377.173532,0.2229943631294392
-0.025439,395.413935,0.9797176367389853
-2.93075,310.526917,0.003632315932731648
-0.679971,388.628453,0.49692766246843256
-2.573678,323.61018,0.010507097982082264
-8192.0,NA,NA
-1.672117,242.220078,0.09579246493377369
-1.19485,252.727694,0.23326573132531037
-8192.0,NA,NA
-8192.0,NA,NA
-4.567932,380.738596,6.662549500550325E-6
-2.546686,257.151951,0.011458694609743433
-1.699745,282.675378,0.09027892050867947
-1.745599,265.183791,0.08203883093252558
0.502481,394.632645,0.6156094877236025
4.018833,360.680001,7.122441560469817E-5
0.15657,393.47377,0.8756640495075876
1.591843,310.941607,0.11243605756607655
-0.19565,395.531491,0.8449845928052113
3.423171,244.564254,7.255064533164823E-4
-2048.0,NA,NA
-4096.0,NA,NA
-1.202091,369.73932,0.2300975906334528
2.986841,251.385386,0.0030973792935342637
2.97127,225.285462,0.0032873233453758477
-0.724534,342.550953,0.46923253484623695
0.992123,365.301588,0.32179422877136776
-1.680995,255.962186,0.09398366782936962
-8192.0,NA,NA
-8192.0,NA,NA
-1.066306,287.202456,0.2871808854733734
-3.747693,300.294707,2.1401051226067636E-4
-2.724143,227.078084,0.006948410395158417
-8192.0,NA,NA
-4.0524,215.521657,7.077857512950029E-5
-8192.0,NA,NA
6.155771,383.019089,1.886624190206021E-9
0.999233,388.605615,0.31830361929567275
1.850237,315.998964,0.06521271730532696
-2.206387,225.387469,0.028366375728290222
2.040454,303.632224,0.04216995801544665
1.635008,245.053058,0.10333122557681573
-1.969395,354.306858,0.049686506349788016
-0.217405,387.40732,0.8280071885334742
-0.541046,388.072467,0.5887863068744786
-2.58149,241.166074,0.010429080619220939
3.573877,384.097656,3.965196978579222E-4
2.910204,355.304201,0.0038395576012877353
-0.330705,366.726043,0.7410561867284664
-3.122908,228.41784,0.0020221835598354864
4096.0,NA,NA
1.869227,242.179547,0.06279817003424815
0.567962,384.844983,0.5703919795359891
0.04045,396.165919,0.9677547455277575
0.019769,395.602423,0.9842376142011056
-1.851172,329.179449,0.0650403496597871
0.893564,379.073613,0.3721221532805936
0.33458,374.915416,0.7381290291226124
0.556657,376.094204,0.5780928734342718
-1.570039,222.237258,0.11782869684898056
-4096.0,NA,NA
1.455766,255.423207,0.14668531231274828
-1.076553,325.555584,0.28247712671933767
0.542636,388.604437,0.5876915094826394
1.247525,224.9835,0.2135020173257205
-0.363062,391.584415,0.7167544695322619
5.025674,388.062627,7.673533599650284E-7
1.509194,239.495054,0.13256732145857608
2048.0,NA,NA
2.210786,331.293404,0.027733401194246277
2.057874,383.40937,0.04027777286566381
2.936214,346.625678,0.0035443830978860724
-1.720498,387.840723,0.08613956710147153
1.512494,319.631504,0.13139631754979142
-4096.0,NA,NA
3.094772,274.963996,0.002172781273304114
4.549044,392.177681,7.194828101964035E-6
4.321187,387.076422,1.9754655756543116E-5
2.315197,385.230863,0.02112692048611664
1.525752,377.182269,0.12790969148041453
5.709808,380.558529,2.2806623256599323E-8
-0.369888,373.230972,0.7116757359234516
1.58201,354.947773,0.11453789789697622
1.406053,376.750537,0.1605325861519109
4.111197,368.150207,4.857087910825619E-5
-0.842202,376.703658,0.4002092610481284
1.107308,321.987952,0.268987303721683
-2.223037,209.380726,0.027282448082306218
1.152324,353.934712,0.2499656703059494
-1.299364,320.103939,0.1947540763234228
0.110196,394.125342,0.9123100234404427
0.707255,396.462811,0.47982353048373816
-1.611431,291.980046,0.10816622913506801
0.246508,373.79412,0.8054243288488983
-0.210514,380.153465,0.8333793140874969
-0.427501,388.721805,0.6692511718926621
-1.054245,358.560528,0.2924806324169671
1.945982,356.27407,0.05244287299996753
-1.432967,257.289621,0.15308121571316124
0.475357,380.433717,0.6348053464598573
-2.336358,303.134984,0.02012404490312847
-0.579486,349.900512,0.56263419224965
-2048.0,NA,NA
-1.948995,339.672849,0.05211891915342351
-2.56089,298.600436,0.01093196909635373
-0.538334,368.484271,0.5906715076366209
-0.735194,371.564615,0.4626851322407186
-1.170465,385.486684,0.24253696628655497
-1.223792,313.115891,0.22195079185943134
0.90682,363.272333,0.3651030970586895
2.500575,231.329111,0.013092499079052855
3.544063,361.323085,4.4574237025507557E-4
3.780695,314.583313,1.8710743451211265E-4
3.119272,291.918034,0.001994178490624998
1.515545,232.868708,0.1309906420806688
1.940261,211.654625,0.05367644623936285
-5.564005,377.120236,5.007652064280892E-8
-2.243909,261.746504,0.025674499903289214
1.779544,378.684204,0.07595252536367147
2.979537,293.740676,0.0031279463224369586
2.4842,323.84068,0.013489390110055455
2.329825,326.70364,0.0204242570618709
5.37214,396.443156,1.32945001229956E-7
2.039057,396.44089,0.0421071168005287
2.219995,328.443579,0.027101459568120267
2.140057,307.501705,0.033136814486175226
2.28256,329.681327,0.02309272310662447
1.542811,387.650222,0.12369254547652009
1.965026,254.993357,0.0504968017617029
3.490398,346.712725,5.445660479317382E-4
2.036602,384.235251,0.04237506395662072
4.308927,320.456889,2.1849433633036597E-5
4.024842,324.028942,7.103204381397887E-5
-0.462221,387.301132,0.6441823901094552
3.586762,248.673932,4.03039736089017E-4
-0.694891,364.888551,0.48756585658867635
3.128328,373.296037,0.001896145977795527
-0.557778,391.457713,0.5773148164618741
2.095364,396.236035,0.036772826831236616
0.814575,381.019564,0.4158244491047969
2.23421,227.726846,0.02644074949195452
-1.958746,364.245924,0.05090520667497567
-1.040597,257.90488,0.299037145093898
3.063375,272.812389,0.002407457580319683
-0.731806,302.701427,0.464853160321996
0.420882,392.16719,0.674071803077612
-4096.0,NA,NA
2.526505,285.103918,0.012061692626451181
-5.032504,327.589865,8.00005451115371E-7
-4096.0,NA,NA
-6.045369,288.621084,4.5989108046066284E-9
-5.136073,333.383738,4.782067205159225E-7
-2.750438,265.831926,0.006360282967444962
-4.702164,305.737866,3.901286384749998E-6
-0.529177,384.291892,0.5969881989322815
2048.0,NA,NA
-1.648108,333.380472,0.10027258118674776
-1.775402,322.996935,0.07677310863020309
-1.841146,242.193938,0.06682318983559697
-2.121219,251.249609,0.034882844375513915
0.856527,292.196262,0.3924082307071901
-0.651287,351.644828,0.51528662193277
-4096.0,NA,NA
-1.719506,321.648441,0.08648427198916253
-2.874287,247.635975,0.004401297980350776
-8192.0,NA,NA
-1.756995,340.776393,0.07981668258259927
-1.193303,365.665906,0.2335243745707576
-2.021983,392.50282,0.04385604412144243
-3.735815,316.013465,2.2196023685644897E-4
-1.69034,302.202131,0.09199406977533175
-2.782185,293.200216,0.005749604955956099
-0.393787,395.490953,0.6939505217794376
-6.569508,327.738185,1.98358136755337E-10
-0.439267,396.20159,0.6607075550934813
-4.808801,353.627726,2.250436394200891E-6
-4.644377,392.091892,4.662460559505461E-6
-4096.0,NA,NA
-4.454549,320.81078,1.1626179793358417E-5
-5.042969,353.050004,7.343728602633326E-7
-3.180226,335.832838,0.0016087149064734584
-1.224159,357.604127,0.22169813210447975
-2.486582,392.083945,0.013312992856018573
-4.213401,311.009946,3.29953959685629E-5
4096.0,NA,NA
-0.335978,369.509862,0.7370781522289349
-16384.0,NA,NA
-2.632231,217.5736,0.009090341447608796
-2.996299,341.143068,0.0029328874141865734
-3.063661,236.923849,0.0024393640825812754
0.555406,355.516331,0.5789663007076062
-5.484684,341.435084,8.076083469969544E-8
-2.747985,394.296158,0.006271616594480128
-4.685952,236.606961,4.703963308676015E-6
-1.487881,242.847619,0.13807959352349164
-1.485904,354.847005,0.1381924015227609
-0.132017,363.762193,0.8950438348411374
-2048.0,NA,NA
-4.670034,320.731245,4.43495449600191E-6
-5.006415,360.254637,8.695353699625446E-7
-1.171626,258.471755,0.24242611409800807
-5.755276,288.198655,2.210547267563672E-8
-2.466658,358.713544,0.014104753294802685
-1.023582,358.637467,0.3067226736085672
-3.140269,290.212351,0.001862032517758746
-1.371128,233.356768,0.17165219120268782
-8192.0,NA,NA
-3.243923,278.076271,0.0013228865026054392
-2.248723,262.922774,0.025358437685253834
-2.705623,286.742392,0.007225871323991351
-3.920509,263.254882,1.1275130718939636E-4
-1.143089,376.68828,0.25372760635470404
-3.911889,319.357128,1.1191512619535212E-4
-3.540064,249.206257,4.7719844210651814E-4
-1.070724,379.223975,0.2849745303865311
-0.460344,362.838052,0.645545080218398
-1.687232,268.52338,0.09271997545398125
-0.518634,324.339433,0.6043696470162476
-1.470153,331.674515,0.14246828365993258
0.664519,395.482349,0.5067454598719565
-2048.0,NA,NA
-0.581504,396.395201,0.5612313424186233
-1.147015,279.48208,0.2523564071601949
0.302849,334.592616,0.7621931347025941
0.088746,383.668823,0.9293300788659637
0.311912,391.038774,0.7552736431138602
-1.853982,393.767295,0.06448932578120323
2.298011,348.454501,0.02215294361299458
-1.437417,252.14621,0.15183933827332974
-0.703091,348.572123,0.4824683575110029
-3.085493,391.013277,0.002176705690139501
2.987027,373.463782,0.0030030019115756534
-2.317161,386.645574,0.0210166277865222
0.092741,392.206529,0.9261566772300274
-0.733093,396.337582,0.4639350724957715
1.438309,300.576887,0.15138676748650925
-1.055931,396.211932,0.29164316193280526
-2.135886,238.99452,0.033705412500603056
1.532675,361.862622,0.12622972272616728
-0.354575,396.355751,0.7230965821318649
-2.126633,378.81654,0.034096470853376776
-2.068254,369.556826,0.03931135600108259
0.550873,393.161778,0.5820336210913699
-0.649444,394.823549,0.5164290601489316
-2.921066,387.713189,0.0036923608217259533
-0.685074,394.788551,0.49369925079777954
0.652799,384.011368,0.5142764743465351
-0.770536,382.676366,0.44145745018575333
-2.188451,382.614778,0.029240779081427155
-1.256857,393.149831,0.20955162067631405
-0.21706,396.460725,0.8282732418928553
-0.949364,372.495728,0.3430510388906248
-2.207594,264.477359,0.02813122933713441
-0.489966,379.085587,0.6244413896509919
-2.830597,377.220112,0.004894832245037092
-2.089548,378.01822,0.03732643474524454
-1.017931,383.42823,0.30935260801261655
0.734849,306.659888,0.4629930308599972
