connecting
connected
-1.0,584.192141,0.3177245277182439
-1.0,1003.517677,0.31755157031692804
-1.0,866.564573,0.3175896571740614
-1.0,615.983739,0.3177031683791738
1.0,1032.684339,0.3175447635089408
1.0,674.78491,0.317668964389505
-1.0,938.099697,0.3175683762212137
-1.0,780.535739,0.3176204145006186
-1.0,969.151633,0.3175601161671051
1.0,1018.741545,0.3175479688128431
-1.0,828.242756,0.31760256918273666
-1.0,873.478203,0.31758744832408914
1.0,747.97419,0.3176339011489022
-1.0,947.209308,0.3175658968747591
-1.0,753.534116,0.31763151579476034
-1.0,1026.189718,0.3175462457209943
-1.0,1029.838108,0.3175454107793412
-1.0,983.551159,0.31755646274541516
-1.0,1034.829059,0.31754427812314745
-1.0,1034.74578,0.31754429693302155
-1.0,1028.6883,0.31754567327634076
-1.0,647.804171,0.3176838881685722
-1.0,928.163471,0.31757113602355513
-1.0,1025.702981,0.3175463575607572
-1.0,968.928956,0.3175601735166935
-1.0,1018.263444,0.31754808027949444
-1.0,617.023169,0.31770250717612314
-1.0,834.867264,0.31760025242788703
-1.0,967.895006,0.31756044015209406
-1.0,651.614214,0.3176817058209572
-1.0,887.186909,0.31758317027986116
-1.0,612.765927,0.3177052295116275
-1.0,709.105898,0.317651621082779
-1.0,700.754666,0.3176556848423613
-1.0,880.114704,0.3175853606493646
-1.0,971.917007,0.31755940614490075
1.0,852.536178,0.31759424919935797
1.0,577.350556,0.31772943171329615
-1.0,597.379925,0.3177153916275488
-1.0,784.967031,0.31761866557480867
-8.796093022208E12,1.6615349947311448E35,0.0
-1.0,592.280928,0.31771887583365865
1.0,966.922812,0.31756069138189424
-1.0,894.08597,0.3175810669157787
1.0,1034.191909,0.3175444221106378
-1.0,942.314838,0.317567223036643
1.0,929.24342,0.31757083320802426
1.0,594.983061,0.31771702199859764
1.0,1011.674828,0.3175496271069571
1.0,1012.349843,0.31754946770632975
1.0,1012.138915,0.3175495174928509
1.0,823.820708,0.317604136413266
1.0,977.306485,0.31755803391572535
-1.0,772.753594,0.31762353445707514
-1.0,1034.427363,0.31754436888048565
1.0,836.093039,0.3175998277677552
1.0,961.580461,0.3175620809904758
-1.0,886.521653,0.31758337483111865
1.0,1021.375032,0.3175473566996123
-1.0,1014.693867,0.3175489158260708
-1.0,984.894749,0.3175561272998354
-1.0,934.337162,0.3175694143678226
-1.0,1024.859699,0.31754655157682987
-1.0,1031.927449,0.31754493528726424
4.88E-4,1.6615349947311448E35,0.0
1.0,874.505985,0.31758712293695845
1.0,1034.993415,0.3175442410096019
-1.0,881.78894,0.3175848389396194
-1.0,597.946552,0.3177150081115606
-1.0,1034.401695,0.3175443746821708
1.0,953.176043,0.3175642985984879
1.0,1027.253267,0.31754600171329095
1.0,1034.513973,0.3175443493062504
1.0,881.206265,0.3175850202824977
1.0,952.85634,0.31756438372817275
1.0,1000.270075,0.3175523527847459
1.0,709.098574,0.3176516246047516
1.0,1015.421882,0.31754874493963015
1.0,989.526499,0.31755497790138065
1.0,812.180063,0.3176083435749719
1.0,909.040032,0.3175766173389829
1.0,1008.355588,0.3175504140290324
1.0,586.297624,0.3177230415452401
1.0,979.265965,0.3175575387504992
1.0,856.333761,0.3175929912593616
1.0,864.358929,0.31759036929236784
1.0,815.378593,0.3176071755970742
1.0,1034.584851,0.3175443332899648
1.0,614.461985,0.31770414043176975
1.0,1031.635687,0.3175450015707857
1.0,737.484973,0.3176384991972476
-1.0,1005.5712,0.31755107815471406
1.0,977.144762,0.317558074872202
1.0,817.217671,0.3176065081762689
-1.0,1024.859699,0.31754655157682987
1.0,862.000802,0.31759113467130784
1.0,934.73438,0.3175693043742194
1.0,897.744953,0.3175799644923003
1.0,961.823447,0.31756201745193646
1.0,993.13104,0.31755409082778163
1.0,1014.976479,0.317548849459641
1.0,906.161159,0.31757746253509667
1.0,894.562932,0.3175809226997619
-1.0,1028.66292,0.3175456790771042
-1.0,949.044005,0.31756540328545924
1.0,1021.050719,0.31754743191070145
1.0,919.029531,0.3175737256182496
-1.0,995.90479,0.3175534125816676
-1.0,994.60341,0.31755373032825573
-8.796093022208E12,1.6615349947311448E35,0.0
-8.796093022208E12,1.6615349947311448E35,0.0
1.0,1032.646754,0.3175447720330291
-1.0,696.672415,0.31765770672950344
-1.0,719.207897,0.3176468314710157
1.0,995.554279,0.3175534980811552
1.0,841.589408,0.31759793879883036
1.0,783.859345,0.31761910089912804
1.0,988.762311,0.3175551667979344
-1.0,682.681502,0.3176648196346322
1.0,1026.093281,0.31754626787133544
-1.0,710.050874,0.31765116726991494
-1.0,784.683312,0.31761877696028085
-1.0,1035.001465,0.31754423919214536
-1.0,1035.001015,0.31754423929373066
-1.0,989.12247,0.3175550777353213
-1.0,988.100305,0.3175553306726826
1.0,1031.477391,0.31754503754871277
1.0,961.489836,0.31756210469626467
1.0,926.857911,0.31757150304189796
1.0,1034.419222,0.3175443707205614
-1.0,1034.548723,0.31754434145353105
-1.0,654.652714,0.3176799836041737
-1.0,841.990747,0.3175978018341774
-1.0,523.517488,0.3177724888718487
-1.0,582.214114,0.3177259337137881
-1.0,890.353781,0.3175822007277729
-1.0,877.214104,0.31758626921959365
-1.0,827.809151,0.31760272211770346
-1.0,700.754666,0.3176556848423613
-1.0,909.881008,0.3175763714495202
-1.0,932.927598,0.3175698054457824
-1.0,1020.405514,0.31754758168164343
-1.0,655.732527,0.3176793754103584
1.0,908.147896,0.3175768786845823
1.0,825.34964,0.3176035926412859
-1.0,1026.164662,0.3175462514756453
-1.0,633.837689,0.3176921122781704
-1.0,1032.581368,0.31754478686369025
1.0,1016.930977,0.3175483914899424
1.0,575.8326,0.31773053556120257
1.0,874.505985,0.31758712293695845
1.0,852.064597,0.31759440619183943
-1.0,944.769702,0.31756655617151053
-1.0,909.331225,0.31757653214681303
-1.0,992.578489,0.3175542263919573
-1.0,981.376462,0.3175570076341713
-1.0,838.516202,0.3175989919340343
-1.0,996.497435,0.3175532681556862
1.0,1035.001243,0.31754423924225716
-1.0,843.455066,0.3175973032121997
1.0,971.035388,0.31755963206552096
-1.0,947.102136,0.3175659257663854
1.0,880.797148,0.3175851477531575
4.88E-4,1.6615349947311448E35,0.0
1.0,865.410368,0.31759002937021474
1.0,740.224927,0.3176372855426062
1.0,895.440564,0.31758065773700306
-1.0,994.939739,0.31755364813012554
1.0,1013.333601,0.317549235778146
1.0,650.03336,0.31768260821138683
1.0,948.066295,0.3175656660814834
1.0,756.567516,0.3176302291634463
1.0,665.969736,0.31767370735193423
1.0,944.322958,0.3175666772717589
1.0,949.966867,0.3175651557280519
1.0,572.423351,0.3177330360758588
1.0,1028.477937,0.3175457213649284
-1.0,916.295373,0.3175745108262379
-1.0,1002.501445,0.3175518146200812
1.0,990.923554,0.3175546333219419
1.0,862.895517,0.3175908437806696
1.0,832.770742,0.3176009816482217
1.0,986.392529,0.31755575443551054
1.0,1012.801016,0.31754936128306577
1.0,784.693438,0.3176187729835305
1.0,1015.857521,0.31754864279950334
1.0,718.362196,0.3176472272743305
1.0,584.342335,0.3177244213479491
1.0,774.553391,0.3176228073253555
1.0,881.036251,0.3175850732402412
1.0,1010.667259,0.3175498654341462
1.0,785.802873,0.317618337898288
1.0,1001.176143,0.31755213396891935
1.0,1023.538658,0.31754685615471745
1.0,708.91475,0.3176517130262586
1.0,1034.890214,0.31754426431224436
-1.0,963.411343,0.3175616030211046
1.0,993.712146,0.31755394842044726
1.0,567.174066,0.31773694491530646
1.0,1033.752125,0.31754452159952473
1.0,662.288833,0.3176757251981175
1.0,656.767826,0.3176787941658312
1.0,592.901305,0.3177184487218172
1.0,600.890683,0.3177130270427866
-1.0,960.854183,0.3175622710968009
-1.0,562.495359,0.3177404903425253
-1.0,553.062318,0.3177478208130189
1.0,653.776357,0.317680478679784
1.0,1030.237244,0.31754531979502243
1.0,802.048581,0.31761210466374856
1.0,661.06332,0.31767640200041947
1.0,1034.473338,0.3175443584895177
1.0,699.43806,0.3176563343630794
1.0,1017.14803,0.3175483407395572
1.0,656.690015,0.3176788377873274
1.0,739.543935,0.31763758634650774
-1.0,782.476257,0.31761964618706295
1.0,686.071913,0.31766306934519495
-1.0,979.369388,0.31755751267028676
1.0,805.923576,0.31761065499365504
-1.0,1030.391348,0.3175452846853636
1.0,568.511404,0.31773594222753543
1.0,574.398777,0.3177315835839636
-4.398046511104E12,1.6615349947311448E35,0.0
2.44E-4,1.6615349947311448E35,0.0
1.0,706.840401,0.3176527139991183
1.0,679.702157,0.3176663721211086
1.0,1029.11189,0.3175455765040558
1.0,997.451702,0.3175530359639587
4.88E-4,1.6615349947311448E35,0.0
1.0,949.001637,0.3175654146622189
1.0,1026.947528,0.3175460718065679
1.0,985.165345,0.3175560598525169
1.0,981.79062,0.3175569036773449
1.0,1034.740329,0.31754429816433904
-1.0,985.078068,0.31755608160267446
-1.0,1003.75092,0.3175515143148835
1.0,967.553009,0.3175605284718006
-1.0,971.629274,0.3175594798332947
1.0,986.875094,0.3175556345445407
-1.0,936.84071,0.31756872266882474
1.0,1016.981686,0.3175483796314409
1.0,1033.822509,0.3175445056714228
1.0,1000.803429,0.3175522239315387
1.0,910.950969,0.3175760592641794
1.0,936.090147,0.3175689296517581
-4.398046511104E12,1.6615349947311448E35,0.0
-1.0,910.818982,0.31757609773471307
1.0,950.375357,0.3175650463042057
-1.0,538.73738,0.31775944349045393
-1.0,810.320767,0.3176090267535322
-1.0,982.681133,0.3175566804484423
-1.0,1009.169356,0.3175502206228573
1.0,943.635953,0.3175668637239575
-1.0,878.047971,0.3175860074084095
-1.0,886.573579,0.3175833588539969
-1.0,1028.414307,0.3175457359145045
-1.0,998.775369,0.3175527146243824
1.0,1030.537539,0.3175452513882586
1.0,1005.008348,0.31755121285189314
1.0,969.77324,0.31755995621399435
1.0,856.366741,0.31759298038365547
-1.0,786.50655,0.31761806257443637
1.0,813.387713,0.3176079015094311
1.0,763.100085,0.31762749306537397
1.0,875.537905,0.31758679700810477
-1.0,788.950218,0.3176171102668409
1.0,891.426066,0.31758187400363624
1.0,900.937258,0.31757900998754973
-1.0,810.5725,0.31760893407353386
1.0,1032.490091,0.3175448075700622
-1.0,542.140656,0.31775662660792137
1.0,788.446431,0.317617306111855
1.0,608.560648,0.31770795599765433
-1.0,748.712971,0.3176335821521977
-1.0,867.845737,0.3175892451965304
-1.0,1030.916619,0.3175451650912726
-1.0,918.259383,0.3175739463199363
-1.0,904.710723,0.31757789039961903
-1.0,982.401007,0.31755675062529043
1.0,991.719762,0.3175544373738368
-1.0,767.437516,0.3176257021010438
-1.0,660.371699,0.3176767850637512
-1.0,947.724159,0.31756575817132016
-1.0,835.600409,0.3175999982858644
1.0,1030.2032,0.3175453275527116
-1.0,883.745869,0.3175842316445917
-1.0,914.021267,0.31757516749194126
-1.0,1032.802516,0.31754473671104944
2.44E-4,1.6615349947311448E35,0.0
1.0,699.781833,0.31765616453398904
-1.0,1021.421079,0.31754734602475887
-1.0,970.716617,0.31755971385365167
1.0,1034.648506,0.3175443189077498
1.0,711.204414,0.3176506149308107
1.0,1034.995034,0.31754424064409514
-1.0,835.426066,0.31760005868080443
1.0,1023.733924,0.31754681108484917
1.0,1032.247389,0.3175448626452513
2.44E-4,1.6615349947311448E35,0.0
1.0,796.567097,0.3176141794152729
1.0,1034.676858,0.31754431250243353
1.0,769.342645,0.3176249218369951
-1.0,1032.782144,0.3175447413301826
-1.0,837.470336,0.31759935209670076
-1.0,723.608291,0.31764478693298037
-1.0,862.666347,0.31759091823119645
-1.0,1019.237045,0.3175478534000161
-1.0,833.285523,0.31760080225535225
-1.0,991.195961,0.31755456624670075
1.0,977.131865,0.3175580781389713
-1.0,724.838515,0.3176442197774385
-1.0,788.338375,0.3176173481507397
1.0,991.22558,0.31755455895580287
1.0,1032.478955,0.317544810096519
1.0,925.147934,0.31757198531620445
1.0,858.344976,0.31759232955658145
-1.0,1034.401695,0.3175443746821708
1.0,544.814373,0.3177544382527726
1.0,1002.082291,0.31755191552941153
2.44E-4,1.6615349947311448E35,0.0
1.0,967.038797,0.3175606613830708
1.0,825.422767,0.3176035666837813
-1.0,650.659983,0.31768224999515593
1.0,987.86051,0.3175553900863486
1.0,542.957874,0.3177559554541649
-4.398046511104E12,1.6615349947311448E35,0.0
1.0,586.74791,0.31772272509091204
1.0,1019.978203,0.3175476809773019
1.0,1032.465319,0.31754481319025163
1.0,1034.582311,0.3175443338638888
-1.0,956.724799,0.31756335746483
1.0,920.374041,0.3175733412063608
-1.0,721.797122,0.317645625431791
-1.0,849.460567,0.31759527622873396
-1.0,836.907214,0.3175995463905562
1.0,1034.921187,0.3175442573181111
1.0,1031.893864,0.31754494291531654
-1.0,927.8483,0.317571224529708
1.0,727.446984,0.3176430235696053
-1.0,872.507495,0.3175877563457967
-1.0,649.417391,0.31768296101064486
-1.0,883.105975,0.3175844299272268
-1.0,694.979274,0.31765855228708284
1.0,1030.334265,0.3175452976894282
-1.0,754.022286,0.31763130803638373
-1.0,701.911602,0.3176551161021971
-1.0,692.379776,0.3176598585266065
-1.0,639.235041,0.3176888914799124
-1.0,962.461647,0.31756185072146925
-1.0,653.895138,0.31768041149976645
-1.0,622.444979,0.31769909403691377
-1.0,931.525303,0.317570195681098
-1.0,602.248056,0.3177121202044175
-1.0,866.110521,0.31758980347374666
-1.0,708.079239,0.31765211549523953
-1.0,927.158815,0.3175714183603039
-1.0,859.856087,0.31759183442726124
-1.0,858.778797,0.3175921872329053
-8.796093022208E12,1.6615349947311448E35,0.0
-8.796093022208E12,1.6615349947311448E35,0.0
-1.0,533.28958,0.3177640274235196
1.0,545.781299,0.31775365213018203
-1.0,1017.891887,0.3175481669782938
1.0,928.63418,0.3175710039511326
-8.796093022208E12,1.6615349947311448E35,0.0
-1.0,1012.151717,0.31754951447051705
1.0,941.454241,0.31756745764134475
1.0,1033.441495,0.31754459192192197
-1.0,1017.598674,0.31754823544106225
-1.0,987.317518,0.31755552472935855
-1.0,591.138671,0.317719664588862
-1.0,1025.852161,0.31754632327170906
-1.0,1028.913755,0.31754562175954604
-1.0,1034.987417,0.3175442423638377
-1.0,997.770112,0.31755295858740706
-1.0,1030.376243,0.3175452881262827
-1.0,1031.934815,0.3175449336143228
-1.0,897.904864,0.31757991651720463
-1.0,705.755238,0.3176532399856866
1.0,1030.680312,0.317545218878748
1.0,1009.146667,0.3175502260110754
-1.0,1004.563557,0.31755131940238324
1.0,839.227411,0.31759874752910733
1.0,1015.821676,0.3175486512004575
1.0,1033.945422,0.3175444778610268
1.0,997.765698,0.3175529596597011
-1.0,996.947085,0.3175531586917191
-1.0,927.209607,0.317571404071615
-1.0,941.350584,0.31756748592792094
-1.0,577.261885,0.31772949603470013
-1.0,1014.039176,0.3175490697107024
-1.0,547.2725,0.317752445208609
-1.0,701.679324,0.3176552301377279
-1.0,839.418397,0.31759868196785257
-1.0,994.233832,0.3175538207164995
-1.0,1020.667346,0.3175475208799643
1.0,905.377095,0.3175776936561623
-8.796093022208E12,1.6615349947311448E35,0.0
-1.0,914.307924,0.3175750845376424
1.0,558.983827,0.31774319027977027
1.0,893.846501,0.31758113938054233
-1.0,971.703172,0.31755946090385234
-1.0,714.096818,0.3176492378313225
-1.0,798.823474,0.3176133219255618
-1.0,818.258746,0.31760613168862306
-1.0,961.629753,0.3175620680984871
-1.0,528.045651,0.31776852911230735
1.0,570.799325,0.31773423771700116
-1.0,788.816715,0.3176171621412005
1.0,1006.295445,0.31755090505593886
-1.0,933.152508,0.31756974296620133
-1.0,943.735654,0.3175668366484169
1.0,1034.902932,0.31754426144027637
-1.0,960.338734,0.31756240619215426
1.0,975.849394,0.3175584034148877
1.0,1000.256014,0.31755235618360844
-1.0,1007.630513,0.31755058661885227
-1.0,1034.771058,0.31754429122327577
-1.0,866.758018,0.31758959489088556
-1.0,1029.529342,0.31754548121192494
1.0,980.108996,0.31755732632355427
-1.0,1021.010096,0.31754744133489554
-1.0,535.154772,0.3177624474965506
-1.0,828.349944,0.31760253140157324
-1.0,988.847489,0.3175551457286865
-8.796093022208E12,1.6615349947311448E35,0.0
-1.0,646.757259,0.3176844923289225
-1.0,541.81485,0.3177568947456977
-1.0,622.51688,0.31769904917306346
-1.0,1030.304732,0.31754530441788154
-1.0,680.37078,0.31766602253007525
-1.0,1018.596769,0.31754800255551696
-1.0,782.588249,0.3176196019620817
-1.0,698.843452,0.3176566285027441
-1.0,615.983739,0.3177031683791738
-1.0,966.988503,0.3175606743904218
-1.0,664.668484,0.3176744181365654
-1.0,796.32393,0.31761427211586446
-1.0,1029.027245,0.3175455958354575
1.0,1034.894791,0.31754426327868046
1.0,948.651714,0.3175655086632536
-1.0,1022.505512,0.3175470949040813
1.0,1018.16185,0.31754810397906885
1.0,1026.750596,0.3175461169770277
1.0,586.311391,0.3177230318628006
1.0,841.65326,0.3175979169993741
-1.0,962.029732,0.317561963535564
1.0,807.04604,0.317610237669363
-1.0,1003.75092,0.3175515143148835
-1.0,1003.75092,0.3175515143148835
-1.0,800.2038,0.31761279974429035
-1.0,783.761818,0.3176191392864759
-1.0,1033.983756,0.31754446918891854
1.0,860.438823,0.3175916439529969
1.0,783.36468,0.3176192957016508
-1.0,822.281148,0.31760468600781744
-1.0,926.667524,0.317571556649776
1.0,949.970121,0.31756515485599923
-1.0,642.297886,0.3176870878325869
-1.0,546.444585,0.3177531144786465
-1.7592186044416E13,1.6615349947311448E35,0.0
-1.0,519.783487,0.31777580603557576
-1.0,555.136875,0.31774618730299586
-1.0,842.533153,0.31759761693498045
-1.0,696.006842,0.3176580386272747
-8.796093022208E12,1.6615349947311448E35,0.0
-1.0,528.828495,0.3177678514077349
-1.0,533.824648,0.3177635730607783
-1.0,996.154724,0.31755335165248855
1.0,982.485794,0.317556729380323
1.0,902.350506,0.31757858958008
2.44E-4,1.6615349947311448E35,0.0
-1.0,645.756359,0.31768507176728733
1.0,900.03441,0.3175792792541743
1.0,808.214065,0.3176098046361502
-1.0,864.01799,0.3175904796928881
1.0,995.592662,0.31755348871553
-1.0,1028.870117,0.317545631729117
-1.0,684.285885,0.3176639892157461
1.0,992.304838,0.31755429358603093
1.0,838.432436,0.31759902074726876
1.0,962.984595,0.3175617142653715
1.0,700.395231,0.31765586192004425
1.0,980.576231,0.3175572087469929
-1.0,1034.391471,0.3175443769931866
1.0,571.926584,0.31773340291703867
-1.0,706.717323,0.31765277357474775
-1.0,767.437516,0.3176257021010438
-1.0,1003.75092,0.3175515143148835
1.0,995.767904,0.317553445964869
1.0,1000.172143,0.31755237645908974
1.0,768.665476,0.3176251987352028
-1.0,635.508183,0.3176911095894446
-1.0,858.706866,0.31759221082136024
-1.0,1031.818178,0.31754496010745004
-1.0,995.172064,0.3175535913827813
-1.0,603.734172,0.3177111320292111
-1.0,688.820639,0.3176616629661724
1.0,973.534857,0.31755899262438314
-1.0,931.941922,0.3175700796203943
-1.0,1034.938746,0.3175442533532272
-1.0,560.188538,0.3177422601921841
-1.7592186044416E13,1.6615349947311448E35,0.0
-1.0,942.1676,0.3175672631443457
1.0,905.239131,0.3175777343656616
-1.0,571.695592,0.3177335737118072
-1.0,857.278242,0.31759268013244113
-1.0,997.228966,0.3175530901202065
-1.0,1026.424817,0.31754619173924925
1.0,1029.550583,0.31754547636529873
1.0,1022.546693,0.3175470853783473
-1.0,1030.862059,0.31754517750786926
-1.0,863.085895,0.31759078196258383
1.0,845.002906,0.317596778028324
1.0,1006.839576,0.3175507751692468
1.0,936.325379,0.31756886474608326
-4.398046511104E12,1.6615349947311448E35,0.0
1.0,1014.93396,0.31754885944212985
-1.0,1020.315594,0.31754760256974046
1.0,997.649563,0.31755298787608743
1.0,746.17156,0.31763468215291146
-1.0,522.867615,0.317773062793938
1.0,755.774026,0.3176305647289319
-8.796093022208E12,1.6615349947311448E35,0.0
1.0,860.000091,0.31759178733381277
1.0,1023.51713,0.31754686112468833
1.0,1023.378186,0.3175468932065326
1.0,1006.329117,0.31755089701418737
1.0,1001.047008,0.3175521651308777
-1.0,964.721552,0.31756126209181545
1.0,1016.778718,0.3175484271033935
1.0,1034.084834,0.31754444632559364
1.0,830.919177,0.317601628725789
1.0,954.530581,0.3175639385481017
1.0,993.546324,0.317553989040249
1.0,1033.720789,0.3175445286916547
1.0,908.88771,0.31757666192444045
-1.0,633.837689,0.3176921122781704
-1.0,585.508861,0.3177235970487582
1.0,1032.369132,0.3175448350154628
1.0,612.735921,0.3177052488334511
-1.7592186044416E13,1.6615349947311448E35,0.0
-1.0,962.473667,0.3175618475833486
-1.0,525.721988,0.317770552577918
-1.0,720.342637,0.31764630185180076
1.0,1034.419142,0.31754437073863806
1.0,1029.48324,0.3175454917318714
-1.0,646.738876,0.31768450295500295
-1.0,1025.228209,0.3175464667535238
1.0,554.617457,0.3177465951474021
-1.0,845.860705,0.31759648780368155
1.0,718.914532,0.3176469686656618
1.0,935.537222,0.3175690823444215
-1.0,789.773587,0.3176167907234425
-1.0,782.782118,0.31761952543424377
1.0,1017.547772,0.3175482473302669
-1.0,799.478642,0.31761307384888926
-1.0,796.943723,0.31761403594880455
-1.0,816.3884,0.317606808755332
-1.0,660.866736,0.31767651079950854
-1.0,723.945387,0.3176446313339699
1.0,730.77381,0.31764151032002497
-1.0,576.559066,0.31773000655486816
-1.0,885.056614,0.31758382638163285
-1.0,1007.007132,0.31755073520107646
-1.0,846.704663,0.3175962028356685
1.0,627.869161,0.31769573836629705
-1.0,1008.642966,0.31755034569298957
-1.0,1009.34122,0.3175501798162714
-1.0,1007.564945,0.31755060223825315
1.0,1003.385292,0.3175516021144025
-1.0,1028.117001,0.3175458039201099
-1.0,1029.339059,0.3175455246384108
1.0,842.436124,0.31759764999342077
1.0,1010.057475,0.31755000990144033
1.0,914.063467,0.3175751552766011
1.0,952.697444,0.3175644260598487
-1.0,1004.661258,0.31755129598983867
-1.0,982.318331,0.3175567713448194
-1.0,929.159806,0.31757085662808293
-1.0,581.920244,0.31772614341381256
1.0,1019.126909,0.31754787904340076
1.0,789.331225,0.31761696231800784
1.0,903.324788,0.31757830052030833
1.0,982.508871,0.3175567235985888
1.0,1031.525426,0.31754502663002304
1.0,1026.391671,0.3175461993484854
1.0,1019.023955,0.3175479030195856
1.0,891.320187,0.3175819062298768
1.0,745.242881,0.3176350859847217
1.0,942.359262,0.3175672109379857
1.0,1028.871108,0.3175456315027003
1.0,800.017851,0.3176128699843366
1.0,945.351448,0.31756639864736247
1.0,1007.457464,0.3175506278464755
1.0,879.074244,0.31758568586870783
1.0,919.215819,0.31757367228913935
-1.0,1011.342761,0.3175497056005916
1.0,795.535329,0.31761457313764474
-1.0,1033.304848,0.3175446228703266
4.88E-4,1.6615349947311448E35,0.0
-1.0,985.343595,0.3175560154431156
1.0,1031.403285,0.3175450543954992
1.0,971.558905,0.31755949786144066
1.0,1034.020439,0.3175444608908877
1.0,968.662057,0.3175602422902184
1.0,985.796888,0.317555902581494
-1.0,1008.795603,0.3175503094130423
-1.0,703.615057,0.3176542821008794
1.0,884.856083,0.3175838883050628
-1.0,892.266809,0.3175816183791713
-1.0,700.754666,0.3176556848423613
1.0,571.905402,0.317733418573209
1.0,1006.739537,0.3175507990384969
-4.398046511104E12,1.6615349947311448E35,0.0
-1.0,606.174468,0.3177095198894563
1.0,912.83228,0.31757551212327595
-1.0,843.365235,0.31759733375112564
-1.0,615.983739,0.3177031683791738
-1.0,919.363221,0.3175736301073243
-1.0,802.445863,0.3176119553930714
-1.0,883.33419,0.3175843591777734
-1.0,743.986069,0.3176356341085509
-1.0,746.757286,0.3176344279689779
-1.0,919.624906,0.31757355525461106
1.0,1033.891993,0.3175444899491089
-1.0,979.756635,0.3175574150670408
2.44E-4,1.6615349947311448E35,0.0
-1.0,866.753827,0.3175895962399591
-1.0,847.685755,0.3175958722764497
-1.0,811.949849,0.31760842799499467
-1.0,538.422741,0.31775970571376566
-1.0,703.624983,0.317654277252999
1.0,786.206574,0.3176181798841635
-4.398046511104E12,1.6615349947311448E35,0.0
-1.0,735.607011,0.31763933625528606
-1.7592186044416E13,1.6615349947311448E35,0.0
-1.0,678.621965,0.3176669383568336
-1.0,631.016726,0.3176938175658499
-1.0,713.050542,0.3176497346834444
-1.0,585.034268,0.317723932012696
-1.0,767.437516,0.3176257021010438
-8.796093022208E12,1.6615349947311448E35,0.0
-1.0,849.060585,0.3175954103400852
-1.0,812.249964,0.31760831795158195
-1.0,1017.938656,0.31754815606178177
1.0,1034.71024,0.317544304961223
-1.0,858.850522,0.3175921637159289
-1.0,662.626652,0.3176755390740498
-1.0,736.734536,0.3176388331753963
-1.0,1007.739124,0.31755056075031785
-1.0,745.499655,0.31763497422711384
-1.0,1019.376603,0.31754782091412026
-1.0,875.035741,0.31758695551910365
-1.0,993.400612,0.317554024745048
-4.398046511104E12,1.6615349947311448E35,0.0
-1.0,814.274794,0.3176075776246743
-1.0,834.744898,0.31760029488906616
-1.0,755.283494,0.31763077252657357
-1.0,822.627246,0.31760456227801437
-1.0,1027.624389,0.3175459166864464
-1.0,756.723969,0.31763016308278946
-1.0,1003.75092,0.3175515143148835
1.0,1031.010643,0.3175451436966963
-1.0,641.035068,0.317687829393163
-1.0,581.596936,0.3177263743649653
-1.0,661.59555,0.31767610776297983
-1.7592186044416E13,1.6615349947311448E35,0.0
-1.0,973.53806,0.3175589918070669
-1.0,650.462203,0.31768236298386343
1.0,810.761898,0.31760886438119895
-1.0,797.402145,0.3176138615069757
-1.0,1017.769617,0.3175481955225036
-1.0,665.53305,0.31767394557377004
-1.0,653.582847,0.31768058817720035
-1.0,1003.75092,0.3175515143148835
-1.0,1003.75092,0.3175515143148835
1.0,554.079678,0.317747018214094
-1.0,917.042101,0.317574295912857
-1.0,657.082139,0.31767861806442144
-4.398046511104E12,1.6615349947311448E35,0.0
-1.0,721.662529,0.31764568791091075
-1.0,893.343531,0.3175812917087578
-1.0,615.983739,0.3177031683791738
-8.796093022208E12,1.6615349947311448E35,0.0
-1.0,652.190216,0.31768137811175545
-1.0,986.838754,0.3175556435689605
-1.0,1031.796831,0.31754496495689366
-1.0,823.986332,0.3176040774108725
-1.0,709.711828,0.31765132995353274
-1.0,595.555463,0.31771663145270845
-1.0,571.317196,0.3177338537949177
-4.398046511104E12,1.6615349947311448E35,0.0
-1.0,828.288081,0.3176025532055937
-1.0,741.696307,0.31763663749847426
-1.0,1034.402073,0.31754437459673035
-1.0,665.634727,0.31767389007880564
-1.0,678.902625,0.31766679106190343
-1.0,759.789996,0.31762887358331415
-1.0,895.34455,0.31758068669894735
-8.796093022208E12,1.6615349947311448E35,0.0
-1.0,550.509437,0.3177498478452969
-1.0,590.989048,0.317719768132809
-1.0,1005.255199,0.31755115375894627
-4.398046511104E12,1.6615349947311448E35,0.0
-1.0,906.66321,0.3175773147537839
-1.0,587.787582,0.31772199627618924
1.0,977.3419,0.3175580249486538
-1.0,943.406872,0.317566925956586
1.0,1034.53426,0.3175443447217967
-1.0,933.10105,0.3175697572584848
1.0,1034.385362,0.31754437837405924
-1.0,765.548689,0.3176264795209919
-1.0,1033.597996,0.3175445564869378
-1.0,984.077595,0.31755633120438354
1.0,956.159705,0.3175635068608038
-1.0,866.758018,0.31758959489088556
-1.0,1018.108206,0.31754811649491177
-1.0,1024.750181,0.31754657679733034
-1.0,1025.48777,0.31754640704459647
-1.0,753.346026,0.3176315959150824
-1.0,568.952336,0.3177356126654546
-1.0,1029.909629,0.3175453944707355
1.0,1008.119665,0.31755047015861004
-1.0,1024.830533,0.3175465582928304
-1.0,910.818982,0.31757609773471307
-1.0,1032.238931,0.31754486456506315
-1.0,1027.879571,0.3175458582579329
-1.0,1033.522196,0.3175445736482704
-1.0,677.58646,0.3176674828618905
-1.0,1034.452761,0.3175443631400766
-1.0,1006.004308,0.3175509746094344
1.0,715.810408,0.3176484272236628
-1.0,1017.444389,0.3175482714811436
-1.0,1017.85265,0.31754817613751385
-1.0,1034.793275,0.3175442862051663
1.0,1026.060435,0.31754627541659275
-1.0,1018.147695,0.31754810728147287
-1.0,1028.273306,0.3175457681620816
-1.0,993.790235,0.3175539292964499
-1.0,1012.624319,0.31754940295126977
-1.0,1015.977874,0.3175486145969235
-1.0,1024.786385,0.3175465684594553
-1.0,1034.57627,0.31754433522890435
-1.0,1034.966354,0.3175442471195111
-1.0,516.785283,0.3177785042223349
-1.0,644.000297,0.31768609273244797
1.0,1007.67977,0.3175505748863303
-1.0,960.938532,0.3175622490033585
-1.0,953.092321,0.3175643208862623
-1.0,588.047031,0.3177218148029147
-1.0,958.758428,0.31756282128376356
1.0,768.665476,0.3176251987352028
Gen running time:127.075131351
1567840289
