connecting
connected
-4.465152,584.192141,9.606139599800169E-6
-0.398744,1003.517677,0.6901666724926484
-0.301696,866.564573,0.7629562029724025
-1.469212,615.983739,0.14228580850256523
1.260781,1032.684339,0.20767253281009324
3.323433,674.78491,9.372085164389699E-4
-1.396601,938.099697,0.16286391465239103
-1.945939,780.535739,0.052020642017530115
-0.711445,969.151633,0.47697972150579104
0.544857,1018.741545,0.5859711231298534
0.171405,828.242756,0.8639471908116094
-1.237255,873.478203,0.21632493684977439
1.218397,747.97419,0.22345730303801736
-1.650883,947.209308,0.0990939559408448
-2.612494,753.534116,0.00916751683895584
-0.155951,1026.189718,0.8761023168269974
-0.301579,1029.838108,0.7630339037049837
-1.481568,983.551159,0.1387755676905491
-1.403547,1034.829059,0.16075378478896973
-0.474713,1034.74578,0.6350917213259718
-0.942888,1028.6883,0.34595957617419837
-2.553829,647.804171,0.010882361947228386
-7.82372,928.163471,1.3921015836553589E-14
-0.371002,1025.702981,0.7107126533334643
-2.114506,968.928956,0.034726949245516815
0.14359,1018.263444,0.8858526479812991
-4.87694,617.023169,1.3725649163380818E-6
-0.83355,834.867264,0.4047730219077901
-1.009701,967.895006,0.3128909077842259
-1.895494,651.614214,0.058469246045675244
-4.127554,887.186909,4.012017550970796E-5
0.693441,612.765927,0.48829559907782416
-1.593884,709.105898,0.11140761991308423
-1.379425,700.754666,0.16820379098216698
-2.453204,880.114704,0.014351991672005418
-3.116938,971.917007,0.001881086009749121
0.798166,852.536178,0.4249964360026972
1.581674,577.350556,0.11427164323742112
-2.187524,597.379925,0.02909113705774494
-1.30865,784.967031,0.19103594463829343
-0.015708,483.0,0.9874738309726524
-4.004718,592.280928,6.99888694047309E-5
2.771301,966.922812,0.005690412548811086
-1.449576,894.08597,0.14752745415431834
0.96952,1034.191909,0.33251248784833454
0.385706,942.314838,0.6998014756230531
2.042832,929.24342,0.04135079284610077
1.837186,594.983061,0.06668099677243977
-0.035723,1011.674828,0.9715102779995144
1.328914,1012.349843,0.1841757810655249
1.128729,1012.138915,0.25927963219035455
2.061501,823.820708,0.03956850636135023
2.688796,977.306485,0.007293069940804253
-0.476334,772.753594,0.6339710955382636
0.077315,1034.427363,0.9383879097334946
1.10575,836.093039,0.26915281024982596
4.586123,961.580461,5.111604895136068E-6
0.45518,886.521653,0.6490911991862138
2.612067,1021.375032,0.009131731874301163
0.063856,1014.693867,0.9490974645854442
-0.861705,984.894749,0.38905961883305884
-3.535382,934.337162,4.2717173253656906E-4
-0.300892,1024.859699,0.763557881782208
-0.179912,1031.927449,0.8572569761099669
0.027181,507.0,0.9783260651488019
-0.136048,874.505985,0.891814645838322
0.238133,1034.993415,0.8118250760269383
-0.441453,881.78894,0.6589933066760947
-1.824646,597.946552,0.06855329969079868
0.058032,1034.401695,0.9537343473209421
2.434839,953.176043,0.015080980535236543
0.440019,1027.253267,0.6600159083861985
0.651682,1034.513973,0.5147510819113459
0.113225,881.206265,0.9098779647698549
7.343249,952.85634,4.46975789714088E-13
0.208588,1000.270075,0.8348123454308598
1.82075,709.098574,0.06906619669864833
0.058601,1015.421882,0.9532814441362178
4.119724,989.526499,4.110374521371085E-5
2.177138,812.180063,0.029757536683564956
0.890239,909.040032,0.37357310753261763
3.789665,1008.355588,1.597899110272749E-4
2.579587,586.297624,0.010134188399727684
0.897297,979.265965,0.369780998347331
0.965475,856.333761,0.3345795239072049
4.944381,864.358929,9.176197384164198E-7
1.069159,815.378593,0.2853144366900322
0.607284,1034.584851,0.5437957114125171
2.268845,614.461985,0.023623715780208387
0.383104,1031.635687,0.7017215792531624
2.750669,737.484973,0.006093192430977723
0.422185,1005.5712,0.6729802371303863
2.777856,977.144762,0.005576673030469159
3.158795,817.217671,0.001642489124787705
-0.300892,1024.859699,0.763557881782208
1.886994,862.000802,0.05949694066004563
2.925757,934.73438,0.0035193240116881963
0.999306,897.744953,0.3179157493667226
3.393346,961.823447,7.18615066459316E-4
4.03231,993.13104,5.946064055017963E-5
4.09855,1014.976479,4.489284510489355E-5
4.994545,906.161159,7.074416359387214E-7
2.021118,894.562932,0.043564971804805896
-0.368897,1028.66292,0.7122804120862991
-1.840198,949.044005,0.06605127645772757
-0.258329,1021.050719,0.7962050681520441
-0.883982,919.029531,0.3769371198914916
-1.34049,995.90479,0.18039179535646432
-1.680295,994.60341,0.09321394586879372
-0.021515,483.0,0.9828437230577408
-0.025339,483.0,0.9797950316423854
1.253428,1032.646754,0.2103336969903018
-1.834305,696.672415,0.06703505135042838
-0.782605,719.207897,0.4341167002683062
1.732768,995.554279,0.083446586164031
1.774568,841.589408,0.07633068560799372
2.692652,783.859345,0.007239959464900414
6.017866,988.762311,2.4867128356476087E-9
0.465411,682.681502,0.6417855869785036
0.427012,1026.093281,0.6694601690699293
-1.236923,710.050874,0.2165246063276679
-2.76183,784.683312,0.005882206694786382
-0.419332,1035.001465,0.6750605295009797
-0.83616,1035.001015,0.4032578949928137
-0.616473,989.12247,0.5377242382725853
-0.722628,988.100305,0.47007945678069674
0.2141,1031.477391,0.8305113907167718
0.738248,961.489836,0.46054390845950843
-0.662788,926.857911,0.507631123625591
0.377297,1034.419222,0.706030293494442
-0.896786,1034.548723,0.3700417497537968
-2.34444,654.652714,0.01935362229300773
-2.540707,841.990747,0.011241358095707215
-2.964303,523.517488,0.003171895041088573
-0.697348,582.214114,0.48586339962380576
-5.189419,890.353781,2.613681534384579E-7
-2.163901,877.214104,0.030741242485163175
-2.028655,827.809151,0.042813088412372434
-1.379425,700.754666,0.16820379098216698
-2.304228,909.881008,0.021434326955352745
-1.27653,932.927598,0.20208589415861034
-0.072661,1020.405514,0.9420901234970237
-4.487766,655.732527,8.500477994539415E-6
3.858249,908.147896,1.2227436611489395E-4
0.701015,825.34964,0.4834912415423904
-0.226849,1026.164662,0.8205863420543092
-1.468105,633.837689,0.14257176167761154
-0.38893,1032.581368,0.6974081147496975
0.406767,1016.930977,0.6842647197323699
1.157432,575.8326,0.2475757798861049
-0.136048,874.505985,0.891814645838322
1.011072,852.064597,0.31226899391085206
-0.423505,944.769702,0.6720232440479756
0.434114,909.331225,0.6643086393861868
-6.624476,992.578489,5.703275306727788E-11
-1.576524,981.376462,0.11522737005644512
-1.368468,838.516202,0.17153216414535022
-2.138415,996.497435,0.03272571927699947
0.203651,1035.001243,0.8386662685845694
-3.997972,843.455066,6.94839894156547E-5
1.290297,971.035388,0.19725472253362764
-1.197384,947.102136,0.2314565125402661
6.983055,880.797148,5.687894599759602E-12
0.018986,507.0,0.9848597430203554
0.295217,865.410368,0.7678989268322598
2.262334,740.224927,0.02396588129686461
5.125033,895.440564,3.6450393525733205E-7
-0.668129,994.939739,0.504206210884981
0.404727,1013.333601,0.6857636091743724
2.379341,650.03336,0.017631250842230495
3.122267,948.066295,0.0018490459088971178
1.366763,756.567516,0.17210560493732663
4.44401,665.969736,1.0340377181838889E-5
5.878054,944.322958,5.752814669079953E-9
4.306218,949.966867,1.8331791670656017E-5
1.762009,572.423351,0.07860148783890786
4.241608,1028.477937,2.419216986893069E-5
-2.677237,916.295373,0.007555920308843126
0.479085,1002.501445,0.6319826415539527
2.050342,990.923554,0.040593727798757806
7.714957,862.895517,3.3306690738754696E-14
2.928945,832.770742,0.0034939440410186595
2.407989,986.392529,0.0162233216826142
1.949979,1012.801016,0.051454245274666466
7.862204,784.693438,1.2434497875801753E-14
1.714337,1015.857521,0.08677187248684781
1.565847,718.362196,0.11782481943338818
4.580467,584.342335,5.67374154170075E-6
1.081296,774.553391,0.279902006870947
0.597053,881.036251,0.5506253937183239
1.23442,1010.667259,0.21733337667492192
3.260907,785.802873,0.001158429064496369
0.48186,1001.176143,0.6300107161400388
1.816812,1023.538658,0.06953826896159843
2.305628,708.91475,0.021419215335985564
1.914291,1034.890214,0.055858522141356115
-0.526418,963.411343,0.5987189785454714
1.222869,993.712146,0.2216691133003834
3.181147,567.174066,0.0015471072739159375
2.002177,1033.752125,0.045526561339623406
3.349393,662.288833,8.558175907698029E-4
2.27581,656.767826,0.023178571754784327
4.527474,592.901305,7.217490822775119E-6
3.301597,600.890683,0.0010183625205035796
-0.780593,960.854183,0.4352341681712212
-0.933067,562.495359,0.3511857106731884
-1.066399,553.062318,0.2867086069003928
1.903294,653.776357,0.057441118519255374
1.870189,1030.237244,0.06174097714888083
1.281332,802.048581,0.20044740387811166
7.085981,661.06332,3.5487168759118504E-12
0.08526,1034.473338,0.9320711886579893
1.439035,699.43806,0.1505879514042192
1.919839,1017.14803,0.05515769453492325
1.951657,656.690015,0.05140366684160802
-0.194858,739.543935,0.8455576328283329
-2.977491,782.476257,0.0029958732127145986
1.648751,686.071913,0.0996564542925249
-0.71683,979.369388,0.47364990756441927
-0.238152,805.923576,0.81182374040778
-0.595245,1030.391348,0.5518104166778474
1.150263,568.511404,0.25051917349098707
2.000798,574.398777,0.045884265987122363
-1.0,483.0,0.3178112230547846
0.012164,507.0,0.9902995564424941
2.181586,706.840401,0.0294688316762326
2.305797,679.702157,0.021422103568633277
3.229919,1029.11189,0.0012774588521693442
0.478192,997.451702,0.6326183422049008
0.01757,507.0,0.9859888015099862
4.9606,949.001637,8.324947693427731E-7
2.090552,1026.947528,0.03681364461505954
6.299302,985.165345,4.4993431203010914E-10
3.454982,981.79062,5.738697138919502E-4
0.529997,1034.740329,0.5962277142002361
0.272987,985.078068,0.7849204258072131
-0.395716,1003.75092,0.6923986423384005
-0.076488,967.553009,0.939046673290285
-0.248815,971.629274,0.8035564701300815
0.500316,986.875094,0.6169641368994068
-1.196876,936.84071,0.23165767027856743
0.5128,1016.981686,0.6082025917960074
2.906705,1033.822509,0.0037305379215717416
2.100138,1000.803429,0.03596650660782719
3.944583,910.950969,8.607754356892983E-5
3.63996,936.090147,2.8761094617868466E-4
-0.015146,483.0,0.987921956615461
-0.576115,910.818982,0.5646797775937904
0.79463,950.375357,0.4270271474592342
-3.656896,538.73738,2.803406747731018E-4
0.13948,810.320767,0.8891055176880327
-1.003386,982.681133,0.31592166087191054
-1.058089,1009.169356,0.29026806862732835
-0.015059,943.635953,0.9879882937055358
-1.288973,878.047971,0.19774695314177737
-0.529993,886.573579,0.5962494854170426
-0.079096,1028.414307,0.9369716524206302
-0.91499,998.775369,0.3604177249008713
0.156852,1030.537539,0.8753922130883238
1.212594,1005.008348,0.2255700441675612
1.790902,969.77324,0.07362081130286269
-1.106964,856.366741,0.26862033281181563
-1.067093,786.50655,0.28625727432466896
1.609632,813.387713,0.10786622288577208
1.190309,763.100085,0.23429512541055653
2.517529,875.537905,0.011995601129697997
0.968765,788.950218,0.3329593375507831
0.553622,891.426066,0.5799763961809108
0.902374,900.937258,0.36709941039694316
-1.176361,810.5725,0.23979600407721102
3.425676,1032.490091,6.374100070645206E-4
-1.121095,542.140656,0.26274376615326644
1.723264,788.446431,0.08523285747040976
3.971155,608.560648,8.007820001454391E-5
-2.382532,748.712971,0.017442679194467736
-1.859972,867.845737,0.06322763275287657
-3.077569,1030.916619,0.002142083971656635
-7.983149,918.259383,4.244632390284932E-15
-1.206426,904.710723,0.227968649656216
-1.630957,982.401007,0.10321991211472614
-0.075706,991.719762,0.939668271148508
-1.310379,767.437516,0.19045969252442807
-1.450977,660.371699,0.14726110418009863
-4.158303,947.724159,3.496895129348248E-5
0.200669,835.600409,0.8410062320696416
0.543739,1030.2032,0.5867387343082369
-1.616011,883.745869,0.1064488348428606
-3.81288,914.021267,1.4656977891496826E-4
-0.478749,1032.802516,0.6322185372688225
0.014422,507.0,0.9884989810481892
1.625058,699.781833,0.10460046744257201
-0.148088,1021.421079,0.8823025477143568
1.079261,970.716617,0.2807394840591737
0.46465,1034.648506,0.642279880966345
3.660374,711.204414,2.704966859299329E-4
0.64668,1034.995034,0.5179824476147479
-1.680221,835.426066,0.09328816893613301
0.437983,1023.733924,0.6614910015146651
0.313723,1032.247389,0.7537948150787082
0.010228,507.0,0.9918434022566722
4.767254,796.567097,2.2200723346355034E-6
0.418416,1034.676858,0.6757298205982964
1.727587,769.342645,0.08446361294559512
-1.632018,1032.782144,0.10298053852879996
-7.990818,837.470336,4.428599109270957E-15
-2.627786,723.608291,0.008776379639142547
-5.248615,862.666347,1.9303991340327642E-7
-9.435761,1019.237045,2.5430732102231123E-20
-5.119747,833.285523,3.80151890808027E-7
-6.128903,991.195961,1.2753489053370181E-9
0.993128,977.131865,0.32089344380100915
-1.137847,724.838515,0.2555603411608408
-0.703318,788.338375,0.48206525060722016
3.141679,991.22558,0.0017296436409679483
3.344139,1032.478955,8.550529481257119E-4
4.616138,925.147934,4.461299027980203E-6
4.469951,858.344976,8.872577829999173E-6
0.058032,1034.401695,0.9537343473209421
4.232385,544.814373,2.713335718196319E-5
-0.102083,1002.082291,0.9187112173340121
0.013482,507.0,0.9892485496681893
5.65006,967.038797,2.1091401736228477E-8
2.249538,825.422767,0.0247410702976536
-1.673306,650.659983,0.0947477262900982
1.604353,987.86051,0.10895589644230963
1.677344,542.957874,0.09405076268851609
-0.011692,483.0,0.9906761739416642
-0.41192,586.74791,0.6805484985200276
0.973865,1019.978203,0.33035447142455787
7.813256,1032.465319,1.3766765505351941E-14
6.638256,1034.582311,5.114175749554306E-11
-0.460612,956.724799,0.6451816775408612
5.100968,920.374041,4.1036670683780585E-7
-2.001516,721.797122,0.045710664199577054
-4.484928,849.460567,8.295823906140322E-6
-4.371938,836.907214,1.3865276543994254E-5
1.08208,1034.921187,0.2794690421770998
3.668794,1031.893864,2.5615246035348704E-4
-2.321767,927.8483,0.020461224000248773
1.487951,727.446984,0.13719715440904023
-3.251389,872.507495,0.0011924634579631847
-1.403706,649.417391,0.16088440707081697
-3.58073,883.105975,3.613317886260159E-4
-3.302522,694.979274,0.0010072552336481734
-0.122297,1030.334265,0.902687656486031
-7.381352,754.022286,4.149332650524175E-13
-5.815309,701.911602,9.192293466518915E-9
-7.224477,692.379776,1.3307449808997253E-12
-3.202754,639.235041,0.0014287933073528615
-0.763546,962.461647,0.4453249616397861
-8.457121,653.895138,1.7879705322841013E-16
-4.264458,622.444979,2.3152212561217615E-5
-3.613172,931.525303,3.1865461880050143E-4
-4.651545,602.248056,4.052876637680956E-6
-4.764783,866.110521,2.2162836925902164E-6
-2.378348,708.079239,0.017654718698754582
-0.661315,927.158815,0.5085746252411567
-0.968846,859.856087,0.3328944644840588
-1.190552,858.778797,0.23415848848802756
-0.028344,483.0,0.9773994950270694
-0.018917,483.0,0.9849151297115954
-1.371277,533.28958,0.17086534719575674
1.514346,545.781299,0.13051698473584827
-0.78714,1017.891887,0.43138314934515387
-0.10736,928.63418,0.9145265760140043
-0.016263,483.0,0.9870312908567866
-0.390332,1012.151717,0.69637319543592
0.605422,941.454241,0.545044548102863
0.67208,1033.441495,0.5016829884150991
-1.980818,1017.598674,0.0478805991529306
-2.166219,987.317518,0.030533170885164888
-2.110482,591.138671,0.03523628903555532
-0.620446,1025.852161,0.5351020017411435
-0.690445,1028.913755,0.49007010106361215
0.012382,1034.987417,0.9901232320546391
-0.323661,997.770112,0.7462625267991908
-0.300559,1030.376243,0.7638114317643097
0.122896,1031.934815,0.9022133831682302
0.244334,897.904864,0.8070279730355971
0.585635,705.755238,0.5583080379096224
0.570398,1030.680312,0.5685321073230867
3.636428,1009.146667,2.904159118632954E-4
-0.111145,1004.563557,0.9115235667051951
1.767112,839.227411,0.07757287346215369
0.805635,1015.821676,0.4206418789839168
0.819164,1033.945422,0.41288162222685454
0.89801,997.765698,0.36939685839614445
0.457155,996.947085,0.6476592376456307
-0.613255,927.209607,0.5398581407498634
-4.068749,941.350584,5.122751150472285E-5
-3.295191,577.261885,0.0010438500332911303
-1.081853,1014.039176,0.2795750525328815
-2.788042,547.2725,0.005487159761307649
-2.138384,701.679324,0.03283031538198175
-0.474042,839.418397,0.6355932333345062
-0.476375,994.233832,0.6339119108384816
-0.61496,1020.667346,0.5387182104780346
1.115822,905.377095,0.26479439828879436
-0.024055,483.0,0.9808186723397478
-0.907964,914.307924,0.3641364906403428
2.235527,558.983827,0.025776817044448563
0.983204,893.846501,0.32577309604776605
-2.215881,971.703172,0.02693073592966742
0.485691,714.096818,0.6273352524574356
-1.064773,798.823474,0.287300401027198
0.631214,818.258746,0.528076886078116
-1.161213,961.629753,0.2458434489680259
-1.245129,528.045651,0.21363660165015252
-1.138637,570.799325,0.2553322439799435
-4.638325,788.816715,4.110788030491525E-6
-0.819287,1006.295445,0.41281667747458095
-2.141918,933.152508,0.03245839266329613
-1.586727,943.735654,0.11290946382468281
2.961866,1034.902932,0.0031276586419048957
-1.991953,960.338734,0.04665902668227075
1.545265,975.849394,0.12260639268969742
-0.542216,1000.256014,0.5877904856942033
-1.514886,1007.630513,0.13011488585461983
-0.323783,1034.771058,0.7461677558247148
-0.852793,866.758018,0.39400969266165553
-1.693646,1029.529342,0.09063505886157786
0.658594,980.108996,0.5103111948161099
-0.723689,1021.010096,0.46942245576519237
-2.925251,535.154772,0.003587795437651955
-0.595265,828.349944,0.5518289290661076
-0.547382,988.847489,0.5842398356594707
-0.024553,483.0,0.9804216489628187
-2.149958,646.757259,0.03192866977131592
-3.129868,541.81485,0.0018430531872130392
-3.354329,622.51688,8.43897985434106E-4
-3.063926,1030.304732,0.00224131873903421
0.507831,680.37078,0.6117364550675586
-0.280099,1018.596769,0.7794584238988864
-1.93712,782.588249,0.053090238086593446
-0.801842,698.843452,0.4229169233782101
-1.469212,615.983739,0.14228580850256523
-0.701101,966.988503,0.4834086620511795
-2.89424,664.668484,0.003925352673367774
-1.015959,796.32393,0.3099574826349851
-0.123696,1029.027245,0.9015801350219066
1.202704,1034.894791,0.2293659734019795
3.956428,948.651714,8.174878937605712E-5
0.48461,1022.505512,0.6280568095846184
0.907635,1018.16185,0.3642858626140344
1.028011,1026.750596,0.3041867652185881
4.613756,586.311391,4.860063548273175E-6
1.298935,841.65326,0.19432197148563124
0.054786,962.029732,0.9563203291098981
0.930716,807.04604,0.35227880614391927
-0.395716,1003.75092,0.6923986423384005
-0.395716,1003.75092,0.6923986423384005
0.284813,800.2038,0.7758611048856419
-0.098692,783.761818,0.921408055892071
-0.329151,1033.983756,0.7421082153676999
3.348412,860.438823,8.480625471476433E-4
3.368001,783.36468,7.941271506248793E-4
-1.48105,822.281148,0.1389763155619118
-0.77408,926.667524,0.43908092337596216
0.837919,949.970121,0.4022869620468974
-1.647058,642.297886,0.10003524373815109
-2.449764,546.444585,0.014607719436040062
-0.043252,483.0,0.9655185282487516
-2.745997,519.783487,0.006241792922212787
-2.062372,555.136875,0.039637029177061495
-3.517286,842.533153,4.592939718513684E-4
-2.665308,696.006842,0.007870146618172364
-0.022627,483.0,0.9819571510004782
-4.98856,528.828495,8.265148049336365E-7
-3.204275,533.824648,0.0014349096000707627
8.352489,996.154724,2.220446049250313E-16
2.15424,982.485794,0.03146393743827325
1.451331,902.350506,0.14703526984320048
1.0,507.0,0.3177875322620498
-2.843258,645.756359,0.004606676935938803
3.002273,900.03441,0.002753769176899068
1.116149,808.214065,0.2646900890968382
0.629697,864.01799,0.5290593188819359
0.94844,995.592662,0.34313565843567817
-0.260842,1028.870117,0.7942665519835268
-2.573455,684.285885,0.010278282896847025
4.875972,992.304838,1.260263034152942E-6
-0.207097,838.432436,0.8359843905862412
3.557161,962.984595,3.9315109913817814E-4
2.042223,700.395231,0.0415034359539892
6.79E-4,980.576231,0.999458374516812
-0.482538,1034.391471,0.6295259067897991
0.970287,571.926584,0.3323136093776702
-3.061678,706.717323,0.002284457074124782
-1.310379,767.437516,0.19045969252442807
-0.395716,1003.75092,0.6923986423384005
0.44159,995.767904,0.6588817957343747
0.446254,1000.172143,0.6555103742790718
0.882328,768.665476,0.37787529363937433
-1.39053,635.508183,0.16485473873575518
0.776301,858.706866,0.43778504743228286
-0.249682,1031.818178,0.8028829769653831
-0.478407,995.172064,0.6324656325990503
-0.711636,603.734172,0.47696508183504305
-2.894435,688.820639,0.003918545587005244
0.758791,973.534857,0.4481612552531642
0.427987,931.941922,0.6687594692236813
0.064716,1034.938746,0.9484126210693857
-1.430716,560.188538,0.1530691920583518
-0.037095,483.0,0.9704245848877676
-0.45579,942.1676,0.6486460254228907
1.111031,905.239131,0.2668500117135919
-1.776941,571.695592,0.0761095899810523
-1.615657,857.278242,0.10653642317019885
0.127034,997.228966,0.8989390977643179
0.241868,1026.424817,0.8089307593175148
0.358969,1029.550583,0.7196918821078451
8.635393,1022.546693,0.0
-0.772781,1030.862059,0.4398291444823327
-0.769512,863.085895,0.441799965645149
3.573691,845.002906,3.7192176267963895E-4
3.741961,1006.839576,1.9291096222628923E-4
5.712129,936.325379,1.4981415441539525E-8
-1.0,483.0,0.3178112230547846
0.83281,1014.93396,0.4051478198190106
-2.00966,1020.315594,0.04473009254679098
1.300859,997.649563,0.19360709935832365
1.778548,746.17156,0.0757209809907613
-3.871995,522.867615,1.2162434832158649E-4
1.912419,755.774026,0.05620021005693987
-0.031111,483.0,0.9751938683985365
5.461052,860.000091,6.197500401761147E-8
7.96612,1023.51713,4.440892098500626E-15
8.465928,1023.378186,0.0
4.564706,1006.329117,5.619752829311153E-6
4.005285,1001.047008,6.65256896323907E-5
0.281119,964.721552,0.7786794096654361
8.675233,1016.778718,0.0
0.057298,1034.084834,0.9543188828342042
4.50757,830.919177,7.498353837842586E-6
3.202631,954.530581,0.00140685186467282
7.345571,993.546324,4.2654768606098514E-13
1.528811,1033.720789,0.12661722897951533
1.68484,908.88771,0.0923627439367487
-1.468105,633.837689,0.14257176167761154
-3.399283,585.508861,7.215767587718172E-4
0.80274,1032.369132,0.42230978833904453
1.474994,612.735921,0.14072778200342784
-0.043913,483.0,0.9649919008948127
-1.381354,962.473667,0.16749073454948848
-2.288197,525.721988,0.02252206721820558
-1.605849,720.342637,0.10874535057528256
1.197602,1034.419142,0.2313463470085364
2.457625,1029.48324,0.014149865781581505
-1.943659,646.738876,0.052369988436428504
-0.81663,1025.228209,0.4143296143204275
1.596668,554.617457,0.11090931830345552
0.398197,845.860705,0.6905854604614292
1.09708,718.914532,0.2729737524125171
1.831064,935.537222,0.06740890164050906
0.474119,789.773587,0.6355460984003907
-2.02429,782.782118,0.04327945525797334
-0.034264,1017.547772,0.9726733517668708
-3.785791,799.478642,1.6468581837674118E-4
-0.960309,796.943723,0.33719097871938286
-0.927213,816.3884,0.3540899847552401
-1.586474,660.866736,0.11311015465199792
-1.015084,723.945387,0.31040491131725145
1.596599,730.77381,0.11078743438241268
-2.16627,576.559066,0.03069960095078918
0.116286,885.056614,0.9074522605150466
-1.076499,1007.007132,0.2819619757982741
-2.602675,846.704663,0.009411709021623095
1.427418,627.869161,0.15395658584692473
-0.180039,1008.642966,0.8571581142569041
-1.568624,1009.34122,0.11704900214523728
-1.189095,1007.564945,0.23468244216951906
0.811861,1003.385292,0.41706394947785963
-0.264233,1028.117001,0.7916533404498614
-0.03259,1029.339059,0.974007862496283
2.195928,842.436124,0.028369037510659334
4.154768,1010.057475,3.531712617688143E-5
3.914801,914.063467,9.720112419864257E-5
3.08132,952.697444,0.0021200493092272676
-1.239712,1004.661258,0.21537142844562218
-0.893304,982.318331,0.37191318846619237
-6.5434,929.159806,9.923597509429393E-11
-3.442679,581.920244,6.1735774748004E-4
1.564367,1019.126909,0.11804184906295023
4.557122,789.331225,6.0071773189118716E-6
3.535774,903.324788,4.272431582217351E-4
2.554149,982.508871,0.010794682533527
4.894353,1031.525426,1.1439139955271571E-6
1.567504,1026.391671,0.11730515941215836
1.580368,1019.023955,0.11433294087826162
0.929951,891.320187,0.3526482428858251
2.903737,745.242881,0.0037963779777312467
2.793159,942.359262,0.005325353026826907
0.405196,1028.871108,0.6854176801461942
2.393063,800.017851,0.01693798875769037
3.380321,945.351448,7.536413862510027E-4
2.470369,1007.457464,0.013662049435181123
4.225186,879.074244,2.6366359116458682E-5
3.892737,919.215819,1.0628245899968469E-4
-0.929425,1011.342761,0.3528906566168123
4.116641,795.535329,4.2457556325814494E-5
0.31141,1033.304848,0.7555517681541697
0.025944,507.0,0.9793122130856871
-1.31507,985.343595,0.1887923336430034
2.07855,1031.403285,0.037905494956423036
-1.161374,971.558905,0.24577508481849708
1.322978,1034.020439,0.18613517913721256
1.070129,968.662057,0.2848278215747886
-0.202736,985.796888,0.8393832180263683
-1.373847,1008.795603,0.16979437471440273
-2.108648,703.615057,0.03532783922148499
3.771005,884.856083,1.7339342885658304E-4
-0.550511,892.266809,0.5821067275904763
-1.379425,700.754666,0.16820379098216698
1.228622,571.905402,0.219718890625892
1.803121,1006.739537,0.07166812783663246
-0.014832,483.0,0.9881723345367563
-2.347882,606.174468,0.01920102284311588
2.10317,912.83228,0.03572410601594456
-5.808221,843.365235,8.942101822473016E-9
-1.469212,615.983739,0.14228580850256523
0.390346,919.363221,0.6963711360662423
-6.546078,802.445863,1.0531127164093456E-10
-5.587649,883.33419,3.065833701273094E-8
-3.202263,743.986069,0.001421550199780493
-5.289534,746.757286,1.6125715108515743E-7
-1.340177,919.624906,0.18051882150616871
0.255268,1033.891993,0.7985668842493499
0.170068,979.756635,0.8649917691212783
0.014626,507.0,0.9883363100308551
-0.624077,866.753827,0.5327412325436041
-2.822739,847.685755,0.004873025076950238
-2.576697,811.949849,0.010150444126496995
-3.043313,538.422741,0.0024541233223385112
-1.910063,703.624983,0.056531385733086574
0.709268,786.206574,0.4783684567036772
-0.008946,483.0,0.9928659136679382
-0.926865,735.607011,0.3543006233556161
-0.042998,483.0,0.9657208973991838
-2.369268,678.621965,0.018102248024134945
-2.035952,631.016726,0.04217232277304522
-3.056181,713.050542,0.0023254380953492675
-1.256665,585.034268,0.20937648389066876
-1.310379,767.437516,0.19045969252442807
-0.019881,483.0,0.984146511974475
-2.599275,849.060585,0.00950423525425806
-2.470728,812.249964,0.013688094615011063
-2.963226,1017.938656,0.0031151572556325337
0.691624,1034.71024,0.48932863758608747
-3.363504,858.850522,8.036595853513528E-4
-2.955815,662.626652,0.0032292269106014263
-3.689617,736.734536,2.4113365433926144E-4
-0.02663,1007.739124,0.9787601175354838
-9.702408,745.499655,4.853267596896613E-21
-0.770608,1019.376603,0.441117878529671
-6.171488,875.035741,1.033605020387108E-9
-5.424144,993.400612,7.314767843113062E-8
-0.010895,483.0,0.9913117182425768
-5.395599,814.274794,8.959834924508864E-8
-6.965733,834.744898,6.624527750850733E-12
-6.258361,755.283494,6.516939245301126E-10
-2.057607,822.627246,0.03994252739914549
-3.810722,1027.624389,1.4678952122925584E-4
-5.704802,756.723969,1.6711668752205082E-8
-0.395716,1003.75092,0.6923986423384005
0.114737,1031.010643,0.9086759260979667
-2.483577,641.035068,0.013261509264939594
-3.722963,581.596936,2.1604487189378496E-4
-2.78144,661.59555,0.005565947205706349
-0.034674,483.0,0.9723540181286419
-2.42525,973.53806,0.015478843391446302
-3.64116,650.462203,2.929923314002066E-4
1.254088,810.761898,0.21017147418706394
-8.949505,797.402145,2.468743737270131E-18
-3.391014,1017.769617,7.231081780937614E-4
-5.258534,665.53305,1.9592792704846638E-7
-2.156703,653.582847,0.03139280938356882
-0.395716,1003.75092,0.6923986423384005
-0.395716,1003.75092,0.6923986423384005
2.133247,554.079678,0.03334317567446554
-2.213124,917.042101,0.027134653328154106
-1.74246,657.082139,0.08189583311433868
-0.012046,483.0,0.9903938888899514
-7.039898,721.662529,4.48639229277194E-12
-7.110224,893.343531,2.3721713661514123E-12
-1.469212,615.983739,0.14228580850256523
-0.028482,483.0,0.9772894884398906
-8.948281,652.190216,3.7144515731459915E-18
-2.551152,986.838754,0.010886663829224286
-1.005032,1031.796831,0.31511707511594567
-4.893735,823.986332,1.1902406220545225E-6
-0.870811,709.711828,0.3841518101330037
-1.684509,595.555463,0.0926072757215941
-3.638501,571.317196,2.9907049901137944E-4
-0.012046,483.0,0.9903938888899514
-2.905324,828.288081,0.0037664302950481264
-2.987792,741.696307,0.002902712553451921
0.059625,1034.402073,0.9524658235694652
-4.192028,665.634727,3.138343040820616E-5
-5.59661,678.902625,3.1733484672638524E-8
-2.54317,759.789996,0.011182345781837678
-4.299238,895.34455,1.9019386016632564E-5
-0.022483,483.0,0.9820719576559662
-2.956697,550.509437,0.0032428958560849377
-5.324755,590.989048,1.4383509063951104E-7
-1.752164,1005.255199,0.08005049470009705
-0.011712,483.0,0.9906602256013132
-1.144026,906.66321,0.25291479828208974
-2.377033,587.787582,0.017771614153789635
0.047268,977.3419,0.962309288573636
-1.58699,943.406872,0.11284999683418584
1.169086,1034.53426,0.24263828298829537
-0.430387,933.10105,0.6670135359019733
1.00243,1034.385362,0.31637039698563596
-1.279357,765.548689,0.2011589845869438
-0.021855,1033.597996,0.9825678392180366
-0.236206,984.077595,0.8133219766399647
3.393898,956.159705,7.173541478733281E-4
-0.852793,866.758018,0.39400969266165553
-2.250853,1018.108206,0.024607540943670368
-0.577994,1024.750181,0.5633951548660711
-0.129031,1025.48777,0.897358420877214
-2.499951,753.346026,0.012632603941399733
-2.167988,568.952336,0.030573449327772364
-3.755599,1029.909629,1.8261386503512316E-4
2.863615,1008.119665,0.004275189310466443
-1.887477,1024.830533,0.05937856611965307
-0.576115,910.818982,0.5646797775937904
-1.494695,1032.238931,0.13529968642021106
0.063971,1027.879571,0.9490057562118372
-1.838689,1033.522196,0.0662477275360132
-3.879444,677.58646,1.1491075176745065E-4
-0.640861,1034.452761,0.5217549384653893
-1.445631,1006.004308,0.14859216596080194
1.832526,715.810408,0.0672883389376222
-2.166075,1017.444389,0.0305371276143229
-1.562718,1017.85265,0.11842977841038993
-0.182755,1034.793275,0.8550260565524715
-0.890372,1026.060435,0.3734748890737061
-3.102232,1018.147695,0.001973582200060116
-1.478947,1028.273306,0.13946074278128495
0.443337,993.790235,0.657618492128998
-1.300891,1012.624319,0.19359170751101074
-1.632024,1015.977874,0.10298431596043989
-1.430328,1024.786385,0.15292772211777705
-0.847402,1034.57627,0.39696707794498254
-0.077679,1034.966354,0.9380984135639553
-1.325801,516.785283,0.18549134856331717
-2.322676,644.000297,0.02050729052740301
0.44213,1007.67977,0.6584900086094483
-2.968957,960.938532,0.0030623190320472954
-2.437035,953.092321,0.014990298193544846
-1.577411,588.047031,0.11523875394879901
-2.229886,958.758428,0.02598589370429538
0.882328,768.665476,0.37787529363937433
Gen running time:244.706066961
1542906645
