connecting
connected
-2.199023255552E12,4.153837486827862E34,0.0
-1.0,142.389308,0.31900688093653906
-1.0,166.740642,0.3187595101245303
1.0,163.785286,0.3187856159985778
-1.0,166.935817,0.3187578185522234
1.0,166.714041,0.31875974098034554
-1.0,166.457118,0.3187619744693698
-1.0,166.592919,0.31876079306391547
-1.0,115.575452,0.31939958960989434
-2.199023255552E12,4.153837486827862E34,0.0
-1.0,155.589203,0.31886319600979485
1.0,127.473637,0.31920498236331696
-1.0,140.983315,0.3190237683384144
-1.0,146.319336,0.31896139578953175
-1.0,166.129168,0.3187648354337832
-1.0,166.991833,0.31875733379343296
-1.0,144.110319,0.31898665760075817
-1.0,143.999134,0.3189879495380362
1.0,160.435642,0.3188163657744232
-1.0,166.352376,0.31876288699158706
-1.0,167.00063,0.31875725769427365
-1.0,140.237484,0.31903286373405604
-4.398046511104E12,4.153837486827862E34,0.0
1.006053,2.0E-6,0.9999854793788356
-1.099511627776E12,4.153837486827862E34,0.0
-1.0,164.555321,0.3187787237689276
-1.0,157.341916,0.31884592739791495
-1.0,120.044657,0.31932197688005404
-1.099511627776E12,4.153837486827862E34,0.0
1.0,142.561537,0.3190048351519881
1.005959,9.77E-4,0.995939607548388
1.0,117.800744,0.3193602103893136
-1.0,137.472927,0.3190674367642762
-1.0,153.918555,0.3188800215720671
-1.0,163.007152,0.3187926467643858
1.0,130.621368,0.3191594168408465
1.006053,2.0E-6,0.9999854793788356
-1.0,151.21622,0.31890802328403156
1.006053,2.0E-6,0.9999854793788356
-1.0,166.994922,0.3187573070708759
1.005985,6.1E-5,0.9996614205478764
-1.0,139.393279,0.3190432760208365
-1.099511627776E12,4.153837486827862E34,0.0
-1.0,167.029175,0.31875701081855967
-1.0,167.029037,0.31875701201187334
1.006053,2.0E-6,0.9999854793788356
-1.0,167.033683,0.31875697183815155
-1.099511627776E12,4.153837486827862E34,0.0
-1.0,127.960446,0.3191977892251122
-1.0,166.082086,0.31876524709297627
-2.199023255552E12,4.153837486827862E34,0.0
-1.0,167.029037,0.31875701201187334
-5.49755813888E11,4.153837486827862E34,0.0
1.006009,8.0E-6,0.9999474640089188
-1.099511627776E12,4.153837486827862E34,0.0
-1.0,167.025457,0.3187570429694687
1.0,133.342369,0.31912175882532745
-1.0,122.651151,0.3192793181389685
-1.0,166.21071,0.3187641230261352
-5.49755813888E11,4.153837486827862E34,0.0
-1.0,163.813453,0.31878536274871294
-1.0,94.355601,0.31986815657516976
-1.0,165.360545,0.31877158513145964
-1.0,166.961296,0.31875759801835857
-1.0,163.434838,0.3187887741692942
-1.0,155.835536,0.31886074559030153
1.0,113.293549,0.3194415735462539
-1.0,166.843331,0.3187586196313118
-1.0,160.978832,0.3188112924860307
-1.0,166.666598,0.31876015289534365
-1.099511627776E12,4.153837486827862E34,0.0
-1.0,164.694121,0.31877748827900154
-5.49755813888E11,4.153837486827862E34,0.0
-1.0,151.021569,0.3189100788925815
-1.0,167.010746,0.31875717019489114
-1.0,166.193092,0.318764276890127
-2.199023255552E12,4.153837486827862E34,0.0
1.0,163.780649,0.3187856576982462
-1.0,167.029037,0.31875701201187334
1.0,104.896955,0.31961174838778406
1.0,118.094763,0.31935511812802897
-1.0,166.954127,0.31875766006295003
-1.0,164.653974,0.31877784542266896
1.0,151.279135,0.31890736000059006
-1.0,149.81133,0.3189229792534981
-1.0,153.653983,0.31888271965503123
-1.0,127.11668,0.31921029173631
-1.0,148.735766,0.3189346199620351
-2.199023255552E12,4.153837486827862E34,0.0
-1.0,164.405107,0.3187800632043455
-1.0,165.950043,0.3187664028488618
-1.0,165.916177,0.3187666995696926
-1.0,167.029037,0.31875701201187334
-1.0,165.699907,0.3187685973001234
1.0,122.950587,0.319274533060117
-1.0,162.577699,0.31879655582889965
-1.099511627776E12,4.153837486827862E34,0.0
-1.0,166.214131,0.318764093153153
-1.0,160.113611,0.3188193897084862
-5.49755813888E11,4.153837486827862E34,0.0
-2.199023255552E12,4.153837486827862E34,0.0
-1.0,164.819628,0.31877637290182115
-1.099511627776E12,4.153837486827862E34,0.0
1.0,160.705517,0.31881384091460085
1.005985,6.1E-5,0.9996614205478764
-1.0,137.413288,0.3190681978991169
-1.0,140.23162,0.31903293562807244
-1.0,166.936542,0.3187578122760456
-1.0,167.029037,0.31875701201187334
-1.0,93.155064,0.3199010292948158
-1.0,163.560854,0.3187876369811977
1.006053,2.0E-6,0.9999854793788356
-1.0,102.018652,0.31967651443596357
-1.099511627776E12,4.153837486827862E34,0.0
1.0,126.516925,0.319219279806771
-1.0,137.527339,0.3190667429131625
-1.0,112.590237,0.31945485586025557
1.431235,8.0E-6,0.9999446437955459
1.355197,3.1E-5,0.9998081951349311
-1.0,166.814078,0.31875887319447427
1.005969,2.44E-4,0.9988152943058872
-1.0,165.396231,0.31877127036664343
-2.199023255552E12,4.153837486827862E34,0.0
-1.0,154.296193,0.3188761864545192
-1.0,99.953765,0.3197252694416748
1.394558,1.5E-5,0.9999013131103005
-1.0,153.940905,0.31887979407277367
1.0,166.595385,0.31876077162864314
-1.0,167.026082,0.31875703756476426
-1.0,156.742559,0.31885178918303103
1.00596,9.77E-4,0.9959396065815858
-1.0,166.542169,0.3187612343401518
-1.0,167.029037,0.31875701201187334
1.0,128.155351,0.3191949245789485
1.0,127.473637,0.31920498236331696
-1.0,160.610462,0.3188147292507778
-1.0,166.52085,0.3187614197910563
-1.0,163.725545,0.31878615341865
-1.0,136.505383,0.31907986689321977
-1.0,138.64232,0.3190526446004178
-1.0,158.099026,0.3188385861986325
-1.099511627776E12,4.153837486827862E34,0.0
-4.398046511104E12,4.153837486827862E34,0.0
1.006009,8.0E-6,0.9999474640089188
-5.49755813888E11,4.153837486827862E34,0.0
1.0,108.615784,0.31953313998090893
-5.49755813888E11,4.153837486827862E34,0.0
-1.0,166.78838,0.31875909601639807
1.355197,3.1E-5,0.9998081951349311
-1.0,162.529012,0.31879700030048497
-1.0,166.530498,0.3187613358586251
1.412187,4.88E-4,0.9976356360122611
-1.0,151.21622,0.31890802328403156
-1.0,133.759028,0.31911612737490713
1.006053,2.0E-6,0.9999854793788356
-1.0,113.186603,0.31944358264413086
-1.0,167.029037,0.31875701201187334
1.288782,1.22E-4,0.9993350091625213
1.0,163.733978,0.31878607753305266
-1.0,167.029037,0.31875701201187334
-1.0,165.751462,0.3187681444653786
-5.49755813888E11,4.153837486827862E34,0.0
-1.0,166.669725,0.3187601257385423
-1.0,101.451999,0.31968969684742654
-1.0,100.277007,0.3197175049995691
-1.0,150.249673,0.3189182828379552
-1.0,162.51307,0.3187971458954014
1.0,95.61714,0.31983450062801033
-1.0,104.237039,0.31962628221288125
-1.0,161.156393,0.3188096415063394
-1.0,91.740882,0.3199408525738022
-1.0,166.880693,0.318758295908926
1.0,156.36609,0.318855494036671
-1.0,166.949,0.3187577044381795
-1.0,104.237039,0.31962628221288125
-1.0,167.01414,0.31875714084051143
-1.0,166.830536,0.31875873052664083
-1.0,164.832665,0.318776257139604
1.0,164.574683,0.31877855129853616
-1.0,124.282093,0.31925353384828226
-1.099511627776E12,4.153837486827862E34,0.0
-1.0,166.839336,0.3187586542544878
-1.0,164.878116,0.3187758536997721
-1.0,166.939402,0.3187577875181399
-5.49755813888E11,4.153837486827862E34,0.0
-1.0,165.975896,0.3187661764162242
1.0,166.694719,0.3187599087117472
-1.0,99.563675,0.31973470657079706
-1.0,164.15822,0.3187822699754105
-1.0,135.114457,0.3190980475851156
-1.0,134.099602,0.31911155021275506
1.006053,2.0E-6,0.9999854793788356
-1.0,164.756174,0.3187769366036718
-5.49755813888E11,4.153837486827862E34,0.0
1.0,162.369676,0.3187984567656028
-1.0,159.387647,0.31882625140398546
-1.0,166.450547,0.3187620316828298
-1.0,166.846398,0.3187585930518926
-1.0,164.76041,0.3187768989591079
1.006053,2.0E-6,0.9999854793788356
-1.0,160.714423,0.31881375773736453
-5.49755813888E11,4.153837486827862E34,0.0
-1.0,165.397436,0.3187712597404263
-5.49755813888E11,4.153837486827862E34,0.0
1.0,148.683697,0.31893518776567054
1.0,142.889524,0.3190009528445572
1.006053,2.0E-6,0.9999854793788356
-1.0,163.410494,0.31878899405519034
-1.0,167.03444,0.31875696529262165
1.0,164.473234,0.3187794554235137
-1.0,164.446264,0.31877969597062106
1.0,152.194948,0.31889776699831796
-1.0,165.017401,0.3187746187367414
-1.0,166.898874,0.31875813843232104
1.005985,6.1E-5,0.9996614205478764
-1.0,161.280825,0.31880848668836437
-1.0,166.976773,0.3187574640897638
1.005974,1.22E-4,0.9993652125301731
1.0,104.235241,0.31962632206235897
-1.0,166.857129,0.3187585000619306
-1.0,165.544651,0.31876996269646996
-1.0,164.976963,0.31877497706361746
1.0,162.414635,0.31879804551354596
-1.0,166.2845,0.3187634789466589
1.006053,2.0E-6,0.9999854793788356
1.005985,6.1E-5,0.9996614205478764
-1.0,107.625811,0.3195535366415161
1.006009,8.0E-6,0.9999474640089188
-1.0,167.029037,0.31875701201187334
1.006053,2.0E-6,0.9999854793788356
-1.0,97.373569,0.3197890903281383
-1.0,159.867356,0.31882171029806305
-1.0,110.892387,0.3194876131187543
1.006009,8.0E-6,0.9999474640089188
-1.0,158.552358,0.3188342240401698
-1.0,163.550952,0.3187877262750548
-1.0,164.804966,0.3187765031151003
-1.099511627776E12,4.153837486827862E34,0.0
1.419304,2.44E-4,0.9987314160936482
-1.0,167.029037,0.31875701201187334
-1.0,165.164743,0.3187733146004261
-1.0,144.801172,0.31897867447655204
-2.199023255552E12,4.153837486827862E34,0.0
1.006053,2.0E-6,0.9999854793788356
1.0,148.801784,0.3189339006172598
1.0,166.817939,0.3187588397224852
-1.0,150.825177,0.3189121582551886
-1.0,161.19021,0.3188093274842332
1.0,166.285753,0.3187634680147191
-1.0,162.231633,0.3187997209041957
-1.099511627776E12,4.153837486827862E34,0.0
-1.0,165.003506,0.31877474184253995
-1.0,159.938322,0.3188210408165719
1.0,132.649726,0.3191311985397367
-1.0,163.029055,0.31879244794505124
-1.0,151.21622,0.31890802328403156
-1.0,151.21622,0.31890802328403156
-1.0,158.386472,0.3188358173754027
1.006053,2.0E-6,0.9999854793788356
-1.0,161.280825,0.31880848668836437
-1.099511627776E12,4.153837486827862E34,0.0
1.0,108.44356,0.3195366616596824
1.0,134.763309,0.31910269663637525
-1.0,159.098657,0.31882900028889327
-1.0,166.910917,0.3187580341394949
1.0,162.934855,0.31879330340224876
-1.0,166.244972,0.3187638238976599
-1.0,148.961454,0.31893216345382414
-1.0,165.623451,0.3187692693717411
-1.0,167.031801,0.3187569881114375
-1.0,166.098652,0.31876510222238497
-5.49755813888E11,4.153837486827862E34,0.0
-1.0,154.022287,0.3188789662473115
1.0,122.469307,0.31928223545789525
-1.0,126.323559,0.31922219579312816
-1.0,166.966973,0.31875754889015806
-1.0,159.357752,0.31882653530486127
Gen running time:32.3819141
253693025
