tstat, df, pval
-1.0,84.0,0.32018252154415383
-15.601656,142.389308,1.2692362976448252E-32
-1.12957,166.740642,0.260279834148065
0.525338,163.785286,0.6000587018941774
-0.932072,166.935817,0.3526453792006867
0.661368,166.714041,0.5092893479709208
-0.663319,166.457118,0.5080438414882505
-0.708433,166.592919,0.4796664965692595
0.513363,115.575452,0.6086773823198803
1.40528,84.0,0.163625725379555
-0.350087,155.589203,0.7267468691330432
0.76251,127.473637,0.44716433715984527
-0.308906,140.983315,0.7578490502994095
-1.064103,146.319336,0.28903496428313746
-0.082838,166.129168,0.934080080337687
-0.368259,166.991833,0.7131465181489058
-0.883911,144.110319,0.3782165181568957
-1.737432,143.999134,0.08444901404320876
3.35103,160.435642,0.001003956748805157
-0.572789,166.352376,0.5675609496730585
0.111113,167.00063,0.9116601673293401
0.460419,140.237484,0.6459286294884408
1.596422,84.0,0.11415009783528118
1.0,85.0,0.32014883321402565
1.430865,84.0,0.15617866347178877
-0.546211,164.555321,0.5856606905713924
-7.061213,157.341916,4.997454386450295E-11
-0.794696,120.044657,0.42835869446372443
-1.0,84.0,0.32018252154415383
0.69851,142.561537,0.48599619602886457
1.0,85.0,0.32014883321402565
1.164087,117.800744,0.24674098550793833
-1.676855,137.472927,0.09584332618701985
0.461565,153.918555,0.6450449446537585
-0.777387,163.007152,0.43805722681753756
0.884986,130.621368,0.37779037267030535
1.0,85.0,0.32014883321402565
-0.573836,151.21622,0.5669313060872118
1.0,85.0,0.32014883321402565
-0.328864,166.994922,0.7426705372404929
1.0,85.0,0.32014883321402565
0.318115,139.393279,0.7508737946476656
-1.0,84.0,0.32018252154415383
0.011895,167.029175,0.9905235826061385
0.008403,167.029037,0.9933054828421453
1.0,85.0,0.32014883321402565
-0.280282,167.033683,0.7796079831092896
-1.0,84.0,0.32018252154415383
-0.7473,127.960446,0.45625352443460176
-0.083125,166.082086,0.933852250737988
1.576328,84.0,0.11870911567642439
0.008403,167.029037,0.9933054828421453
-1.0,84.0,0.32018252154415383
1.0,85.0,0.32014883321402565
-1.0,84.0,0.32018252154415383
0.03885,167.025457,0.9690563774376051
0.791369,133.342369,0.43013412292878095
-0.446187,122.651151,0.6562488873728052
-0.053084,166.21071,0.9577287274101174
-1.0,84.0,0.32018252154415383
-0.459784,163.813453,0.6462809025519531
-1.349358,94.355601,0.18045093064095807
-0.381957,165.360545,0.702983664146825
-0.414906,166.961296,0.678743362264799
-0.828454,163.434838,0.40862162583232575
-0.751973,155.835536,0.4532015489792415
1.088956,113.293549,0.278484255652764
-1.146731,166.843331,0.2531346825330808
-0.883555,160.978832,0.37825410397881587
-0.951198,166.666598,0.3428812309600039
1.394245,84.0,0.16692058696443768
0.168395,164.694121,0.8664791643094594
-1.0,84.0,0.32018252154415383
-1.413737,151.021569,0.15949716926864232
-1.286728,167.010746,0.19996978121424935
-0.658294,166.193092,0.5112601162677772
1.763005,84.0,0.08153655600793641
0.866774,163.780649,0.38733392378265297
0.008403,167.029037,0.9933054828421453
1.305281,104.896955,0.19465302724036704
1.320824,118.094763,0.1891138298092332
-0.939771,166.954127,0.3486927038292791
-0.649611,164.653974,0.5168487338824932
1.024627,151.279135,0.3071748549345594
-6.200918,149.81133,5.196835202411009E-9
-1.407015,153.653983,0.1614424478385723
-5.090454,127.11668,1.2542550849510896E-6
-0.707416,148.735766,0.48041494867306667
1.402265,84.0,0.16452095896906282
0.206444,164.405107,0.8366995475476351
-0.12893,165.950043,0.8975691635907349
0.05189,165.916177,0.9586787629600433
0.008403,167.029037,0.9933054828421453
-0.119458,165.699907,0.9050572215244251
1.29615,122.950587,0.1973515385924478
-3.8971,162.577699,1.420276087698416E-4
-1.0,84.0,0.32018252154415383
-0.373308,166.214131,0.7093948984707801
-0.246726,160.113611,0.8054363324511907
-1.0,84.0,0.32018252154415383
1.727648,84.0,0.08772637673223849
-0.125514,164.819628,0.9002696084281836
-1.0,84.0,0.32018252154415383
1.81784,160.705517,0.07095096202734608
1.0,85.0,0.32014883321402565
0.896275,137.413288,0.3716733651868287
0.323659,140.23162,0.7466784032582483
-0.460706,166.936542,0.6456091533107824
0.008403,167.029037,0.9933054828421453
-1.416322,93.155064,0.1600164787347238
0.663793,163.560854,0.5077573882563367
1.0,85.0,0.32014883321402565
-7.69017,102.018652,9.513545476803388E-12
1.394245,84.0,0.16692058696443768
1.019067,126.516925,0.31011592313299197
-4.019088,137.527339,9.57943865756932E-5
-1.640286,112.590237,0.10373667288356347
-1.431235,85.0,0.15602939154587503
-1.355197,85.0,0.17894529470106535
-0.062639,166.814078,0.9501289643665024
1.0,85.0,0.32014883321402565
-0.324697,165.396231,0.7458207143173615
-1.0,84.0,0.32018252154415383
-1.16721,154.296193,0.24492622619266935
0.663397,99.953765,0.5086034809835596
-1.394558,85.0,0.1667832990062057
-0.421634,153.940905,0.6738803642694278
0.141922,166.595385,0.8873130995617491
-0.35516,167.026082,0.7229178129870482
-0.848823,156.742559,0.3972742752933184
1.0,85.0,0.32014883321402565
0.146482,166.542169,0.8837180592984133
0.008403,167.029037,0.9933054828421453
-0.218922,128.155351,0.8270590766965753
0.76251,127.473637,0.44716433715984527
6.822489,160.610462,1.7299717214314114E-10
-0.200468,166.52085,0.8413592087775376
0.494229,163.725545,0.6218069102019936
-2.117268,136.505383,0.03605067557795593
-2.857607,138.64232,0.004926966324152885
0.055081,158.099026,0.9561434774336703
-1.0,84.0,0.32018252154415383
1.417243,84.0,0.16011039638468372
1.0,85.0,0.32014883321402565
-1.0,84.0,0.32018252154415383
3.745289,108.615784,2.9020509828669994E-4
-1.0,84.0,0.32018252154415383
-0.226756,166.78838,0.8208911582493296
-1.355197,85.0,0.17894529470106535
-0.45453,162.529012,0.6500538788231869
-0.389959,166.530498,0.6970651649064991
-1.412187,85.0,0.16154561003144263
-0.573836,151.21622,0.5669313060872118
-1.091443,133.759028,0.27704008904506183
1.0,85.0,0.32014883321402565
-0.523047,113.186603,0.601963976694676
0.008403,167.029037,0.9933054828421453
-1.288782,85.0,0.20097053377138263
-0.755565,163.733978,0.45099561288630585
0.008403,167.029037,0.9933054828421453
-0.699992,165.751462,0.4849135978887874
-1.0,84.0,0.32018252154415383
-0.066198,166.669725,0.9472995279951061
-0.634225,101.451999,0.5273615009422712
-1.335907,100.277007,0.18460364358317838
-1.402429,150.249673,0.16284996370105553
-0.065872,162.51307,0.9475606971217575
1.696563,95.61714,0.0930326210460164
0.617423,104.237039,0.5383022148225978
-0.820876,161.156393,0.41292951208431294
-1.470553,91.740882,0.14483361446393683
-0.836181,166.880693,0.4042487804619407
1.432835,156.36609,0.15390125284289802
-0.564261,166.949,0.5733337925840332
0.617423,104.237039,0.5383022148225978
-0.57812,167.01414,0.5639617901750669
-0.217041,166.830536,0.8284415902516405
-0.078142,164.832665,0.9378098757818937
-0.529955,164.574683,0.5968573756507156
-1.360263,124.282093,0.17620886181780926
-1.0,84.0,0.32018252154415383
-0.171153,166.839336,0.8643108630892153
-0.279552,164.878116,0.7801716156556645
-0.35846,166.939402,0.7204519907646577
-1.0,84.0,0.32018252154415383
-1.705913,165.975896,0.08989481487069495
0.891577,166.694719,0.3739048344517615
-0.654875,99.563675,0.5140583463098933
-0.605121,164.15822,0.5459341972784849
2.065448,135.114457,0.04079190983737235
-0.799407,134.099602,0.42546816650739594
1.0,85.0,0.32014883321402565
-1.564675,164.756174,0.11957784740368083
-1.0,84.0,0.32018252154415383
0.707342,162.369676,0.4803679605573845
-1.177695,159.387647,0.24067369857488363
-0.023256,166.450547,0.9814739251030208
-0.603878,166.846398,0.5467449287579395
-0.942513,164.76041,0.34731000101465637
1.0,85.0,0.32014883321402565
-1.148885,160.714423,0.2523104027020777
-1.0,84.0,0.32018252154415383
-0.933854,165.397436,0.3517405251018543
-1.0,84.0,0.32018252154415383
1.245387,148.683697,0.21494861271230836
1.208919,142.889524,0.2286905957134926
1.0,85.0,0.32014883321402565
-0.270918,163.410494,0.7867960065314966
-1.072673,167.03444,0.28496515123262334
0.1708,164.473234,0.864590964953097
0.270883,164.446264,0.786820727941234
0.746015,152.194948,0.4568090657115427
0.031233,165.017401,0.975121466196476
-1.218774,166.898874,0.22464984787270048
1.0,85.0,0.32014883321402565
-0.441318,161.280825,0.6595738680565664
-0.407508,166.976773,0.6841568914852478
1.0,85.0,0.32014883321402565
1.01881,104.235241,0.3106520636659762
-0.806328,166.857129,0.4212014811100818
-0.919435,165.544651,0.35920585840283437
-0.173127,164.976963,0.8627638292423655
0.648166,162.414635,0.5177928754234182
-0.108693,166.2845,0.9135770431024806
1.0,85.0,0.32014883321402565
1.0,85.0,0.32014883321402565
-0.572742,107.625811,0.5680140042758957
1.0,85.0,0.32014883321402565
0.008403,167.029037,0.9933054828421453
1.0,85.0,0.32014883321402565
-1.839963,97.373569,0.06881990482878349
-0.110165,159.867356,0.9124166919823256
-1.330732,110.892387,0.18600702999772345
1.0,85.0,0.32014883321402565
3.889107,158.552358,1.4769171714790197E-4
-1.8631,163.550952,0.06424140049591444
-0.789378,164.804966,0.4310253017944712
-1.0,84.0,0.32018252154415383
-1.419304,85.0,0.15946727271776884
0.008403,167.029037,0.9933054828421453
-2.210904,165.164743,0.028416242759715365
-1.81829,144.801172,0.07108651392861418
-1.0,84.0,0.32018252154415383
1.0,85.0,0.32014883321402565
0.965081,148.801784,0.33607006863506883
0.298991,166.817939,0.7653190626260886
0.045075,150.825177,0.964107151943935
-1.095611,161.19021,0.2748833255617754
0.845329,166.285753,0.39914185820882353
-0.854231,162.231633,0.39423664049077045
-1.0,84.0,0.32018252154415383
-1.555404,165.003506,0.1217658341977047
-1.014594,159.938322,0.31183179164050545
1.064436,132.649726,0.28906500138123326
-1.391263,163.029055,0.16604134666324666
-0.573836,151.21622,0.5669313060872118
-0.573836,151.21622,0.5669313060872118
-0.025936,158.386472,0.9793410344982225
1.0,85.0,0.32014883321402565
-0.441318,161.280825,0.6595738680565664
-1.0,84.0,0.32018252154415383
1.172544,108.44356,0.24354803905109002
1.321679,134.763309,0.18851434464308858
0.523628,159.098657,0.6012659151560671
-1.073631,166.910917,0.28453780322137645
0.11578,162.934855,0.9079694731461028
-0.957411,166.244972,0.3397500889609485
0.12075,148.961454,0.9040517749936794
0.025108,165.623451,0.9799990448385159
-1.069483,167.031801,0.28639516550764255
-0.333276,166.098652,0.7393462762324634
-1.0,84.0,0.32018252154415383
-1.795007,154.022287,0.07461346136462141
1.796957,122.469307,0.07480700902556858
0.42776,126.323559,0.6695542036959734
-0.091802,166.966973,0.926965404180402
-1.019257,159.357752,0.3096258756015372
