tstat,df,pval
-4.469078,584.744895,9.435657489500184E-6
-0.398832,1003.482387,0.6901018494298542
-0.300825,867.297148,0.7636200431142082
-1.468787,616.873254,0.1424003163807792
1.263092,1032.663794,0.20684122804423621
3.326301,674.85566,9.277676976933158E-4
-1.394643,938.482068,0.16345353877445634
-1.947122,781.273017,0.051878084603593645
-0.713482,968.415991,0.4757194492881307
0.545693,1018.77372,0.585396444043675
0.163205,831.116673,0.8703967046049044
-1.233693,875.070415,0.2176485748973016
1.215437,749.978942,0.22458193143649652
-1.653342,946.707294,0.09859281337376591
-2.610545,754.657834,0.009219171500966107
-0.154368,1026.308396,0.8773499335001749
-0.30202,1029.840686,0.7626977973853025
-1.481963,983.763828,0.13867037512070002
-1.409837,1034.775077,0.15888830231033924
-0.478843,1034.803362,0.6321514853666905
-0.9486,1027.858517,0.34304706147277964
-2.553643,648.305721,0.01088793998897673
-7.821494,928.550164,1.4148319297240433E-14
-0.372483,1025.776803,0.7096102105367477
-2.118252,968.951162,0.034407774364663773
0.143098,1018.470261,0.8862410897623427
-4.880142,617.450456,1.351061443648066E-6
-0.832282,836.453083,0.40548733986879804
-1.011071,968.091101,0.31223508121593035
-1.89554,651.967891,0.0584629068337278
-4.127077,887.920316,4.01989231103259E-5
0.692005,613.496528,0.489196000566976
-1.592413,710.115216,0.11173694687718605
-1.37908,701.376042,0.1683096902097584
-2.45336,880.327711,0.0143457648628753
-3.118551,972.107038,0.0018709119438953578
0.796219,853.954687,0.42612603998841037
1.579675,578.017603,0.11472836116996632
-2.188144,597.974824,0.029045341073797002
-1.308847,786.244313,0.19096860118177283
-1.0,507.0,0.3177875322620498
-4.007082,593.034412,6.930028460664673E-5
2.777988,966.404067,0.005575595727777882
-1.445753,894.745253,0.14859665666611654
0.974385,1034.127113,0.3300932781238748
0.384624,942.714329,0.7006027592381077
2.043047,929.424736,0.04132940585896172
1.838748,595.403036,0.06645011186383099
-0.033845,1011.932593,0.9730074261566696
1.331021,1012.282561,0.18348179931544428
1.130128,1012.206757,0.2586900155743961
2.06181,824.199019,0.03953884672057639
2.691999,977.424697,0.007223901879215733
-0.473232,775.250397,0.6361808873561676
0.075926,1034.43342,0.9394926526948431
1.108653,836.588384,0.26789851529679476
4.589486,961.714334,5.031599056959379E-6
0.45157,888.440613,0.6516889960515826
2.616536,1021.319115,0.009013861035224169
0.060703,1014.911181,0.9516076934751219
-0.861043,985.275665,0.3894238462884143
-3.540374,934.456194,4.192748209924673E-4
-0.301703,1024.741217,0.7629396960649419
-0.180756,1032.067381,0.8565945888064447
1.0,483.0,0.3178112230547847
-0.131723,877.355852,0.8952335926173298
0.239772,1034.985095,0.8105544915034324
-0.437782,883.872438,0.6616512774529111
-1.822349,599.128786,0.06890038697145574
0.058056,1034.401701,0.9537152349726152
2.435445,953.32857,0.015055874265044844
0.442111,1027.422829,0.6585019295372119
0.652635,1034.475956,0.514136614417924
0.119308,883.735066,0.9050584608883021
7.343646,953.068121,4.4564352208453784E-13
0.21307,1000.930703,0.8313157515204128
1.819938,710.655136,0.06918899802182499
0.062556,1015.700794,0.950132375342968
4.124884,989.636928,4.020792082681801E-5
2.178558,812.29905,0.02965135145493547
0.889006,909.872434,0.37423482391928387
3.79428,1008.397535,1.5688808605007765E-4
2.58088,586.753107,0.01009655697853229
0.899777,978.925694,0.36846021691741804
0.9631,857.309634,0.3357689113839637
4.948223,864.467855,9.001646263939733E-7
1.067927,815.838091,0.2858693340390408
0.612018,1034.626627,0.5406603160756038
2.270388,614.853814,0.02352921528627161
0.38429,1031.624971,0.7008427161743851
2.75151,738.146561,0.006077599029935765
0.420493,1005.881293,0.6742151557410967
2.783169,977.035741,0.005486890538277667
3.158877,817.701643,0.0016419978812569624
-0.301703,1024.741217,0.7629396960649419
1.887874,862.11982,0.059378473382345476
2.927313,934.912178,0.0035019084846996673
1.000337,897.947392,0.3174169337275421
3.395543,962.039693,7.12934359921702E-4
4.034787,993.226356,5.8846499744413805E-5
4.101296,1015.046703,4.437170858495598E-5
4.998939,906.452552,6.918948800560543E-7
2.023361,894.599471,0.043332863447890224
-0.367869,1028.689634,0.7130465934866528
-1.842318,949.393392,0.06574033388559021
-0.255908,1021.188006,0.7980734155185308
-0.877124,920.033127,0.3806482619970657
-1.339063,996.049157,0.1808556627854434
-1.677204,994.740707,0.09381676301433872
-1.0,507.0,0.3177875322620498
-1.0,507.0,0.3177875322620498
1.256785,1032.580354,0.20911571988148236
-1.834641,697.354621,0.06698473746724766
-0.780669,721.250526,0.4352533354045097
1.734602,995.579448,0.08312082600267368
1.775178,842.979978,0.07622926753223336
2.693845,784.153659,0.0072142819532545754
6.023304,988.989339,2.4072268622887805E-9
0.460312,684.863692,0.6454384006758611
0.427258,1025.927063,0.6692810747628588
-1.237294,710.582263,0.21638666810132057
-2.760104,785.249136,0.0059129716271376625
-0.420261,1035.00031,0.6743820301720604
-0.840205,1035.000815,0.4009875010285554
-0.615699,989.332323,0.5382348107064312
-0.723694,988.0644,0.4694249130447592
0.216662,1031.790296,0.8285145939644873
0.738779,961.643466,0.4602214763350261
-0.65952,927.43286,0.5097256382171969
0.37895,1034.406329,0.7048027622405213
-0.901484,1034.401936,0.3675408833906787
-2.341805,656.061431,0.019488975044289352
-2.542606,842.672298,0.011180783246143433
-2.967618,523.743979,0.003138396723526459
-0.69587,582.929407,0.4867875809181159
-5.190826,890.556054,2.5944588010278554E-7
-2.163909,877.66024,0.030740489331383836
-2.030288,828.176663,0.04264639115960813
-1.37908,701.376042,0.1683096902097584
-2.307601,910.004327,0.021244927567349924
-1.281256,932.177046,0.20042239559494857
-0.071684,1020.711914,0.9428674324191112
-4.489077,656.09807,8.449123222472141E-6
3.860636,908.379167,1.2110302540513374E-4
0.700269,826.387768,0.4839564216845531
-0.230138,1026.435077,0.8180303933324015
-1.467448,634.710244,0.14274955426393998
-0.393318,1032.705193,0.6941658081037354
0.406766,1016.930977,0.6842654540295783
1.157982,576.475329,0.24735090411337035
-0.131723,877.355852,0.8952335926173298
1.008912,853.463347,0.31330278689420576
-0.423577,945.330889,0.671970685926514
0.429134,910.056732,0.6679272779042453
-6.625913,992.792991,5.649805134411512E-11
-1.579541,981.447941,0.114534236175584
-1.36847,838.516202,0.17153153874757132
-2.142926,996.20731,0.03236076760487315
0.20498,1035.001488,0.8376280548609611
-4.004362,843.248991,6.766802634414384E-5
1.292578,970.676981,0.19646464682081155
-1.201219,945.286412,0.22996714433878962
6.991647,880.990822,5.366596056433082E-12
1.0,483.0,0.3178112230547847
0.301664,866.990836,0.7629805556204854
2.265126,740.757566,0.023792978558642153
5.13399,895.302084,3.480517443144038E-7
-0.664694,995.455408,0.5064001792352724
0.405566,1013.167565,0.6851471428600355
2.379339,650.03336,0.017631345665656273
3.12371,948.42324,0.0018400749850342457
1.365583,757.513888,0.17247522681412342
4.444647,666.394196,1.0309653317941425E-5
5.887258,944.164359,5.452549522999561E-9
4.317878,949.616257,1.740819653095471E-5
1.763599,573.015948,0.07833239138384074
4.249812,1028.50825,2.3337621158470157E-5
-2.670919,916.852175,0.007698396602720818
0.475915,1002.808497,0.6342385947704894
2.055314,990.619075,0.04011041452216313
7.726969,862.951152,3.064215547965432E-14
2.93452,832.807274,0.0034324219776358245
2.414066,986.203367,0.01595687759599418
1.953734,1012.74796,0.05100767387506622
7.870028,785.022106,1.176836406102666E-14
1.720362,1015.867787,0.08567119257468558
1.566942,718.461583,0.11756855812936129
4.586086,584.628741,5.527880022171416E-6
1.080598,775.251309,0.2802120130944148
0.596946,881.603441,0.5506967011700457
1.237682,1010.366813,0.21612153406953016
3.261568,786.466084,0.0011557271244979628
0.48113,1001.393198,0.6305292153219517
1.820658,1023.566023,0.06895074149460956
2.306685,708.947405,0.021359816256606434
1.922587,1034.815806,0.05480618367061507
-0.523174,964.243764,0.6009733726682298
1.223441,994.014987,0.22145311697650305
3.183217,567.429789,0.001536246915992745
2.009507,1033.565919,0.044742955587623534
3.348861,663.047744,8.57381299217419E-4
2.275707,657.406637,0.023184463316626935
4.533214,593.239119,7.0296932743740825E-6
3.307236,601.092233,9.984240046148063E-4
-0.782652,960.816799,0.4340243440257989
-0.93213,563.412184,0.3516686034758938
-1.066855,553.505863,0.2865024227877426
1.904995,654.680163,0.057218628109743985
1.879548,1029.945938,0.060451838556558
1.280719,802.709402,0.20066229859315454
7.0945,661.571407,3.3490987760842472E-12
0.08938,1034.484732,0.9287972182672111
1.438797,699.981327,0.1506550237942177
1.924553,1017.114617,0.054564004351607576
1.951787,656.996843,0.051387991259788546
-0.18934,742.583357,0.849878085344093
-2.971821,783.695145,0.003050975068645856
1.648123,687.074436,0.0997846067530117
-0.7138,979.95289,0.4755208262305324
-0.233692,808.931062,0.8152832245860033
-0.596315,1030.330261,0.5510957969884718
1.150879,569.076553,0.2502653575126046
2.001459,574.863569,0.04581245395679101
-1.000886,507.0,0.3173593724017245
1.0,483.0,0.3178112230547847
2.180609,707.942142,0.02954087522569293
2.307588,680.180178,0.02132136667047302
3.233996,1029.136637,0.0012595437311337943
0.477997,997.516153,0.632757070893569
1.0,483.0,0.3178112230547847
4.962665,949.261282,8.238737754240333E-7
2.097522,1026.778873,0.0361914083926691
6.30364,985.40666,4.379463458548116E-10
3.456819,981.793732,5.700191326247772E-4
0.530777,1034.722822,0.5956872191958376
0.271137,985.89842,0.7863424226188633
-0.395718,1003.75092,0.6923971672190417
-0.072593,968.599953,0.942144984133909
-0.25574,973.045389,0.7982056568124051
0.500314,986.875094,0.616965544426064
-1.193168,937.510852,0.23310544670555355
0.513794,1017.139839,0.6075076169847451
2.911433,1033.825348,0.003675001326491012
2.102408,1000.942241,0.03576684010702502
3.945277,911.238154,8.583082813284904E-5
3.643967,936.179073,2.8322837449579197E-4
-1.0,507.0,0.3177875322620498
-0.574636,911.902043,0.5656792293460958
0.794633,950.496581,0.42702537741354485
-3.659826,539.185634,2.772106792027404E-4
0.135032,812.845412,0.8926200031281302
-1.007066,982.400189,0.3141510351052861
-1.060722,1009.145743,0.2890700537355507
-0.011882,945.44094,0.9905222654537243
-1.291815,876.840307,0.19676160464283754
-0.529407,887.684933,0.5966555088501337
-0.081388,1028.677705,0.9351492241060714
-0.917518,998.195645,0.35909289347729734
0.15943,1030.651375,0.8733613413703354
1.215107,1004.715528,0.224610751342754
1.790743,969.985005,0.07364628530390016
-1.102314,857.347597,0.2706345224779473
-1.065834,787.974126,0.2868251531835011
1.610097,813.841285,0.10776445414313152
1.189141,764.79053,0.23475325543890513
2.520832,876.179551,0.01188428473203107
0.965858,789.575152,0.3344109730618432
0.555314,892.007914,0.5788191368035001
0.901337,901.66358,0.3676498551529228
-1.177414,811.562787,0.23937547779060497
3.431186,1032.489978,6.247459057513449E-4
-1.121579,542.708553,0.26253748822250444
1.724263,789.658804,0.0850517291601256
3.975614,609.064924,7.862255289703413E-5
-2.388604,748.469065,0.017159367723161435
-1.862984,867.742369,0.06280220565228103
-3.084335,1030.905258,0.0020943980366454336
-7.984666,918.700032,4.194008568141024E-15
-1.206427,904.710723,0.2279682644664216
-1.634498,982.277599,0.10247473928195239
-0.071838,992.907033,0.9427452985402301
-1.310381,767.437516,0.1904590166015162
-1.450167,661.167424,0.14748615626453943
-4.16235,947.737569,3.436567190320789E-5
0.189443,838.306292,0.8497914828452817
0.546416,1029.873878,0.5848983682888591
-1.617612,883.61578,0.10610313514241787
-3.81731,914.233514,1.440023552467298E-4
-0.48306,1032.905997,0.6291555040822372
1.0,483.0,0.3178112230547847
1.624585,700.376029,0.10470092449268709
-0.147557,1021.47935,0.8827215119711418
1.077086,970.902003,0.2817093934974524
0.466677,1034.65344,0.6408292343366213
3.665582,711.423087,2.6514532077714925E-4
0.652331,1034.999182,0.5143325119765174
-1.679092,836.484379,0.09350757213380201
0.442828,1023.932393,0.6579836821506075
0.316687,1032.310665,0.7515451423514927
1.0,483.0,0.3178112230547847
4.770756,796.949838,2.182694730956669E-6
0.421813,1034.662776,0.6732491399322762
1.732275,769.647059,0.08362523677099243
-1.642159,1032.958393,0.10086143023883187
-7.996298,838.074385,4.245859218275885E-15
-2.630022,723.188325,0.008719523470428793
-5.256929,862.525406,1.8478266465538462E-7
-9.43437,1019.264535,2.5741716046592656E-20
-5.126823,833.563646,3.66538835625605E-7
-6.133145,991.357732,1.2429280474651296E-9
0.99673,975.573206,0.31914273745022514
-1.137139,725.285596,0.2558557215813634
-0.69923,790.483544,0.4846139921913135
3.141447,991.450139,0.001730989474082456
3.350546,1032.490561,8.357244558019339E-4
4.617661,925.429339,4.429249621518139E-6
4.471685,858.825827,8.801942411151842E-6
0.058056,1034.401701,0.9537152349726152
4.237888,545.023229,2.6496107520479484E-5
-0.096021,1002.656238,0.9235230817596477
1.0,483.0,0.3178112230547847
5.651508,967.186358,2.091924700131642E-8
2.248328,826.169095,0.024818163153036643
-1.67187,651.798141,0.09502990733146521
1.607244,987.890467,0.10832039710451724
1.678394,543.165814,0.09384539632428313
-1.0,507.0,0.3177875322620498
-0.406855,588.162928,0.6842624999246503
0.976191,1019.914165,0.3292012990164861
7.813892,1032.444578,1.354472090042691E-14
6.641835,1034.573151,4.9964921089440395E-11
-0.457294,957.695267,0.6475634563314449
5.104968,920.61819,4.0199469952817424E-7
-2.004444,721.67333,0.04539567028055313
-4.491314,849.671021,8.056252323943116E-6
-4.375714,836.992866,1.3632517016710656E-5
1.086698,1034.902585,0.2774233361870104
3.673733,1031.889348,2.51312331387199E-4
-2.319164,928.136961,0.020602468412019813
1.486184,728.03412,0.1376633612081688
-3.256884,871.802666,0.0011699279821019235
-1.402511,650.760222,0.1612395685809661
-3.586305,882.990618,3.5380941528835065E-4
-3.304872,695.163517,9.989655142707632E-4
-0.120888,1030.350275,0.9038033166899212
-7.380769,754.975033,4.161428517940471E-13
-5.819802,702.710029,8.955527513265038E-9
-7.225989,693.250563,1.31551386165795E-12
-3.207373,639.205494,0.0014064111458392346
-0.764289,962.569893,0.4448823499250367
-8.463611,654.356191,1.698392446896312E-16
-4.270342,622.912736,2.256430073446832E-5
-3.607628,931.888991,3.2543614775950235E-4
-4.65435,602.825713,3.999213771308409E-6
-4.760023,866.740264,2.267572950690797E-6
-2.377986,709.244821,0.017671483159099118
-0.660912,928.102409,0.5088327671779509
-0.968642,860.890839,0.3329958868975734
-1.189889,859.613374,0.2344185486613496
-1.0,507.0,0.3177875322620498
-1.0,507.0,0.3177875322620498
-1.37067,533.719868,0.17105400175988217
1.51359,546.033473,0.13070843957747358
-0.791152,1017.025634,0.42903975750212653
-0.10455,930.194045,0.9167554296032157
-1.0,507.0,0.3177875322620498
-0.390388,1012.370737,0.6963317870859448
0.604044,942.267081,0.545959786611204
0.677005,1033.611052,0.4985542665005229
-1.979581,1017.645633,0.04801975131292533
-2.166616,987.447463,0.030502740802867988
-2.111416,591.67458,0.03515528383144989
-0.619574,1025.890149,0.5356758631687684
-0.691096,1028.868694,0.48966110719892453
0.012966,1034.987528,0.9896574174709736
-0.324926,998.369667,0.7453051518727787
-0.301272,1030.247753,0.7632678846144368
0.12085,1031.96618,0.9038333712314952
0.239835,900.188135,0.8105127728883825
0.583802,707.265221,0.5595396653927378
0.571933,1030.575183,0.5674920906611267
3.639722,1009.213082,2.8677297261303636E-4
-0.111154,1004.874832,0.9115164249075536
1.768608,839.408743,0.07732244984362113
0.810258,1015.297882,0.41798177787651225
0.823498,1033.758413,0.4104147892146308
0.901784,997.194668,0.3673893735183338
0.456501,997.113473,0.6481291707111938
-0.612643,927.942866,0.5402625227983514
-4.067899,941.603514,5.1410333579963556E-5
-3.297817,577.34083,0.0010343091592342083
-1.082098,1014.02648,0.27946624114996
-2.790358,547.626477,0.005448493709851148
-2.139369,702.841786,0.032749645276302926
-0.472541,840.502567,0.6366633561157871
-0.475206,994.449163,0.6347445036713515
-0.614721,1020.704379,0.538875995136475
1.115464,905.593361,0.2649475478615866
-1.0,507.0,0.3177875322620498
-0.907625,914.595269,0.3643154583473639
2.237979,559.324556,0.02561522921340953
0.984341,894.052624,0.3252141774535948
-2.215707,971.843121,0.02694266534184521
0.483646,715.194225,0.6287851638327946
-1.064266,799.020925,0.28752972876726723
0.627474,820.382438,0.5305231751458301
-1.159943,962.059537,0.24635979265441033
-1.24373,528.417462,0.21415041484091846
-1.136341,571.343636,0.25629027488724376
-4.638538,789.312612,4.106268371766213E-6
-0.816912,1006.403083,0.4141720518640152
-2.140738,933.343108,0.03255370668920343
-1.592028,942.870691,0.11171359302334594
2.962758,1034.90097,0.0031186871827484364
-1.989216,960.537474,0.04696064926357808
1.543789,975.959529,0.12296362779755943
-0.539229,1000.408035,0.589848834167788
-1.517419,1007.776548,0.1294745441278845
-0.32382,1034.782889,0.7461397492313597
-0.851308,868.097895,0.39483304808219855
-1.703051,1029.279561,0.08886042032569896
0.657943,980.728037,0.5107291599919257
-0.730655,1021.547669,0.46515744506128565
-2.926173,535.454142,0.003577265976531825
-0.593832,828.857243,0.552786508844221
-0.54722,989.100364,0.5843510401130083
-1.0,507.0,0.3177875322620498
-2.151079,647.43135,0.031839332037764595
-3.132043,542.110845,0.0018296456030650694
-3.358769,623.000218,8.306576264016078E-4
-3.067556,1030.318108,0.0022145196817919825
0.504066,682.458449,0.6143776824606295
-0.280045,1018.708562,0.7794998346052153
-1.932433,783.60735,0.05366618856310502
-0.79996,700.842005,0.4240050321703862
-1.468787,616.873254,0.1424003163807792
-0.702439,967.264398,0.4825744341387046
-2.899512,665.066956,0.0038606884870289898
-1.014122,797.625532,0.31083206133263597
-0.128417,1029.182315,0.8978440672591058
1.204794,1034.891237,0.22855827667084117
3.953916,948.867922,8.259679274247311E-5
0.481539,1022.579894,0.6302364989619882
0.909544,1017.786003,0.36327837641560334
1.028255,1026.762712,0.30407205754265076
4.616064,586.659891,4.807656311056618E-6
1.299117,842.463689,0.19425920052372225
0.051285,963.833702,0.9591090469256027
0.928756,807.938863,0.3532929374610645
-0.395718,1003.75092,0.6923971672190417
-0.395718,1003.75092,0.6923971672190417
0.280846,802.506957,0.7789009087458518
-0.105042,786.173607,0.9163692750668817
-0.332092,1034.039536,0.7398870931282938
3.348886,860.694232,8.466212737090473E-4
3.367691,784.038084,7.949754159981559E-4
-1.484709,822.164867,0.13800421324235335
-0.77296,927.266773,0.4397430373372532
0.839584,950.509839,0.4013527885054038
-1.647367,642.97236,0.09997121703527345
-2.449862,546.849261,0.014603556409400368
-1.0,507.0,0.3177875322620498
-2.748187,519.984701,0.006200774036594141
-2.062479,555.841224,0.03962622245778982
-3.515623,843.322092,4.621157049484975E-4
-2.663194,697.261241,0.007918928649083216
-1.0,507.0,0.3177875322620498
-4.994656,529.103344,8.018480018994563E-7
-3.20471,534.180877,0.001432729473645341
8.352475,996.141013,2.220446049250313E-16
2.153803,982.691038,0.031498253407366006
1.453681,902.795035,0.14638229318388518
1.001131,483.0,0.31726476058852526
-2.844228,646.454623,0.004592697327404303
3.006422,899.89427,0.002716851679297916
1.115933,809.295879,0.26478204462890176
0.624568,866.027892,0.5324191311167832
0.949923,995.362915,0.342381963287993
-0.25921,1028.940719,0.7955250645011818
-2.576803,683.677853,0.010180420685989122
4.877813,992.424374,1.248811260401439E-6
-0.204814,839.737154,0.8377670810529267
3.559978,963.092877,3.8901021258475055E-4
2.041889,700.942237,0.041536365703260136
0.004679,981.151141,0.9962676629045251
-0.48441,1034.281995,0.6281974835170598
0.969748,572.561797,0.33258158335105326
-3.062501,707.660835,0.0022781553770402575
-1.310381,767.437516,0.1904590166015162
-0.395718,1003.75092,0.6923971672190417
0.441618,995.899353,0.6588615247384266
0.447514,999.807541,0.6546009204103995
0.87987,770.320921,0.3792041388509855
-1.390739,636.448912,0.1647906383777068
0.772849,860.047482,0.4398240910266429
-0.250801,1031.821418,0.8020179009351169
-0.476877,995.691358,0.6335543523568762
-0.709151,605.204869,0.47850386687175217
-2.895735,689.703709,0.003902393153413966
0.75798,973.714279,0.4486463603479951
0.42655,932.864612,0.6698055353887336
0.065072,1034.943535,0.948129240610651
-1.430609,560.98616,0.1530990681140586
-1.0,507.0,0.3177875322620498
-0.451965,943.500927,0.6513980791142449
1.113085,904.961469,0.2659674955537561
-1.776747,572.351305,0.0761409454815243
-1.613447,858.024411,0.1070151199628524
0.124964,997.751875,0.900577223192943
0.239255,1026.435033,0.810955620762015
0.361154,1029.675173,0.7180584131513381
8.633785,1022.595597,0.0
-0.777508,1030.72645,0.43703753087377983
-0.767626,864.790913,0.44291894517245123
3.576217,845.117046,3.68398914852186E-4
3.740017,1006.926141,1.9438740369870366E-4
5.714253,936.873222,1.479924693903456E-8
-1.000885,507.0,0.31735985543819023
0.834815,1014.807957,0.4040183597311484
-2.015839,1020.09319,0.044078615852996134
1.302159,997.636195,0.19316258794128216
1.778315,746.603126,0.07575901807989394
-3.875132,523.04995,1.2010658313345934E-4
1.914396,755.891528,0.05594683144097501
-1.0,507.0,0.3177875322620498
5.458361,860.313195,6.28834573301873E-8
7.965678,1023.57901,4.440892098500626E-15
8.463298,1023.413016,0.0
4.56339,1006.388476,5.654350371031569E-6
4.005567,1001.115905,6.644730048166458E-5
0.280683,965.087585,0.7790137072301562
8.674887,1016.863572,0.0
0.059713,1034.107002,0.9523957549592361
4.510889,831.275081,7.384319231196201E-6
3.205054,954.828867,0.0013951743023439267
7.34259,993.651663,4.3565151486291143E-13
1.532205,1033.680042,0.12577783226041284
1.684257,909.180516,0.09247524225943637
-1.467448,634.710244,0.14274955426393998
-3.402195,586.149681,7.140292338633572E-4
0.804256,1032.358049,0.4214343028839771
1.476584,613.120993,0.14030059344762602
-1.0,507.0,0.3177875322620498
-1.382359,962.690293,0.16718211270937477
-2.291113,526.002452,0.022351402307588957
-1.605851,720.342637,0.10874491095885686
1.201365,1034.405707,0.22988463870021114
2.460081,1029.490371,0.014053975617034142
-1.942382,647.893941,0.05252384006139236
-0.813603,1025.22341,0.41606133136879053
1.596564,555.012658,0.11093211357761801
0.394867,847.628381,0.6930403849788476
1.09543,720.985218,0.2736940824635612
1.831403,935.511064,0.06735828569087854
0.472953,791.024635,0.6363771846823472
-2.02488,783.7429,0.04321825852012574
-0.031687,1017.981574,0.9747278735234178
-3.784707,800.564275,1.653765092776179E-4
-0.959085,798.356379,0.33780628352371067
-0.926528,817.3107,0.35444515862134673
-1.58505,662.316289,0.11343229203028704
-1.013973,725.65992,0.310933593747279
1.594803,732.216445,0.11118780949805473
-2.164944,577.494589,0.03080085820356052
0.111274,886.712547,0.9114242540244095
-1.07761,1006.977344,0.2814659163497719
-2.601974,847.102221,0.009430736055168419
1.428076,628.692884,0.15376654339030238
-0.184415,1009.324837,0.8537249483203477
-1.571385,1009.270644,0.1164066726882721
-1.187058,1007.67195,0.2354845058612539
0.812998,1003.110764,0.4164121181257816
-0.264525,1028.084809,0.7914284235562152
-0.031885,1029.408048,0.9745699416524679
2.195337,842.940556,0.028411367693932155
4.159155,1009.952944,3.465720379791648E-5
3.91899,914.344385,9.555283285678229E-5
3.087195,952.644251,0.0020790055606279
-1.239441,1004.616532,0.21547168725824128
-0.89051,982.631721,0.37341007763804235
-6.549579,929.641113,9.536560731596489E-11
-3.444504,582.540503,6.132436448767532E-4
1.566883,1019.082904,0.11745248378541762
4.55989,789.842344,5.929993416531332E-6
3.541539,903.24845,4.181421367259741E-4
2.557132,982.409156,0.010703184317479186
4.905667,1031.476746,1.0813276531962401E-6
1.575494,1026.433527,0.11545060675344532
1.585511,1018.723242,0.11316062103271829
0.930293,891.107246,0.3524713472311545
2.9008,746.198233,0.003831591679965385
2.794424,942.681309,0.005304700449572097
0.409239,1028.978963,0.6824494432250963
2.396309,800.206126,0.016789748176311292
3.383352,945.669746,7.454612087176571E-4
2.471538,1007.533069,0.01361772524748428
4.226777,879.701701,2.6182568209964785E-5
3.894354,919.49667,1.0558529369686376E-4
-0.926132,1011.566318,0.35459828074433697
4.119558,795.789389,4.1933460388721144E-5
0.310441,1033.267695,0.756288226360831
1.0,483.0,0.3178112230547847
-1.31481,985.502313,0.1888796397102851
2.083666,1031.374306,0.03743630072256954
-1.154742,972.093933,0.24847987440214359
1.33086,1034.019825,0.18352846245648324
1.070137,968.766217,0.28482419431228245
-0.198602,986.565714,0.8426150072184049
-1.373905,1008.992793,0.16977631127483728
-2.112293,703.811812,0.03501298779364963
3.771853,885.158372,1.7281066694652125E-4
-0.547424,893.606416,0.5842241615691325
-1.37908,701.376042,0.1683096902097584
1.228703,572.198225,0.21968827318643358
1.805892,1006.852902,0.0712337594909489
-1.0,507.0,0.3177875322620498
-2.348105,606.514301,0.019189457048316132
2.1049,913.702189,0.03557254658323927
-5.809546,844.161876,8.871484833765352E-9
-1.468787,616.873254,0.1424003163807792
0.387822,921.033603,0.6982373746293666
-6.549515,803.302475,1.0297474687764785E-10
-5.589906,884.018994,3.0269376507290294E-8
-3.202682,744.453874,0.0014194752586742753
-5.286581,748.091086,1.6370741549793173E-7
-1.338361,920.458393,0.1811092803314781
0.257409,1033.865165,0.7969142782698255
0.168155,980.265421,0.8664960279672218
1.0,483.0,0.3178112230547847
-0.620618,868.338201,0.5350138452888809
-2.827252,847.54076,0.004805531225267599
-2.57537,812.615191,0.010189006545081975
-3.047403,538.827539,0.0024214508252097776
-1.911141,704.458025,0.056392020263505024
0.708832,787.131901,0.47863861389108653
-1.0,507.0,0.3177875322620498
-0.923481,736.925619,0.3560588644847188
-1.0,507.0,0.3177875322620498
-2.3689,679.601245,0.01811971389414905
-2.035895,631.522212,0.04217773095624882
-3.059894,713.890468,0.0022970767470810636
-1.25546,586.118576,0.2098120992246456
-1.310381,767.437516,0.1904590166015162
-1.0,507.0,0.3177875322620498
-2.601866,848.941882,0.009433330238823921
-2.47134,813.184932,0.01366463261345677
-2.963898,1018.009418,0.0031084166746185287
0.696087,1034.553546,0.4865306932072029
-3.362233,859.742532,8.072834266145155E-4
-2.95649,663.357363,0.003222137274944862
-3.690832,737.556185,2.3998679851817208E-4
-0.028222,1007.957369,0.9774906773093568
-9.706185,746.388879,4.681797640681326E-21
-0.769913,1019.344111,0.44152988282866534
-6.178035,875.395527,9.932009855535573E-10
-5.426567,993.625568,7.218661970268002E-8
-1.0,507.0,0.3177875322620498
-5.395308,814.77177,8.97241416008629E-8
-6.970282,835.319069,6.4222090988603594E-12
-6.262611,756.044755,6.347062382622537E-10
-2.061278,823.462432,0.039589955450427844
-3.811311,1027.672092,1.4644464904563077E-4
-5.712468,757.125405,1.600256381010496E-8
-0.395718,1003.75092,0.6923971672190417
0.116366,1031.131624,0.9073851393169667
-2.483201,642.157397,0.013274932930137701
-3.726787,582.270038,2.1284776565491493E-4
-2.783399,662.268693,0.005532682945280184
-1.0,507.0,0.3177875322620498
-2.423673,973.831601,0.015545745723866246
-3.641866,651.476722,2.9217153794171757E-4
1.253939,811.165582,0.2102254230699625
-8.955844,798.02256,2.339881628426652E-18
-3.393115,1017.838692,7.176447677344523E-4
-5.260177,666.226761,1.9419558749874183E-7
-2.157734,654.41039,0.031311707505806044
-0.395718,1003.75092,0.6923971672190417
-0.395718,1003.75092,0.6923971672190417
2.134733,554.390083,0.03322070571251068
-2.216128,917.509736,0.02692742446645717
-1.740458,658.628527,0.08224566050852962
-1.0,507.0,0.3177875322620498
-7.04384,722.787889,4.363641107800501E-12
-7.115536,893.795994,2.28648689718048E-12
-1.468787,616.873254,0.1424003163807792
-1.0,507.0,0.3177875322620498
-8.952106,653.148991,3.590159480747089E-18
-2.556625,986.439048,0.0107180773614415
-1.008936,1031.607008,0.3132419145956825
-4.894382,824.791602,1.1862322050126458E-6
-0.868071,711.843203,0.38564801593265907
-1.684923,596.302841,0.09252666012168376
-3.639846,571.884943,2.975228780554524E-4
-1.0,507.0,0.3177875322620498
-2.906382,829.027526,0.003753759635988102
-2.992252,741.657452,0.002861146451512877
0.059623,1034.402073,0.9524674161164266
-4.195641,666.344952,3.089588387684392E-5
-5.600683,679.703735,3.101567291271321E-8
-2.545562,760.721372,0.011106437776700624
-4.304873,895.552278,1.855081745905014E-5
-1.0,507.0,0.3177875322620498
-2.959564,550.863029,0.0032132612666820244
-5.326941,591.65326,1.421392089478542E-7
-1.757838,1004.739228,0.07907955733206448
-1.0,507.0,0.3177875322620498
-1.143702,906.825507,0.2530490628673169
-2.373737,588.649775,0.017929002386381947
0.050223,978.74505,0.9599549304975878
-1.589501,942.792127,0.11228258708070304
1.172038,1034.519212,0.24145163735137842
-0.43159,933.364555,0.6661390984658333
1.003402,1034.381034,0.3159016051541381
-1.277995,766.612388,0.2016380175848893
-0.024446,1033.618085,0.9805015750918042
-0.236435,984.455,0.8131443237659924
3.403222,955.911603,6.936056393147538E-4
-0.851308,868.097895,0.39483304808219855
-2.251532,1018.178212,0.024564386187391405
-0.57464,1024.83581,0.5656609089164413
-0.132336,1025.933665,0.8947444829776255
-2.503582,754.447837,0.012504489178932942
-2.168535,569.476919,0.030531259848937314
-3.755144,1029.934667,1.829411789369765E-4
2.864174,1008.154507,0.004267710242513489
-1.88827,1024.885004,0.05927194823679476
-0.574636,911.902043,0.5656792293460958
-1.494336,1032.242895,0.13539343474795873
0.062145,1027.983553,0.9504594418418466
-1.841443,1033.495984,0.06584309900520993
-3.883685,677.712862,1.1296496321271808E-4
-0.645979,1034.438914,0.5184362283274531
-1.446076,1006.118255,0.1484673154188586
1.831975,716.457859,0.06737011852464425
-2.170188,1017.374175,0.030223397286878492
-1.560933,1017.887933,0.11885039603178882
-0.184345,1034.796377,0.853778932991091
-0.886329,1026.081485,0.3756479436785415
-3.102786,1018.228254,0.001969922426157021
-1.477458,1028.287607,0.13985910889688224
0.439598,994.096859,0.6603238349713292
-1.304264,1012.595252,0.19243996495978644
-1.629229,1016.056214,0.10357452007600298
-1.432899,1024.795713,0.1521916819102298
-0.848222,1034.573036,0.39651054771189687
-0.078711,1034.965276,0.9372777109655419
-1.325709,516.988685,0.18552158065900415
-2.323325,644.688553,0.020471859810076848
0.442128,1007.67977,0.6584914553038939
-2.96631,961.28167,0.0030885300847720036
-2.435827,953.610428,0.015040031563530822
-1.579637,589.053827,0.11472682249844257
-2.226098,959.206603,0.026239292054302293
0.87987,770.320921,0.3792041388509855
