t-stat,Degrees Of Freedom,p-value
-0.561174,712.083221,0.5748554730669436
-4096.0,NA,NA
1.046453,708.700017,0.2957087026185796
0.567586,682.386523,0.5705027980190236
-1.765129,525.99625,0.07812230169006723
-0.749928,639.502211,0.4535738669549012
0.664375,702.370173,0.5066683762427451
2.412193,462.014289,0.016245628898400755
0.751303,670.224228,0.4527340414498955
-1.267534,473.063434,0.20558797565645026
1.425714,640.30968,0.15443822004089647
-0.910456,702.427086,0.3628943895826763
-1.348654,697.610574,0.17788577198833644
-0.404509,616.495308,0.6859787618830038
1.065146,674.51612,0.2871909944726547
-1.19948,704.829213,0.23074441717051675
-0.992733,549.350541,0.32127714498749727
-5.262017,671.144438,1.9192726270736044E-7
0.426478,712.080418,0.6698884710794835
-0.81203,704.203494,0.41704881897960944
-3.305869,411.411643,0.0010298799686532713
-4096.0,NA,NA
-1.462707,655.8468,0.14402660147000002
-0.195291,711.365682,0.8452209077413576
-4.531776,520.438813,7.26233004404995E-6
-4096.0,NA,NA
-1.650871,462.045672,0.09944441438644225
1.593052,571.669336,0.11170125899756034
-2048.0,NA,NA
-3.357465,361.551858,8.702368007222175E-4
2.8061,601.815126,0.005176737817988553
-0.314742,694.451297,0.753052093187419
0.766075,703.017296,0.4438888139904491
-0.778888,673.728123,0.4363191744886241
4096.0,NA,NA
-16384.0,NA,NA
0.820599,711.329505,0.41214962151356627
0.534208,696.549964,0.5933680861498425
1.715516,590.316443,0.08677539659267453
3.655566,575.685551,2.8010178476378655E-4
-0.572979,509.122582,0.5669118787524372
-0.671671,643.469866,0.5020342298605351
4096.0,NA,NA
2.341391,699.729239,0.019491753720147775
4096.0,NA,NA
2.366641,700.154113,0.018221520483734155
-0.607268,711.354557,0.5438668573643424
2.580286,602.375527,0.010107438984277017
-2.402135,661.615827,0.016574312996203006
2048.0,NA,NA
8192.0,NA,NA
32768.0,NA,NA
-0.123377,683.301861,0.9018448500491459
-0.303628,621.246484,0.7615129755589799
1.664722,660.653309,0.09644237498456865
0.334197,642.945886,0.7383398874264029
-0.396359,598.879435,0.6919813910903603
-0.337088,498.274368,0.7361925021603275
4.095417,675.108049,4.7253242385414396E-5
0.4056,709.469146,0.6851588150313388
-0.572178,667.681157,0.5673939833671333
-1.307602,655.779728,0.19146656645588944
4.156233,657.046356,3.6636169208792424E-5
2.931503,513.760562,0.0035235699979432322
0.926049,647.240548,0.35476567241384505
1.460145,710.338031,0.14469234659101549
3.332557,398.436512,9.409669747140192E-4
2048.0,NA,NA
-2048.0,NA,NA
2.222906,671.911002,0.026554122482209896
1.495765,458.038232,0.1354035715190256
-0.66449,682.495991,0.506601187136181
-1.482445,369.323928,0.13907468232215336
-0.686472,607.197221,0.4926775714955556
-0.821098,662.334715,0.41188588508378954
2.500039,591.77336,0.012687482891631241
1.723818,673.748707,0.08519944010597902
1.616687,460.444485,0.10663073807363865
-0.424758,710.048795,0.6711417755760911
0.547683,711.000752,0.5840814706013333
0.840319,701.077823,0.4010160352054537
2.020374,708.942226,0.043720161937492286
2.454064,709.594877,0.014364416341223762
3.505207,633.702338,4.884360642074537E-4
0.747163,682.606426,0.45522245948759554
-2.795727,575.601964,0.00535117375926949
-0.420584,701.487542,0.6741876887618701
0.526582,711.397696,0.5986480340914884
0.617353,708.863987,0.5372001672846343
0.133102,711.669089,0.894150339519338
0.027355,697.544517,0.9781844136085356
-8192.0,NA,NA
-0.754958,644.187883,0.45055010001617335
-1.110245,572.998286,0.26735915873706384
-0.943328,531.896507,0.3459414293589651
1.472236,657.875578,0.1414353758298721
0.179411,712.179515,0.857666025394126
0.371463,659.540073,0.7104120080955925
4.48913,672.625923,8.413251572303437E-6
0.478233,687.692663,0.6326363671382351
-1.621315,376.741738,0.1057866840355225
-1.331587,668.727735,0.18344964368208472
-0.354297,710.721887,0.7232214057563491
-0.786138,680.855312,0.4320601544199335
-4096.0,NA,NA
-2048.0,NA,NA
0.526995,711.852977,0.5983612441119597
-1.93844,583.665188,0.053051356452199175
-1.446,634.566741,0.1486709073462169
0.521706,604.829837,0.6020660336849228
1.457851,608.419805,0.14539758144899162
-0.315599,711.619085,0.7523994290046712
-16384.0,NA,NA
-3.894353,616.620561,1.0921307524637268E-4
-0.1397,711.243265,0.8889365755447896
-0.421553,710.183396,0.6734788803268914
-2048.0,NA,NA
-1.727938,638.462532,0.08448287712217495
-16384.0,NA,NA
4096.0,NA,NA
-4.163893,366.257128,3.9047908148079185E-5
1.511569,712.203138,0.1310871045724047
-1.00958,701.703192,0.3130445517253365
-2048.0,NA,NA
1.70392,644.802103,0.08887783058408494
1.138041,680.295602,0.255503992174138
16384.0,NA,NA
1.236767,649.860808,0.21662035432169424
1.236165,525.008534,0.21695000126067399
-0.939667,532.688723,0.3478142843136375
0.059502,683.225793,0.9525696719080203
-5.21982,687.093981,2.3752438861446473E-7
-2.19797,594.274714,0.028336168869943112
-2.558215,403.983338,0.01088497129275291
-0.556771,711.566635,0.5778589638467795
0.863245,479.339557,0.3884344895148586
-3.224787,561.017414,0.0013339995014502316
0.804102,668.563205,0.42162388868796374
-1024.0,NA,NA
6.711244,521.5546,5.044054063318981E-11
4096.0,NA,NA
16384.0,NA,NA
-1.020458,529.897108,0.3079769567627467
6.434704,426.31775,3.3311642333444524E-10
-0.07515,710.095639,0.9401165318206803
-0.710115,643.22981,0.4778901831809451
1.815576,687.224501,0.06987112864240119
2.414416,471.709954,0.016140094427265828
7.858393,480.601723,2.5757174171303632E-14
6.476949,415.944937,2.645792473998654E-10
2048.0,NA,NA
Eva running time:6.6942092

Number Of AND Gates:181026320-4.388716,604.783605,1.345515705025921E-5


********************************
Data Sent from Client :1.0347747802734375MB
Data Sent to Client :1.0347747802734375MB
********************************-0.680363,712.162285,0.496495761378849

2.336183,597.327945,0.019811529025357322
9.068612,466.374424,0.0
4.438139,421.395325,1.160084624585167E-5
2.892407,594.612293,0.003962901322779766
2.495156,637.820833,0.012841876839139399
7.664801,534.397502,8.504308368628699E-14
2.320215,669.984689,0.02062874892612454
2048.0,NA,NA
4.24287,431.549181,2.7026964012577537E-5
16384.0,NA,NA
1.1822,623.278213,0.23757716263829964
2048.0,NA,NA
-1.252484,667.896228,0.21083192710597454
8192.0,NA,NA
16384.0,NA,NA
-1.238685,656.151656,0.21590511722371641
1.952092,684.604548,0.05133457080580239
16384.0,NA,NA
32768.0,NA,NA
2.761697,469.639133,0.005975547043460816
1.962447,433.429054,0.05034978487694297
16384.0,NA,NA
0.850826,483.27305,0.3952873719602179
2048.0,NA,NA
4096.0,NA,NA
2048.0,NA,NA
2.641635,415.91374,0.008561732386845211
0.474873,712.1235,0.6350230956929324
7.135355,511.839051,3.319122754419368E-12
-0.358635,682.18992,0.7199791176863822
0.915912,710.246669,0.3600239191260244
4096.0,NA,NA
-0.488449,702.818955,0.6253842041743676
8192.0,NA,NA
-0.029507,710.534731,0.9764685219364431
-0.388441,626.567777,0.6978216571389668
-1.141604,680.319172,0.2540203181679961
1.848488,423.799138,0.06522816971036405
8192.0,NA,NA
8192.0,NA,NA
1.717119,611.109627,0.0864640972035029
8192.0,NA,NA
-0.875922,706.653337,0.38137007869913064
0.036145,707.737403,0.9711769330151263
2.637026,677.435548,0.008555420176444617
3.601238,709.837312,3.3877484197986085E-4
1.254667,612.43016,0.21007826928713413
-1.616651,364.555949,0.10681859850456055
2048.0,NA,NA
-0.802674,499.565342,0.4225448789219969
0.139738,701.878672,0.8889070891148965
0.647157,700.814865,0.5177422501744344
0.818292,702.53103,0.4134679334882354
0.567441,711.425211,0.5705936117980361
2.691862,683.35102,0.007279378458267427
-1.017609,656.172886,0.3092388595572406
-16384.0,NA,NA
0.963262,628.963775,0.3357862474157738
0.444734,633.994484,0.6566637790018146
-3.372934,368.384811,8.226642255019887E-4
1.061277,426.475577,0.28916465822966386
-1.683169,572.701895,0.09288737306658901
0.316061,703.493368,0.7520499570019568
2048.0,NA,NA
-0.733938,637.200961,0.4632564884425482
-0.37191,711.519041,0.7100705916618515
0.796525,690.850149,0.42600058226160575
0.926592,668.347589,0.35447287864489674
1.700518,636.113897,0.08952230837459219
-0.424901,710.304897,0.6710375256926493
-1.520385,446.187292,0.12912254056237138
2.10147,437.268159,0.03617136708996527
0.361536,685.545845,0.7178101954612119
2.691397,572.859672,0.007323215891739343
-0.850924,574.676869,0.3951659811512783
-4096.0,NA,NA
-2048.0,NA,NA
-0.217834,697.7489,0.8276221401988939
1.143063,552.253027,0.253507713845855
-1.421344,679.419058,0.1556756013147379
-2.281445,702.862825,0.022820360415133724
-5.165524,685.047501,3.147431312121819E-7
-1.723003,440.740915,0.08558938876393096
0.060022,706.046386,0.952155097576991
-1.040066,513.386824,0.2987988020036926
-2048.0,NA,NA
0.180664,705.506638,0.8566832015054755
-3.287768,642.467608,0.0010649097254025117
-0.061716,696.772834,0.950806696432089
4096.0,NA,NA
-2048.0,NA,NA
-2.28557,668.854095,0.02259142951479289
-0.10446,712.165597,0.9168337213613814
2048.0,NA,NA
2.133268,549.874778,0.03334480552610075
-0.548325,682.522687,0.5836480617959894
4096.0,NA,NA
1.281049,697.568622,0.20060217071724962
-0.120803,691.919182,0.9038821446906414
-0.939555,613.338992,0.347815728754843
2.16204,571.043314,0.031029726985843054
3.530947,497.517117,4.525729859168326E-4
0.164583,707.158684,0.8693192449618252
1.281223,520.105829,0.20068629353107204
1.263149,632.389436,0.20700114521009705
-3.93122,649.258761,9.359566977151707E-5
-1.279867,566.804324,0.20111550728640426
-3.586949,608.798421,3.6143728619062056E-4
-6.052034,710.510739,2.31435749167433E-9
-4.961947,586.059915,9.158907761411282E-7
-5.103633,683.460388,4.323279444460188E-7
4096.0,NA,NA
-0.695655,641.395778,0.48689688385789454
-0.803916,703.971024,0.42171686492395744
1.604754,711.389008,0.1089917676706571
2.797279,678.805007,0.005299500594827089
0.197525,707.451336,0.8434734579667049
4096.0,NA,NA
-0.702735,691.915323,0.48245726779142495
2.00506,707.06229,0.04533733445300836
0.128504,710.378826,0.8977865040353881
-2.117635,473.426319,0.03472665591876163
-1.37748,580.125687,0.16889508159102673
2048.0,NA,NA
-4096.0,NA,NA
2048.0,NA,NA
0.052887,686.97298,0.9578373174185921
7.085862,711.546132,3.3313352076902447E-12
5.631156,711.945636,2.577185953533956E-8
-1.160517,556.63246,0.2463358567645615
4.666385,567.685509,3.827895687757987E-6
-8192.0,NA,NA
-4.99457,458.388998,8.398345453706385E-7
-3.138663,633.643798,0.0017760339731019538
0.223979,711.572603,0.8228379352107342
3.983992,706.445112,7.479822234235378E-5
-1.204782,689.349111,0.22870092001511666
1.280217,521.789721,0.20103766170535664
-2.378545,519.171817,0.017741845326954747
-1024.0,NA,NA
-1.667248,676.986857,0.09592759441355247
-16384.0,NA,NA
-1.54713,394.164704,0.12263438442215946
-3.327221,551.937491,9.355653236869204E-4
-5.225933,465.109217,2.6214267874858937E-7
-3.528635,605.719545,4.493652895625571E-4
-16384.0,NA,NA
-5.702941,507.89134,2.0008255492006702E-8
-4.999267,340.548072,9.227458060156697E-7
-0.077698,700.383677,0.9380904761729401
-3.387225,386.406805,7.785550431972549E-4
-1.702093,662.515612,0.0892070578737928
-0.337891,659.168755,0.7355529095897895
-1.667861,491.716288,0.0959799775205169
2.499905,481.726489,0.012754120875953623
-0.42344,702.744122,0.672103827193731
-8192.0,NA,NA
2048.0,NA,NA
8192.0,NA,NA
-1.305026,633.898888,0.19235751500301235
-2048.0,NA,NA
8192.0,NA,NA
0.375093,658.347524,0.7077121090243406
-1.235177,599.550669,0.21724844271822596
-1.335805,691.809017,0.18205228793519823
-1.999171,667.357495,0.04599488816231473
-8192.0,NA,NA
-0.814448,687.474783,0.41567037651686145
-0.057871,710.749274,0.9538676487419322
0.632013,709.496096,0.5275819765631413
-0.074315,710.782761,0.9407806508689587
-4096.0,NA,NA
-0.10029,697.729704,0.920142905713409
4096.0,NA,NA
8192.0,NA,NA
1.238947,711.466302,0.21577370167308985
1.114854,711.916275,0.265289197006495
-8192.0,NA,NA
2.029259,579.67082,0.042888316898501255
8192.0,NA,NA
2048.0,NA,NA
0.582189,695.006131,0.5606281863639686
-1.794739,494.713233,0.07330563719704668
-4.904245,562.185761,1.2295035330176971E-6
-2.539346,459.044111,0.011434911972118244
-1.689693,699.925527,0.091532018621995
-2.20902,405.379601,0.027731865430837558
-1.846134,527.392245,0.06543292433897661
-1.950364,370.818689,0.051885826139023955
-1.703688,459.223055,0.08911591207521963
-1.914146,671.124059,0.05602648892233713
2.501832,456.607316,0.012704102128747063
-8192.0,NA,NA
-0.992137,695.752741,0.32147561362334687
-0.34247,605.8386,0.7321159970230613
-2.225587,687.571823,0.02636537999532894
-8192.0,NA,NA
-1.555896,530.305198,0.12032938666817872
-2048.0,NA,NA
-1.919124,580.545112,0.05545857354978147
-1.593742,370.107988,0.11184743418208631
-1.355764,391.495147,0.17595580105612663
-3.698003,471.655783,2.4286386864165268E-4
-3.696613,575.39242,2.393912099545117E-4
-2.648606,676.259219,0.008271053747679093
-1.64498,614.398871,0.10048542016258877
-0.243206,697.504359,0.8079173244908608
-0.807299,677.79773,0.4197774419688969
3.389475,573.080193,7.484115779312628E-4
-1.108236,590.4202,0.26821115042297183
2.306307,649.773444,0.021407282971329433
1.399527,679.847402,0.16211112033543817
-4096.0,NA,NA
0.045042,675.811507,0.9640871372488897
1.343249,596.976949,0.17970176834177742
2.612374,487.854357,0.00926887671401233
8192.0,NA,NA
-2048.0,NA,NA
-16384.0,NA,NA
-1.966599,528.701752,0.049752092239843206
-1.988709,440.384562,0.04735175913577509
-3.030196,382.770491,0.002609957368036112
1.169156,705.055521,0.24273590069030426
1.449666,427.883918,0.1478842192319263
0.706657,677.765713,0.4800225188501708
0.08872,698.42938,0.9293298704565558
0.867203,653.877439,0.3861489164101044
-4096.0,NA,NA
-2.578189,362.478214,0.01032595163916187
-1.089106,523.887751,0.2766078759066367
-0.245774,709.633239,0.8059282499971858
0.192876,708.058836,0.8471113902092995
0.712544,711.084183,0.4763617101526689
1.322908,680.551197,0.18631030224413836
-4096.0,NA,NA
3.498542,667.758629,4.988636774181376E-4
16384.0,NA,NA
0.818389,712.083726,0.4134088769061828
2048.0,NA,NA
0.012907,708.769012,0.989705622020379
2048.0,NA,NA
1.171115,676.439766,0.24196492175204098
-0.662205,610.354364,0.5080898001043084
1.139585,619.13314,0.25489992412389606
2.835212,660.359194,0.0047196357550287615
2.162733,660.709654,0.030919774228109542
-4096.0,NA,NA
0.630715,562.282827,0.5284831526405196
0.027878,691.184855,0.977767502142127
-8192.0,NA,NA
-8192.0,NA,NA
-4096.0,NA,NA
-16384.0,NA,NA
-16384.0,NA,NA
-0.835639,672.488408,0.4036548143208154
0.50084,685.785836,0.616644435354931
-3.195252,354.011908,0.0015226427776130896
-1.456832,398.694207,0.14594985735076427
3.257206,698.770466,0.0011795320731855519
-0.21797,703.43946,0.8275156997398195
4096.0,NA,NA
-1.425934,625.574269,0.1543861983802699
1.327479,700.730696,0.18478259141308806
-1.511515,489.528597,0.1313025346030332
2.392496,569.477197,0.017057315372238868
2.3856,513.177339,0.017413067632150447
-0.37,701.728491,0.7114941306973814
-2048.0,NA,NA
2.217563,694.312232,0.02690764595648054
2048.0,NA,NA
1.05879,700.155915,0.29006056322789053
8192.0,NA,NA
1.296112,609.512347,0.19542745327254796
2048.0,NA,NA
4096.0,NA,NA
1.168111,577.551383,0.24324395724880832
-4096.0,NA,NA
4096.0,NA,NA
0.382875,655.762268,0.7019365207876793
-8192.0,NA,NA
-8192.0,NA,NA
-1.659264,512.095581,0.09767486081651511
-2.131959,405.122799,0.03361124487684161
-0.863984,408.540375,0.38810364705576517
-8192.0,NA,NA
-0.525371,707.458656,0.5994899235930194
-8192.0,NA,NA
-0.159464,672.962498,0.8733511660301199
-2048.0,NA,NA
-8192.0,NA,NA
-1.722185,431.119274,0.08575322972995025
2.127019,573.522411,0.03384466177954759
-8192.0,NA,NA
-1.256332,698.098558,0.2094158748223196
-1.731926,704.599291,0.08372439369119242
-0.163379,705.966508,0.8702667945074685
0.485297,702.170228,0.6276170592557038
6.561121,712.158126,1.0276135498088479E-10
-2.946252,497.047982,0.003367476695743055
-2.127924,561.417883,0.033778396715410185
2.877676,565.88463,0.004157389666978428
0.765823,709.973674,0.44403614826669946
4.589796,694.544267,5.265596035641806E-6
0.414604,712.052324,0.6785566946597608
-1.835349,696.553143,0.06688018814138817
1.704534,628.697324,0.08877543372462293
8192.0,NA,NA
-2.168801,465.916061,0.030602965729724037
1.27573,523.378967,0.2026168780783859
-16384.0,NA,NA
3.739568,656.247535,2.0044245040895525E-4
6.707291,707.527046,4.059974578751735E-11
6.642342,711.914779,6.133027419252812E-11
2.1574,706.700988,0.03131089607317761
2.98524,708.13104,0.002931203650538894
0.461928,665.816587,0.6442838449834454
6.662726,710.029323,5.3926196841302954E-11
0.930394,711.402955,0.35248272816655657
4.39248,622.267391,1.3170940911022555E-5
1.344067,710.408061,0.17935578856633794
4.488407,707.11358,8.375627480905479E-6
2.274765,705.723368,0.02321923757844946
1.64636,677.497083,0.10015342235878388
-8192.0,NA,NA
-2.376785,503.706316,0.017836916741605674
0.988808,709.875816,0.3230939990505335
0.519388,605.728434,0.6036799231638537
-32768.0,NA,NA
-2.271877,593.32481,0.02345107765636647
-16384.0,NA,NA
-2048.0,NA,NA
0.433563,709.256673,0.6647376423337419
2.593712,709.145943,0.009690533667835677
-0.952558,581.608505,0.3412097624631111
-1.998466,553.224438,0.046155065552413214
1.039098,503.979587,0.29925741346051327
2.181552,449.821167,0.029659602741199276
0.154152,626.456476,0.8775395347456381
0.821005,548.477877,0.41200011500562717
-2.203659,558.755039,0.027955482386648283
-0.075127,708.641249,0.9401348683395616
-2.577383,643.277853,0.010176664427556265
-2048.0,NA,NA
-0.11893,677.013928,0.9053660932644341
-1.72323,532.362954,0.08542759887937212
4096.0,NA,NA
1.485911,651.730313,0.13778621901585497
-2.880399,434.064946,0.0041684110330656885
-0.174501,698.283713,0.8615223252392632
0.116705,711.122698,0.9071267786882409
-0.20989,704.805538,0.8338141840504308
1.627119,495.370267,0.10434769700473234
-0.207205,712.064015,0.8359090027860697
-1.065075,709.482895,0.28720432080954195
-0.879617,709.775554,0.37936453236242573
2.774438,482.913935,0.005744000764527302
0.788161,673.904429,0.4308796832839683
-0.650241,702.021516,0.5157492906958845
-0.972436,686.71901,0.33117608368243756
2.542707,708.524697,0.011211374445742273
-0.063729,711.344416,0.9492039165558498
1.563228,707.281285,0.11844627333897328
-3.873413,558.154914,1.2004389211627887E-4
-2.876148,607.337115,0.004166832666988023
-2.920798,676.966016,0.0036075347062465386
-4096.0,NA,NA
-0.199811,710.998712,0.8416855306859736
2.032842,701.475781,0.042444575576314314
2.648025,573.266652,0.008319247430937704
1.914986,691.697539,0.05590643200698686
3.608358,704.557341,3.2994313910772455E-4
-0.007988,697.588665,0.9936288496922625
1.022672,654.966181,0.3068405262666265
1.147506,567.358717,0.25165619504155834
1.74505,609.887203,0.08147982014485389
0.978023,698.649965,0.32840147706220035
0.176914,710.159848,0.8596263840873393
3.057784,512.805902,0.002346215189385603
2.279289,670.373726,0.022963349685037437
1.545648,698.956267,0.12264222638474531
-0.441275,710.893264,0.6591480998157428
2.211144,693.338305,0.027351422522198465
-1.333846,698.306955,0.18268919656320282
1.714744,688.981779,0.08684185343328665
-0.942541,653.001321,0.34626429785401713
4096.0,NA,NA
-1.570915,668.018164,0.11667589833972547
-1.06989,683.738496,0.28504636433429786
-0.415304,676.355514,0.6780510867854499
0.86468,707.22085,0.38750763876539596
2048.0,NA,NA
-1.825887,544.862949,0.0684144345685148
0.730309,708.109661,0.46544286977945903
-2.59584,574.326416,0.009677383105966941
2.485823,642.227782,0.013178450712795442
-0.30816,676.306091,0.758055474295601
-4096.0,NA,NA
1.788824,412.846935,0.0743762026558552
2.28346,703.455615,0.02270060551040287
-4096.0,NA,NA
-4096.0,NA,NA
1.153926,700.880318,0.2489238328351595
-2.01161,641.768266,0.04467858531339234
4096.0,NA,NA
1.216512,535.475744,0.22432588282206778
-3.012185,649.449947,0.002694576696718236
-2.357,686.905881,0.018702928830963538
-2.265894,621.31392,0.02380110685336551
-3.855753,553.656681,1.2891942701685774E-4
0.016418,706.600669,0.9869055543120715
0.344211,712.177944,0.7307892196480492
0.247037,700.234949,0.8049519982796742
8192.0,NA,NA
-0.871324,629.271842,0.3839095640797633
-2.320503,509.455568,0.02070770461457406
-3.160278,400.151229,0.0016960456909208227
-32768.0,NA,NA
-2048.0,NA,NA
-4096.0,NA,NA
-16384.0,NA,NA
4096.0,NA,NA
-1.798801,511.220956,0.07263986807454706
-2.037288,570.345091,0.04208229308109564
-2048.0,NA,NA
-2.537071,508.223295,0.011476334949482801
-3.38378,699.561959,7.548166004847628E-4
4096.0,NA,NA
0.076243,710.554807,0.9392472346986422
-16384.0,NA,NA
-1.830401,598.322235,0.06768726988368172
0.02864,701.993329,0.9771598496991918
-6.616273,554.136244,8.697870847792378E-11
4096.0,NA,NA
-5.456928,509.110593,7.576333537536782E-8
-1.850308,705.119742,0.06468730078629673
-2048.0,NA,NA
-4.27696,543.189776,2.2387017495800877E-5
-5.371506,562.231638,1.1448137149003258E-7
-7.766656,367.724753,8.102261336602335E-14
-16384.0,NA,NA
-2.639278,711.728802,0.008490126106199687
-3.737193,433.748491,2.1098104017694554E-4
4096.0,NA,NA
-8192.0,NA,NA
-3.000646,444.11366,0.002845767281107546
-2.128368,531.278235,0.03376613157630491
-0.858203,712.175118,0.3910691109405009
-16384.0,NA,NA
-0.912433,710.276829,0.36185040943221103
-1.401134,603.468374,0.16168803935349862
4096.0,NA,NA
-6.624724,525.46556,8.625977085612267E-11
-1.662645,711.090314,0.09682419700286415
-3.388201,475.56889,7.619752045249843E-4
-0.931522,652.468978,0.35192815336997296
-2048.0,NA,NA
2048.0,NA,NA
-0.745508,690.553269,0.45621834855061505
-1.100047,473.686796,0.27187037196058317
-2048.0,NA,NA
-3.542392,598.33806,4.2740441248004273E-4
-5.134847,655.318856,3.7277358915274637E-7
-8192.0,NA,NA
-5.605165,559.452222,3.2701924405698546E-8
-2.20845,464.47345,0.02770057595493575
-8192.0,NA,NA
-3.037477,682.239142,0.002476694555655456
-2048.0,NA,NA
-1.332205,556.081425,0.1833385315839957
-2.267307,393.963678,0.023912611144697393
-8192.0,NA,NA
-0.851748,709.779184,0.3946412537210101
-1.878196,431.126741,0.061029028598652425
2048.0,NA,NA
-2.773629,437.372615,0.005780637740450068
-4.229477,409.1251,2.892591124039945E-5
-2.196428,526.373109,0.02849666000764432
-1.890001,685.521591,0.05917944204936907
-8192.0,NA,NA
-3.3061,364.998653,0.0010399088943257773
-4.440973,355.271301,1.1974111281082677E-5
-1.962604,640.198075,0.050124872876313696
-8192.0,NA,NA
-1.199396,641.402048,0.23081688065254236
-2.310578,394.176081,0.02137169919736462
2048.0,NA,NA
0.422076,681.923926,0.6731025776963717
2.552933,689.762048,0.010896179744378731
-0.905868,397.162796,0.3655549423645378
-1.381263,650.325102,0.16767251220841362
-8192.0,NA,NA
-2048.0,NA,NA
-0.550537,685.940694,0.5821303469340533
5.490617,429.991893,6.861869050744929E-8
-4096.0,NA,NA
-0.221343,708.726294,0.8248891271074644
-0.532831,702.375577,0.5943191058232319
-2048.0,NA,NA
-1.808374,636.902029,0.07101982874671631
-1.294104,564.907381,0.19615829543813557
-0.475043,711.183489,0.6349021753006392
1.879438,702.003696,0.060598707992839174
0.108362,707.327412,0.9137392743743591
-2048.0,NA,NA
-2.228703,704.949578,0.02614819992519192
-0.367841,712.101979,0.7131011016534735
-1.147519,710.511524,0.25155342255489055
-3.205191,546.996626,0.0014284622008009543
-3.599999,531.370401,3.4802061033950977E-4
-0.228229,711.686787,0.8195337753061959
3.049452,431.418025,0.0024337865603023534
-1.020438,694.904283,0.30787589926873227
1.128224,685.868072,0.2596198243301546
0.357557,711.659457,0.7207808750736335
0.681779,707.029533,0.4956019706594077
-0.509956,709.652459,0.6102408467545766
-0.438016,711.722854,0.66150758730197
-2.425327,401.3875,0.01573484523956299
-1.173586,684.207997,0.24096925155364168
0.104133,698.352416,0.9170937011704918
-1.063255,708.180115,0.2880287454328895
-0.41912,712.150493,0.675254819958958
2.414984,498.963756,0.016094460065067873
-4096.0,NA,NA
-0.793259,603.953437,0.42793846165531724
8192.0,NA,NA
-2.425001,678.891604,0.015568211494515805
-2.766262,653.610909,0.005830534740614245
-1.127807,537.06183,0.2599050224668451
-1.630839,679.660712,0.10338756747545219
0.740894,520.81566,0.45909161625417605
