connecting
connected
Eva Case Dim 1 277
Eva Case Dim 2 43
Eva Control Dim 1 277
Eva Control Dim 2 43
Gen Case Dim 1 277
Gen Case Dim 2 43
Gen Control Dim 1 277
Gen Control Dim 2 42
chi,p-value
0.994186,0.318721427203592
10.746072,0.0010450088896385434
2.123849,0.14502168675385851
0.046785,0.8287551522758885
2.789182,0.09490266042565376
0.704814,0.40117083289548083
2.059037,0.1513057653191977
0.489057,0.4843482569292239
6.9E-5,0.9933723492854519
2.000138,0.1572848865827159
0.085064,0.770548634646237
0.351307,0.5533741999576522
6.9E-5,0.9933723492854519
0.412498,0.5207043345756601
0.993638,0.3188548381352231
0.500304,0.4793665776813034
0.500304,0.4793665776813034
3.438714,0.06368524520615682
5.237155,0.02210940189917121
0.790324,0.37400217300149297
4.41E-4,0.9832456556764977
1.4E-4,0.9905595228394881
3.018065,0.08234165961423068
1.017716,0.31306139364724195
2.000138,0.1572848865827159
4.222367,0.03989447129131085
8.096895,0.004434115395408833
0.194159,0.6594774272684176
0.994186,0.318721427203592
0.161405,0.687866248184891
1.017716,0.31306139364724195
1.04808,0.3059496948238636
1.551234,0.21295336148970456
2.13E-4,0.9883556715783197
1.664277,0.19702683994361914
1.04808,0.3059496948238636
1.017716,0.31306139364724195
0.327497,0.5671366754883107
1.017716,0.31306139364724195
0.500304,0.4793665776813034
1.017716,0.31306139364724195
0.194159,0.6594774272684176
0.994186,0.318721427203592
1.4E-4,0.9905595228394881
6.9E-5,0.9933723492854519
1.017716,0.31306139364724195
0.666902,0.4141338003944285
0.994186,0.318721427203592
0.327497,0.5671366754883107
2.87E-4,0.9864836248722046
3.018065,0.08234165961423068
6.9E-5,0.9933723492854519
0.994186,0.318721427203592
1.017716,0.31306139364724195
0.994186,0.318721427203592
7.75E-4,0.9777907026215056
0.218256,0.6403719838315614
6.9E-5,0.9933723492854519
1.4E-4,0.9905595228394881
0.994186,0.318721427203592
1.959442,0.16157300813196562
1.000174,0.317268408619482
0.327497,0.5671366754883107
0.494169,0.4820734795980137
1.304301,0.25342908851338886
1.000174,0.317268408619482
0.715389,0.3976605785461155
0.573119,0.44902216401433015
0.40067,0.5267434437205009
2.047477,0.1524586577156628
2.000138,0.1572848865827159
0.203963,0.6515408643562015
0.994186,0.318721427203592
3.151493,0.0758575265735868
2.086564,0.14859996081289628
2.622613,0.10535082822461694
3.018065,0.08234165961423068
0.155933,0.6929288475799406
6.9E-5,0.9933723492854519
1.04808,0.3059496948238636
1.377474,0.2405318860184178
1.834587,0.17558671135275505
0.941897,0.33179045884966507
1.092955,0.2958174026586293
8.904231,0.0028451066687144033
3.151493,0.0758575265735868
14.86148,1.1570171569819099E-4
0.085064,0.770548634646237
2.000138,0.1572848865827159
0.03119,0.8598171674804053
0.182688,0.6690733203782864
0.014561,0.9039532387628177
6.9E-5,0.9933723492854519
0.666902,0.4141338003944285
0.69674,0.4038812743891257
6.010155,0.01422377802369601
0.994186,0.318721427203592
1.633743,0.20118611974783807
2.435187,0.11863974612192851
0.994186,0.318721427203592
3.018065,0.08234165961423068
0.327497,0.5671366754883107
0.994186,0.318721427203592
0.234712,0.6280517504019509
1.017716,0.31306139364724195
6.88E-4,0.9790740837047599
6.9E-5,0.9933723492854519
1.650109,0.19894409626023213
6.9E-5,0.9933723492854519
1.000174,0.317268408619482
0.005388,0.9414854325997911
1.017716,0.31306139364724195
49.737995,1.7571499810742353E-12
2.000138,0.1572848865827159
0.384102,0.5354160500833677
8.604896,0.0033526051243902844
1.650109,0.19894409626023213
2.047477,0.1524586577156628
2.047477,0.1524586577156628
0.060821,0.8052029907615247
1.017716,0.31306139364724195
0.105267,0.7455983068522154
0.994186,0.318721427203592
0.853784,0.3554840619166737
6.9E-5,0.9933723492854519
2.047477,0.1524586577156628
0.327497,0.5671366754883107
0.048669,0.8253957118062427
0.513351,0.4736918208998735
0.355275,0.5511421625805718
1.017716,0.31306139364724195
6.88E-4,0.9790740837047599
6.9E-5,0.9933723492854519
0.351307,0.5533741999576522
0.351307,0.5533741999576522
1.0,0.31731050786291415
0.666902,0.4141338003944285
0.002417,0.960789401926315
3.518776,0.060677242778659934
0.048669,0.8253957118062427
0.400377,0.5268946225997777
0.994186,0.318721427203592
2.000138,0.1572848865827159
1.017716,0.31306139364724195
0.994186,0.318721427203592
14.945857,1.1064074265099144E-4
0.994186,0.318721427203592
0.016375,0.8981767987027718
2.047477,0.1524586577156628
6.88E-4,0.9790740837047599
0.322302,0.5702275004414766
2.047477,0.1524586577156628
0.327497,0.5671366754883107
1.818311,0.17751445463966253
1.017716,0.31306139364724195
6.9E-5,0.9933723492854519
6.9E-5,0.9933723492854519
2.047477,0.1524586577156628
0.666902,0.4141338003944285
6.9E-5,0.9933723492854519
0.837363,0.36015204481412466
0.994186,0.318721427203592
0.72701,0.39385408405140043
6.9E-5,0.9933723492854519
1.000174,0.317268408619482
1.551234,0.21295336148970456
0.591335,0.44190334633903683
1.890602,0.16913403765790747
6.9E-5,0.9933723492854519
0.328275,0.5666766003328059
1.000174,0.317268408619482
0.194159,0.6594774272684176
1.098262,0.294647839249644
1.129529,0.28787582632337394
6.9E-5,0.9933723492854519
1.327073,0.24932660234925408
0.137014,0.7112677323976231
6.9E-5,0.9933723492854519
0.303162,0.5819068877279084
1.818311,0.17751445463966253
0.994186,0.318721427203592
0.286091,0.5927364683741912
0.200781,0.6540911825063507
0.367384,0.5444336767031271
0.994186,0.318721427203592
5.304929,0.02126516636810072
1.47172,0.22507451242355125
6.9E-5,0.9933723492854519
0.914921,0.3388120952739998
0.008645,0.9259206479812234
0.194159,0.6594774272684176
1.017716,0.31306139364724195
2.115735,0.1457920441176025
0.994186,0.318721427203592
0.050098,0.8228928341641999
2.201298,0.137894580797988
0.947436,0.33037280125498303
1.0,0.31731050786291415
0.384102,0.5354160500833677
1.017716,0.31306139364724195
0.85443,0.355302125566219
0.994186,0.318721427203592
0.72701,0.39385408405140043
0.994186,0.318721427203592
1.959442,0.16157300813196562
1.959442,0.16157300813196562
1.017716,0.31306139364724195
3.088085,0.07886757436590597
2.302167,0.12919364353742102
0.218256,0.6403719838315614
7.75E-4,0.9777907026215056
1.04808,0.3059496948238636
0.711801,0.3988465711486362
5.900654,0.015135263829090695
1.017716,0.31306139364724195
0.194159,0.6594774272684176
1.352093,0.2449125487773971
1.017716,0.31306139364724195
0.351307,0.5533741999576522
0.04866,0.8254115965085806
0.474332,0.49100096752319566
3.63E-4,0.9847991770786113
0.078952,0.7787226830860315
0.48289,0.4871161734081254
1.017716,0.31306139364724195
1.017716,0.31306139364724195
6.9E-5,0.9933723492854519
1.017716,0.31306139364724195
6.9E-5,0.9933723492854519
1.017716,0.31306139364724195
2.049437,0.15226248618885252
0.327497,0.5671366754883107
1.818311,0.17751445463966253
1.017716,0.31306139364724195
1.0,0.31731050786291415
1.688947,0.1937398359149819
1.314197,0.25163616932947797
0.994186,0.318721427203592
2.047477,0.1524586577156628
6.9E-5,0.9933723492854519
5.833858,0.015720610798316992
4.132155,0.04207573735837855
0.994186,0.318721427203592
1.017716,0.31306139364724195
0.302227,0.5824896484809556
0.450068,0.502302664016291
1.384136,0.2393978905210341
7.310192,0.006856460067382275
0.477813,0.4894146112796869
3.089496,0.07879921145672142
0.994186,0.318721427203592
4.283419,0.03848585943079508
1.650109,0.19894409626023213
1.092955,0.2958174026586293
1.531281,0.21592029125785317
0.327497,0.5671366754883107
0.327497,0.5671366754883107
0.327497,0.5671366754883107
1.017716,0.31306139364724195
0.194159,0.6594774272684176
0.994186,0.318721427203592
1.04808,0.3059496948238636
1.155482,0.28240450840756326
0.713465,0.3982959102299458
1.531281,0.21592029125785317
0.493581,0.4823342361946604
0.484537,0.4863743974909097
0.137014,0.7112677323976231
2.13E-4,0.9883556715783197
1.411105,0.23487304356013572
1.045129,0.30663159518351146
0.994186,0.318721427203592
0.174052,0.6765354911186935
2.994254,0.08356038981292058
6.9E-5,0.9933723492854519
0.1549,0.6938960429914391
0.082419,0.7740456333151157
Gen running time:76.209197215
19897464
