connecting
connected
Odds Ratio
5.353048
1.431683
0.952663
3.833333
0.686439
0.199239
1.168174
2.185714
2.869307
0.778519
1.78961
1.386083
0.711155
2.423935
1.954357
0.951515
1.16812
1.272234
2.101961
1.495726
4.801193
5.334004
2.057143
1.21486
1.871844
0.952475
4.294032
1.434263
1.528289
5.772908
1.715106
0.952663
2.880478
3.833333
2.319502
1.634602
0.814456
0.474308
4.346693
1.763246
1.44115188075855872E17
3.377919
0.299663
1.003149
0.558621
0.952569
0.633108
0.235178
0.864298
0.627653
0.739958
0.408683
0.576726
0.952569
1.041322
0.469062
0.50072
1.090286
0.590405
1.266754
1.243525
2.292136
1.431683
1.272487
0.0
0.633729
0.633729
0.952475
1.92
0.952475
0.633689
0.566534
0.591451
0.472222
0.513552
0.627845
0.537143
0.785144
0.502057
0.391579
0.737414
0.539567
0.26644
0.314888
0.831337
0.37797
0.831337
0.579028
0.187352
0.795892
0.427706
0.951613
0.455921
0.430867
1.431683
0.466934
0.603224
0.52463
0.60081
0.572387
0.581408
0.420019
0.402479
1.011276
1.557117
0.921438
0.842788
1.14447
0.988885
5.7646075230342349E17
2.8823037615171174E17
0.656901
2.317742
1.431683
0.634009
0.568034
0.292514
0.427726
1.912698
0.712871
1.727856
1.400499
1.19877
1.696099
1.338523
1.676647
0.633729
0.63081
0.831111
0.860155
3.367265
2.25776
2.256903
12.684848
0.952663
1.994318
1.546533
2.275838
3.833333
2.145376
3.856
0.952475
2.583382
0.514023
0.712871
1.2376
3.833333
1.447639
0.760317
0.316239
0.633729
0.632275
1.431683
1.399427
1.992176
1.731979
2.880478
2.038812
0.791915
3.565497
0.47012
4.801193
0.291042
0.0
0.287546
0.26644
0.25493
0.991822
0.633729
0.117357
0.614636
0.378656
0.374292
0.301382
0.249638
0.269339
0.475194
1.063469
1.073602
0.37096
0.19803
0.272946
0.355738
0.608578
0.234641
0.546787
0.188955
0.105042
0.474308
0.633729
0.468
0.464255
0.791915
0.681159
0.187352
0.145388
0.949791
0.736622
0.071461
0.353538
0.230616
0.208608
0.15509
0.11907
2.240186
1.431683
2.869307
0.34127
0.293432
0.378656
0.200173
0.843629
0.236686
0.622704
0.157133
0.474308
1.320264
0.314888
1.082553
0.633729
1.281421
0.316239
0.157133
7.2057594037927936E16
0.0
0.56129
0.233663
0.611275
0.712871
0.0
0.539389
0.393973
0.449734
0.543379
0.768182
0.952475
1.431683
0.677364
2.409639
0.633729
1.034826
0.831111
0.570573
0.671946
0.570575
0.479438
5.7646075230342349E17
1.431683
0.569109
5.690722
1.912698
2.409639
1.542008
0.633729
4.801193
1.431683
1.431683
2.240186
0.831111
0.551618
0.713553
0.903591
1.36833
0.527555
0.787694
0.61404
1.276882
0.474308
0.569109
2.240186
0.52193
2.869307
0.541671
0.211765
7.332657
2.914807
1.741858
2.41875
2.240186
1.892971
0.791915
3.833333
3.833333
2.18069
1.946502
0.474308
2.655936
2.211538
1.223812
0.0
0.472222
0.952381
1.001757
0.851401
0.205257
0.466934
1.931174
0.717692
0.713374
0.0
0.389649
0.704082
0.26644
2.068793
3.141049
6.329293
3.741611
1.67154
3.188907
2.203963
0.236686
1.912698
0.952286
0.6991
0.551451
0.520041
0.515426
0.952475
0.093206
0.82315
0.0
0.501981
0.558621
2.880478
0.582836
0.188955
5.7646075230342349E17
0.236686
0.693685
0.406771
0.397212
0.951807
0.428001
10.690141
2.959524
2.840443
0.684797
0.530291
1.087322
0.711155
4.133684
2.395626
3.33679
3.470833
0.791915
2.289421
3.123658
2.643642
9.364008
1.676647
4.476796
4.281385
1.039758
3.583878
1.381574
2.914807
1.434263
1.439516
1.727856
5.7646075230342349E17
2.8823037615171174E17
2.869307
0.316239
3.833333
0.712871
5.7646075230342349E17
1.194779
0.712871
0.587349
1.105263
1.353284
6.748503
1.104965
1.2376
0.95092
1.316901
1.431683
1.090286
1.431683
0.952569
0.74303
0.582534
1.040323
0.43686
0.314888
0.188955
0.314888
0.981316
1.107862
1.434599
14.69574
1.279345
10.690141
1.823889
0.952096
1.016802
1.109607
0.63081
2.8823037615171174E17
1.316901
0.117357
0.473267
1.3
1.431683
1.912698
0.952475
1.188818
1.909091
0.760317
1.943764
0.928404
1.311851
5.334004
0.717918
1.001517
0.886878
0.857741
1.355395
1.05353
1.593771
2.763364
0.801888
1.770877
10.690141
0.952569
1.338523
5.7646075230342349E17
3.548625
12.684848
4.958592
1.54268
1.431683
1.192843
0.994601
1.431683
3.833333
1.676647
5.432099
1.912698
1.495726
0.756424
0.838521
1.082022
0.566534
0.888458
0.248125
0.472222
1.431683
0.712871
1.431683
1.431683
1.434263
3.367265
1.283747
0.4821
0.483747
3.856
1.434263
0.629333
4.801193
7.728
1.15292150460684698E18
10.690141
2.891784
1.49254
1.64529
1.15292150460684698E18
8.634335
6.82996
0.0
0.755452
0.558621
0.0
4.878296
0.357105
0.591451
1.125844
0.566534
1.021443
10.690141
0.5559
0.633729
0.528933
0.235178
0.664611
1.912698
0.475345
3.07971
3.833333
1.431683
0.791915
0.475345
0.633729
3.833333
0.952191
1.178236
1.07449
0.952569
2.950413
0.889959
0.952191
0.951807
2.395626
1.15292150460684698E18
0.952191
0.314888
4.801193
1.488798
1.107862
1.36833
0.846988
0.49552
1.934959
1.194779
0.355089
0.768258
0.478268
7.2057594037927936E16
0.579692
2.365293
0.635682
0.269339
18.766871
0.255446
1.15292150460684698E18
0.543317
0.470688
0.57616
0.718439
0.642639
0.952286
0.442895
0.88819
0.379144
0.531133
0.612954
0.665114
0.663612
3.833333
3.825067
0.788621
0.188955
1.15292150460684698E18
1.482193
8.711423
4.801193
0.714476
0.664855
1.484868
0.992583
0.378656
1.194779
0.711155
0.583164
0.952475
1.946502
0.893352
1.822831
1.912698
1.912698
2.240186
1.912698
0.472222
2.409639
1.92
1.482749
2.319502
0.236686
1.599732
1.621521
1.066489
0.591451
1.272487
0.95112
0.58603
0.475613
0.462981
0.39749
1.353333
1.009472
2.439166
6.229721
0.68308
0.420864
0.332482
0.503612
0.318416
0.581275
0.477373
0.316239
0.699766
0.619599
0.810263
0.320696
0.561468
0.705224
0.55494
0.527515
1.039214
0.343856
0.952096
0.0
1.427632
0.633012
0.917725
0.60355
0.600798
0.801888
1.283916
4.154786
0.616346
0.952096
3.833333
0.316239
0.678492
5.7646075230342349E17
7.728
0.630638
2.370074
3.833333
0.952475
2.954406
2.077745
2.869729
1.818721
1.286111
0.711155
1.194779
0.0
0.952
3.430002
2.033744
7.837398
3.219545
0.633729
2.8823037615171174E17
0.952286
1.15292150460684698E18
2.359325
3.856
2.821378
1.912698
3.833333
5.7646075230342349E17
2.950413
2.032006
1.382635
0.378656
1.51103
3.72229
2.745039
1.279133
2.989089
1.184563
2.658495
1.833559
5.7646075230342349E17
1.633984
2.765247
3.001065
2.350413
1.557143
4.015873
1.431683
0.712871
2.163024
4.0
3.72229
1.15292150460684698E18
1.185551
2.987368
0.378656
3.363205
1.576336
3.609721
3.548625
1.431683
1.431683
0.134404
1.669845
1.648618
5.7646075230342349E17
2.799947
2.71832
3.833333
5.7646075230342349E17
3.1702
2.60497
2.073312
1.916326
1.272487
4.801193
6.571038
5.7646075230342349E17
1.83738
5.432099
0.952475
3.875536
3.380979
2.556846
2.517641
5.7646075230342349E17
7.332657
4.946087
2.821649
5.7646075230342349E17
1.439516
1.442191
0.633729
2.51596
0.677573
1.912698
0.854558
2.395626
1.36833
1.192843
0.259563
1.593771
1.277127
0.964729
1.338523
2.332331
6.748503
1.373776
0.72673
1.242034
1.431683
1.124723
1.067538
1.400636
6.012552
1.436957
1.258896
0.269339
1.645553
1.133419
1.078157
0.898855
1.388184
1.044418
1.181469
1.544335
1.085873
1.350824
1.136268
1.11471
2.869307
4.839357
0.712871
1.17619
1.265099
3.367265
1.145673
0.633729
Gen running time:35.042639915
17818528
