connecting
connected
Odds Ratio
0.637893
1.101231
2.017442
4.169697
2.017442
13.546547
9.854237
0.784713
7.2057594037927936E16
0.366176
7.2057594037927936E16
3.034985
7.2057594037927936E16
0.0
1.005814
0.0
1.44115188075855872E17
2.021423
8.458691
0.0
3.034985
1.038136
0.5
7.2057594037927936E16
1.44115188075855872E17
25.544554
1.210588
0.0
0.962981
0.333333
1.62933
0.426072
1.44115188075855872E17
2.017442
0.0
7.2057594037927936E16
0.6
0.0
7.2057594037927936E16
0.0
0.0
18.209877
0.398837
7.2057594037927936E16
0.0
1.076122
0.187077
0.079437
2.374631
1.005814
0.0
7.2057594037927936E16
0.0
0.0
4.05848
7.343365
7.2057594037927936E16
0.0
246.428571
5.7646075230342349E17
7.2057594037927936E16
0.331395
65.584192
16.370824
1.44115188075855872E17
0.0
0.0
0.0
5.199603
2.48505
2.432983
2.356195
0.564666
47.75098
0.0
0.208857
12.321429
1.8446744073709552E19
0.196512
0.0
1.15671
7.2057594037927936E16
1.005797
1.44115188075855872E17
8.93921
7.2057594037927936E16
2.023392
1.117117
0.0
6.681957
0.333333
13.901042
3.306122
1.06524
0.0
0.0
0.0
Gen running time:4.712912615
2292304
