connecting
connected
odds ratio
7.2057594037927936E16
5.7646075230342349E17
1.565278
0.932224
1.722222
0.712329
1.847826
1.240123
0.988235
1.44115188075855872E17
1.2
0.488235
0.988235
1.335616
1.35751
1.687243
1.687243
2.235294
0.483671
1.32522
0.9875
0.988095
1.44115188075855872E17
0.0
1.44115188075855872E17
1.965241
3.838384
1.5
7.2057594037927936E16
0.731928
0.0
0.321569
1.714286
0.987952
1.784038
0.321569
0.0
2.0
0.0
1.687243
0.0
1.5
7.2057594037927936E16
0.988095
0.988235
0.0
2.02439
7.2057594037927936E16
2.0
0.987805
1.44115188075855872E17
0.988235
7.2057594037927936E16
0.0
7.2057594037927936E16
1.013333
0.650794
0.988235
0.988095
7.2057594037927936E16
1.922535
3.036145
2.0
1.411667
2.561728
3.036145
0.482143
1.449324
1.240909
1.44115188075855872E17
1.44115188075855872E17
1.163136
7.2057594037927936E16
3.194805
1.664783
1.985294
1.44115188075855872E17
0.870903
0.988235
0.321569
0.380952
1.612963
1.634286
0.475904
3.173981
3.194805
3.504762
1.2
1.44115188075855872E17
1.076923
1.216216
1.041667
0.988235
2.02439
0.633333
2.214616
7.2057594037927936E16
1.574074
1.661859
7.2057594037927936E16
1.44115188075855872E17
2.0
7.2057594037927936E16
0.842809
0.0
0.987013
0.988235
2.421941
0.988235
3.036145
0.977778
0.0
16.236735
1.44115188075855872E17
0.687831
2.573123
2.421941
0.0
0.0
1.142857
0.0
1.25
7.2057594037927936E16
1.560811
0.988235
0.0
2.0
0.934054
1.250638
1.285211
0.0
0.987013
0.988235
0.488235
0.488235
3.6028797018963968E16
2.02439
0.983607
2.560185
1.070602
1.51875
7.2057594037927936E16
1.44115188075855872E17
0.0
7.2057594037927936E16
0.13969
7.2057594037927936E16
1.045455
0.0
1.013158
1.195446
0.0
2.0
4.097561
0.0
0.988235
0.988235
0.0
0.493976
0.988235
1.794304
7.2057594037927936E16
1.358907
0.988235
3.036145
1.714286
1.364548
0.238235
0.988235
1.198718
3.036145
0.666667
0.704981
1.482422
0.988235
1.487288
1.333333
0.988235
0.84359
4.097561
7.2057594037927936E16
1.17787
1.238519
1.221053
7.2057594037927936E16
2.086957
0.618601
0.988235
1.466063
1.029412
1.5
0.0
1.56341
7.2057594037927936E16
0.921642
1.587097
1.394673
3.6028797018963968E16
1.453846
0.0
1.352727
7.2057594037927936E16
1.358907
7.2057594037927936E16
0.520147
0.520147
0.0
1.718681
1.70339
0.650794
0.986842
0.321569
1.641026
2.271255
0.0
1.5
1.431818
0.0
0.488235
1.080877
1.234756
0.987654
0.866097
1.292308
0.0
0.0
0.988235
0.0
0.988235
0.0
3.1125
2.0
4.097561
0.0
3.6028797018963968E16
1.493844
1.425134
7.2057594037927936E16
0.0
0.988235
8.831169
2.394693
7.2057594037927936E16
0.0
0.748242
0.642276
2.076923
4.392857
0.803571
2.8823037615171174E17
7.2057594037927936E16
1.894737
2.421941
0.475904
1.49434
2.0
2.0
2.0
0.0
1.5
7.2057594037927936E16
0.321569
0.5625
1.303489
1.49434
0.728745
1.238329
1.333333
0.987952
1.451389
1.44086
7.2057594037927936E16
1.141509
0.265306
0.988235
1.18287
1.101389
Gen running time:20.819362807
6172207
