connecting
connected
2.28922,597.21784,0.022414674282700053
1.439305,635.268891,0.15055666801578216
-0.765011,513.377403,0.4446165152495254
-2.960364,393.168551,0.00325894025108842
-0.583558,615.295994,0.5597315668437564
-2.805768,408.221379,0.005259846696594626
-6.234649,417.98763,1.1084416111184078E-9
2.039245,530.065029,0.04192103224361965
-1.0,345.0,0.31801136380136485
2.465545,485.264905,0.014025451500844666
-1.0,345.0,0.31801136380136485
-1.008287,547.564486,0.31376204780516426
-1.0,345.0,0.31801136380136485
1.0,347.0,0.3180073272010977
-0.006101,684.046043,0.9951339152850663
1.0,347.0,0.3180073272010977
-1.418772,345.0,0.1568682449844998
3.656509,498.125229,2.8286719969705665E-4
-12.974913,445.777004,6.967268589200034E-33
1.0,347.0,0.3180073272010977
-1.008287,547.564486,0.31376204780516426
0.471707,673.495734,0.637288715861823
0.241431,674.611327,0.8092944525861046
-1.0,345.0,0.31801136380136485
-1.418772,345.0,0.1568682449844998
-26.575544,615.526017,3.101673262533283E-104
-0.09724,682.768941,0.9225643399218003
1.0,347.0,0.3180073272010977
0.69707,656.914618,0.48600559197851356
1.155895,403.213954,0.24840854805896484
-2.685759,634.453022,0.007425853561682013
1.484489,502.595802,0.13830611714206076
-1.418772,345.0,0.1568682449844998
-0.583558,615.295994,0.5597315668437564
1.0,347.0,0.3180073272010977
-1.0,345.0,0.31801136380136485
0.629553,662.752402,0.5292040386696819
1.41784,347.0,0.15713483789660554
-1.0,345.0,0.31801136380136485
1.0,347.0,0.3180073272010977
1.0,347.0,0.3180073272010977
-19.090411,447.018929,7.465170170552539E-60
0.792552,671.032174,0.4283189897904198
-1.0,345.0,0.31801136380136485
1.41784,347.0,0.15713483789660554
0.640161,642.449622,0.5222961690544918
12.798311,553.543927,0.0
21.198622,374.511476,0.0
-1.107601,629.396834,0.2684572701575285
-0.483006,562.72233,0.6292793333722436
1.0,347.0,0.3180073272010977
-1.0,345.0,0.31801136380136485
1.0,347.0,0.3180073272010977
1.0,347.0,0.3180073272010977
-1.498681,405.601269,0.13473427944404215
-10.891576,450.523414,1.1108198819419291E-24
-1.0,345.0,0.31801136380136485
1.0,347.0,0.3180073272010977
-39.814337,681.405813,5.332268478866745E-180
-2.673172,345.0,0.007870859909595464
-1.0,345.0,0.31801136380136485
1.954774,366.454412,0.051369714051107795
-7.070184,348.030493,8.52200465153793E-12
-22.749703,615.213482,1.3364841204334178E-83
-1.418772,345.0,0.1568682449844998
1.376908,347.0,0.16942834237790239
1.0,347.0,0.3180073272010977
2.011271,347.0,0.04506972659806996
-11.687472,684.03893,6.715855559777863E-29
-2.825088,683.547386,0.004864621982537639
-2.180629,682.328483,0.029551738408230385
-0.764525,593.781172,0.4448581595018134
1.320801,620.60064,0.18705455074446986
-12.697454,352.391375,1.1194998413586316E-30
1.0,347.0,0.3180073272010977
13.518241,389.176399,0.0
-6.39889,590.085353,3.1905968379130133E-10
-35.375093,637.596937,1.6455393341170345E-152
2.536424,400.047241,0.011578450807168572
3.910061,347.0,1.109913881691682E-4
-0.496934,674.722504,0.6193974685366761
-1.0,345.0,0.31801136380136485
-0.004535,684.04601,0.9963829281232375
-1.418772,345.0,0.1568682449844998
-3.443907,394.388434,6.348590079882282E-4
-1.0,345.0,0.31801136380136485
-1.365209,393.181262,0.17296797926640284
1.629487,609.413322,0.1037267149658927
1.409992,347.0,0.15943773121258475
-1.412023,605.669656,0.15845674766373274
1.210691,446.130896,0.22665484644997802
-23.742725,470.980451,1.596945551842757E-82
-6.602445,508.109078,1.0203954321690748E-10
0.621376,576.760615,0.5345977653685092
1.0,347.0,0.3180073272010977
1.0,347.0,0.3180073272010977
1.41784,347.0,0.15713483789660554
Gen running time:333.308899645
175980975
