t-stat,Degrees Of Freedom,p-value
-3.39999,94.0,9.905071533043463E-4
-1.348372,94.0,0.18077874968936058
2.013853,136.576328,0.045989302802908805
1.706719,110.0,0.09069581407032112
-1.960811,101.14691,0.052651135085193604
-1.99057,108.854376,0.04903443865800222
-1.577882,107.588504,0.11752853665390028
-0.367131,176.10166,0.7139621005566492
0.988504,190.764306,0.32415800794843674
-0.729406,159.836429,0.4668208761409578
-0.524963,176.726828,0.6002668463888556
-1.386918,118.83658,0.16806274451909564
0.179143,189.282,0.8580170319915732
-0.677694,145.572521,0.4990414188663609
-0.844403,159.074956,0.39971236054522474
-2.2396,103.883953,0.027247584584081507
-1.626004,108.453757,0.10685116077147783
-1.0,94.0,0.31987780624076745
-2.853457,173.208,0.004852013329230835
-0.296088,166.924746,0.7675309131900395
-1.712126,140.269695,0.08908333965130044
-2.541926,112.782814,0.012381424622451743
-1.0,94.0,0.31987780624076745
-1.42638,94.0,0.1570715690230723
-2.369836,167.246415,0.01893570721882468
-1.179854,132.098782,0.24017867170968688
-1.873701,109.401091,0.06364009958687848
-0.543317,168.381051,0.5876301109359687
-0.564155,190.946581,0.573310689582122
1.656457,110.0,0.10047916772567023
-1.671367,106.461692,0.09758622185940868
-1.944546,94.0,0.0548189429459635
-2.024431,94.0,0.04576321016499952
2.018123,127.046803,0.04568433691265383
-1.35739,130.396005,0.17700200540532396
0.519789,182.874403,0.6038392476389389
0.492371,195.82296,0.623008659805607
1.787426,129.842914,0.07620144686270325
1.0,110.0,0.3195052347699079
0.099665,198.230128,0.9207110070616329
0.525317,199.075013,0.5999474304879515
0.300884,198.524606,0.7638178346043698
-0.335373,188.181958,0.7377173093327434
2.266929,163.303274,0.02470655271960953
-0.095789,191.268171,0.9237884397817366
0.35363,199.796445,0.7239890589066784
1.427093,110.0,0.15638556761211708
3.206,195.073131,0.0015728415609046476
-0.044802,197.325109,0.9643104366212517
1.797366,180.919251,0.07394526922022404
-0.164057,172.127965,0.8698787538603026
-1.035154,155.45029,0.3022046406949004
-1.525183,131.845835,0.12960866834204376
-0.550375,156.942827,0.5828446927136883
-1.428001,94.0,0.1566056229012549
-1.0,94.0,0.31987780624076745
-1.838506,94.0,0.06914561641416538
2.205476,183.282933,0.02866451005038395
1.788636,123.717392,0.07612071703279888
1.661869,123.47091,0.09907594862780589
-0.46247,134.647746,0.6444907778917022
4.375218,200.051644,1.951632603414133E-5
0.425782,160.822898,0.6708359695118788
0.628871,154.482261,0.5303622928298419
-0.207273,189.240256,0.8360195287573128
0.894841,199.517672,0.37195032842818
1.215209,182.028979,0.22586022174729692
0.287157,200.057219,0.7742893172559302
1.386233,198.327385,0.16723224937199888
1.687768,136.161236,0.09374509227208705
2.138699,110.0,0.03467239338372852
1.180307,155.644617,0.2396788372546914
3.209891,190.961531,0.0015578357029721879
0.719268,154.715637,0.47306082397885896
0.742057,197.286234,0.4589353213798655
-0.18583,199.518011,0.8527668675724842
0.996224,196.04837,0.32036932617763725
2.040599,154.111184,0.042997445521599786
-0.588354,170.622041,0.5570727107509337
1.943434,186.869785,0.053465844505048654
2.794615,148.77815,0.00588114743219359
0.254596,192.694712,0.799306645848864
1.879152,149.267512,0.062173235813833605
1.857156,188.688139,0.06484747807260094
0.309991,199.496199,0.7568913799620656
1.971645,188.292341,0.05011482383762966
3.301023,191.797453,0.0011487619145131855
3.27595,199.513466,0.001241785336342005
3.656827,185.876236,3.3233093134121816E-4
0.597511,199.337023,0.5508444158126351
0.283354,173.324566,0.7772436445764732
0.087854,185.454806,0.9300875095599179
1.426139,110.0,0.1566601128471432
0.398569,185.448316,0.690669329097628
0.553516,196.294003,0.5805400420768905
1.225258,200.058036,0.22191858984142754
-1.0,94.0,0.31987780624076745
-1.0,94.0,0.31987780624076745
2.42799,126.874287,0.016585619133066443
1.539031,174.756282,0.12560542706339262
1.530686,110.0,0.12871785772734423
2.850296,132.713438,0.005066012801425934
3.169635,199.830044,0.0017663160250400711
-1.409945,94.0,0.16185617187529644
1.381175,110.0,0.17002453700090392
-1.0,94.0,0.31987780624076745
-2.377965,109.835694,0.019136183563688885
-1.452532,116.980889,0.1490307785771281
-1.522137,153.170115,0.13003657609710695
-1.807947,97.81983,0.0736878076386992
1.0,110.0,0.3195052347699079
-0.323353,156.95283,0.7468583409569916
0.182594,197.08651,0.8553042774738777
1.6774,110.0,0.09630367934979378
0.278566,190.061303,0.7808807504923516
-1.750709,94.0,0.08325853197648297
-2.140596,94.0,0.03489446757796612
-2.410644,94.0,0.017869582117487383
-1.797173,94.0,0.07551946474011906
-1.0,94.0,0.31987780624076745
-3.992146,122.640426,1.1198040819043257E-4
-0.162411,198.817551,0.8711471544740956
-2.142819,94.0,0.0347104399443047
-1.0,94.0,0.31987780624076745
-1.181904,153.66993,0.23906949477208594
1.0,110.0,0.3195052347699079
-0.884329,115.583878,0.3783544836636863
-0.809754,137.686961,0.4194787998464049
3.589702,182.862779,4.251263408596717E-4
0.130017,197.965528,0.8966849910441661
-0.634999,193.821206,0.5261779640517146
-1.396077,94.0,0.16597975436763013
-1.564158,131.954776,0.12017556352205327
0.482019,196.481097,0.6303289423739398
0.089,199.636797,0.9291711298265448
0.279067,182.845832,0.7805087956497943
-0.648012,189.894632,0.5177599300332537
-3.017507,179.617367,0.0029188936445126126
-0.206195,180.667492,0.836870769072185
1.0,110.0,0.3195052347699079
-0.707039,179.423175,0.48045950065734955
0.197597,192.599957,0.8435687680402184
-2.157204,153.034333,0.03255057339484237
1.393416,191.390675,0.16511009145073463
1.0,110.0,0.3195052347699079
3.073762,199.532497,0.0024094224052346735
-0.955065,121.718656,0.34143778527954927
0.885709,190.971171,0.3768882589670888
2.214168,199.861707,0.02794755778490776
0.265971,185.417331,0.7905570563588586
1.688917,166.045156,0.09311232122352964
1.563402,195.719396,0.11957351894718249
3.510556,152.490209,5.882612941239262E-4
1.607919,191.289811,0.10950216911175437
0.990956,192.542271,0.32295075562102804
1.550288,113.744948,0.12385038221428424
3.171444,199.412262,0.0017564031985444206
0.399842,196.741031,0.6897066562583689
1.801899,110.0,0.07430025646534344
1.036744,175.635132,0.3012804362740429
3.035813,199.753402,0.0027184213484738873
-0.151738,188.406874,0.879555940843136
2.518428,182.972526,0.012645340409464856
2.785374,172.393025,0.005944988253386629
3.998872,187.211701,9.152538427104062E-5
-0.122981,195.407027,0.9022485386886795
0.302723,179.539045,0.7624514136160716
3.458421,110.0,7.738340582370551E-4
1.967635,110.0,0.051627270253499224
0.219917,194.538368,0.8261663927658889
0.386579,197.919004,0.6994832012679564
2.789858,162.77858,0.0059028378784873325
1.021135,167.978858,0.3086588593823074
2.191611,198.685864,0.029570043893883735
1.0,110.0,0.3195052347699079
0.983302,196.8012,0.3266661270770186
-1.065487,143.938844,0.2884396159286756
1.668408,143.087804,0.09742156580076533
2.008073,110.0,0.04708633992250988
-0.092062,177.61522,0.9267525315789066
2.168001,110.0,0.032313607162608005
1.426539,110.0,0.1565449544709101
4.258549,123.607796,4.035440445693261E-5
3.237771,113.72141,0.0015789845896423405
-1.768835,94.0,0.08016510967918085
-0.899605,103.536798,0.3704180450519954
-1.442002,94.0,0.15262534145853823
1.833482,134.745137,0.06893771488244527
0.39948,182.551266,0.6900065377951079
1.0,110.0,0.3195052347699079
3.699663,143.826978,3.0657973089120993E-4
0.280566,199.887636,0.7793334677042223
0.612976,184.882328,0.5406455053679304
2.565967,155.907936,0.011231132546672074
1.464217,185.729075,0.14482519215675493
-0.55591,133.523856,0.5792027119250194
0.172934,199.296804,0.8628788088191692
0.235175,186.808157,0.8143305054417449
1.0,110.0,0.3195052347699079
-0.848321,133.484915,0.3977778765453024
1.355414,110.0,0.1780622603969768
-1.0,94.0,0.31987780624076745
1.896545,140.470322,0.05994120063692887
1.680642,110.0,0.09567006946227918
3.996323,199.633221,9.047532103667599E-5
3.399005,183.930643,8.292309167345913E-4
2.858862,146.804517,0.004870877209418589
4.132778,196.376261,5.304163175190446E-5
2.726334,162.631185,0.007106636192648175
0.089369,178.713725,0.9288887334457578
1.0,110.0,0.3195052347699079
-1.0,94.0,0.31987780624076745
1.426618,110.0,0.15652221838879843
-1.243501,152.874821,0.21558681585375195
0.42608,196.090097,0.6705168794346426
2.412217,200.03353,0.016758591970382763
1.247094,190.072876,0.21389751506551868
2.789744,168.415054,0.005883201069997179
3.207529,193.169793,0.0015672548278009568
-1.0,94.0,0.31987780624076745
-1.316713,94.0,0.19113607954644263
0.461797,197.585554,0.6447349334213255
-2.095547,99.482386,0.038661199149603635
-1.0,94.0,0.31987780624076745
-1.0,94.0,0.31987780624076745
-1.03402,161.791593,0.30266991715341296
-0.92898,118.907957,0.35478146132216604
-1.0,94.0,0.31987780624076745
0.867417,170.140314,0.3869353085860452
1.637904,162.004192,0.10338255885250702
-0.53644,193.17828,0.5922717001272165
0.545604,197.024532,0.5859553480145461
1.57819,110.0,0.11739348276366535
1.196915,180.996432,0.23290503990326794
1.325409,113.0386,0.18770812413643645
1.480993,186.533104,0.1402956003145608
-1.0,94.0,0.31987780624076745
1.0,110.0,0.3195052347699079
-1.248451,114.491571,0.2144128640189199
3.017101,198.798588,0.0028856962714136625
-1.072152,99.289814,0.2862508230615959
1.533827,140.659292,0.12731841430386548
3.131947,116.862545,0.002194668538828104
-1.934857,125.065669,0.055265640056722506
-0.508816,149.362563,0.6116319854705279
-0.822809,190.783583,0.4116438579811259
-2.92906,163.056027,0.0038871101955637757
-0.208183,179.373193,0.8353222754167307
-1.938269,102.587645,0.055338891982520934
1.966266,110.0,0.05178728771265728
-0.276251,164.858872,0.7827012977529035
-1.0,94.0,0.31987780624076745
-1.55868,190.542557,0.12073150535959343
0.405673,185.054304,0.6854515338794307
1.0,110.0,0.3195052347699079
-0.193354,178.235673,0.8469019019230721
-2.27911,148.612233,0.024084639974929763
-0.448629,190.556585,0.6542090395862519
1.0,110.0,0.3195052347699079
0.194658,196.321999,0.845861983636413
-0.462731,134.608907,0.6443043565186608
0.153181,198.987049,0.8784107645345192
-0.19313,193.708461,0.8470595050385576
2.576499,172.136259,0.01081958888851986
-0.423071,171.695695,0.6727728892752565
-0.887711,164.352309,0.37599348454580284
0.410689,199.382467,0.6817416122530275
-0.939437,172.31658,0.3488214063050672
1.993773,110.0,0.048651626185853614
3.134759,196.567963,0.001983526173082284
-0.332474,182.12613,0.7399137260622621
0.988323,186.500021,0.3242749707760586
-1.436648,173.923029,0.15261443367100624
-4.023294,142.725597,9.270048229770915E-5
-1.742739,94.0,0.08464947235156199
-3.324185,119.78222,0.0011769875725706
-6.438812,197.783498,8.932693445649272E-10
-1.472523,182.578698,0.14260144255406693
-2.71723,189.184038,0.007194127783403237
1.40138,110.0,0.1639156142642486
1.0,110.0,0.3195052347699079
1.0,110.0,0.3195052347699079
2.61036,196.632283,0.009741255130027326
2.209154,199.855395,0.028299930836031884
1.629862,199.951086,0.10470496875880153
3.206172,170.565272,0.0016062134071828105
-1.417313,103.886035,0.15938363540958067
3.870527,114.924108,1.8074319305738662E-4
0.742238,200.054589,0.4588137149525755
2.366783,110.0,0.019691706877082327
2.714959,199.824886,0.007208473395764692
0.87705,171.083071,0.3816893771624623
1.804651,197.607427,0.07265182134409698
1.362396,110.0,0.17585599323730117
-1.0,94.0,0.31987780624076745
-0.495567,107.061566,0.6212156371133185
0.487244,199.989811,0.626619063856465
4.619307,187.182364,7.1467751829867865E-6
3.379866,191.762413,8.785779646838243E-4
1.631501,110.0,0.10564444099918191
5.018217,161.326774,1.3654340218494099E-6
-1.0,94.0,0.31987780624076745
-1.471252,191.732867,0.14286231845033082
-2.399919,156.871871,0.017570723170515015
1.50415,199.239559,0.1341262641131289
1.3486,196.928536,0.179014349302129
-1.835178,158.432281,0.06835450741482511
0.924217,129.485489,0.3570924724500186
-1.539711,184.109129,0.1253477512831097
-0.049236,195.718273,0.9607814306544415
-2.251979,165.433883,0.025639117745701573
-0.78222,188.231323,0.4350681785898647
-0.09025,164.990146,0.9281980209035929
-4.687353,138.325104,6.554968778638242E-6
-1.952785,148.079224,0.05273079051024518
-4.658774,132.677283,7.636208964308933E-6
-1.62194,94.0,0.10816571149455201
-0.421956,187.18342,0.6735413531998744
-5.712967,92.41028,1.3427945314900486E-7
-0.667131,163.075998,0.5056313359587616
-4.725541,140.932796,5.495776037715852E-6
-2.548905,112.501518,0.012153310253962388
-4.562039,129.162436,1.1632509212735129E-5
-2.147802,94.0,0.03430098709979002
1.303382,110.0,0.19516583573425517
-1.236471,94.0,0.219364102837441
-1.0,94.0,0.31987780624076745
1.0,110.0,0.3195052347699079
1.0,110.0,0.3195052347699079
-1.0,94.0,0.31987780624076745
-2.516584,97.924417,0.01347442926202377
0.482897,196.427352,0.6297066309108186
0.650254,195.772181,0.5162905050225719
-0.710965,192.760271,0.47796531067727255
-0.116614,191.012518,0.9072884591606799
-1.032788,145.944791,0.3034115173612033
-0.296846,178.275486,0.7669296521249505
0.098994,194.683414,0.9212448895603198
-0.725596,176.429773,0.46904784314371895
1.0,110.0,0.3195052347699079
1.737095,110.0,0.0851695602814666
-1.0,94.0,0.31987780624076745
-0.031209,197.053218,0.9751344495809603
1.92307,199.468214,0.05589532726601454
-0.653757,176.252037,0.5141203996330408
1.860829,124.662421,0.0651242764532094
1.0,110.0,0.3195052347699079
0.369726,193.894938,0.7119901546014651
1.791136,139.863637,0.0754340892019354
-1.373182,102.816687,0.17268302940522784
-0.600295,194.203735,0.54900950248096
-1.0,94.0,0.31987780624076745
0.784076,199.692823,0.4339245684459261
-1.926906,94.0,0.057011499813728383
-0.374849,175.829923,0.7082245050818197
1.222543,139.806823,0.2235593403042997
-0.239703,177.007781,0.8108378571837924
0.815618,196.436487,0.4157065049047486
-1.0,94.0,0.31987780624076745
-0.180988,131.660669,0.8566553075951581
1.0,110.0,0.3195052347699079
0.941282,141.487629,0.34816469560776886
-0.458455,183.413001,0.6471683376124122
1.334095,110.0,0.1849281570032184
1.0,110.0,0.3195052347699079
0.480698,199.536112,0.6312577821304535
-1.0,94.0,0.31987780624076745
-1.180357,160.453662,0.23960513663066796
2.085048,194.609772,0.03836952911518088
-0.114317,171.209593,0.909120456401036
1.0,110.0,0.3195052347699079
3.989115,198.647553,9.320704604243168E-5
-0.135422,191.970815,0.8924201222171085
0.973068,190.286922,0.33175482883775276
-0.476553,181.497749,0.6342536789708255
-2.275029,146.21206,0.024358251455067727
-0.005849,188.941152,0.9953393707796745
0.095716,191.352583,0.9238462976621733
-0.889326,177.065916,0.37503452748410315
1.178795,175.635769,0.24007429477531095
-0.845384,168.871411,0.3990926721021204
-2.009851,94.0,0.047313449734326635
-1.377881,94.0,0.17151142118750362
-1.375878,94.0,0.17212881085365916
-1.0,94.0,0.31987780624076745
-1.993759,94.0,0.04907632892858433
-2.460045,180.899833,0.014831200390337761
-1.426308,94.0,0.15709228970287248
-0.997304,155.430833,0.3201670489368639
-3.052159,109.688939,0.002850507839246346
-1.676137,94.0,0.09703448159504524
-1.409388,128.324223,0.16113928549286138
-1.0,94.0,0.31987780624076745
1.464577,195.579115,0.14464192854482816
2.699,189.644825,0.0075829501086768225
1.87491,165.526496,0.0625666284992028
1.149421,178.66304,0.25191878063515083
1.302097,190.140634,0.1944583596286913
2.065568,135.569933,0.04077393969626786
1.0,110.0,0.3195052347699079
-1.750015,94.0,0.08337889783072178
0.781888,180.66242,0.43530391654361167
-1.0,94.0,0.31987780624076745
-0.858915,144.251326,0.3918124431385358
-1.0,94.0,0.31987780624076745
-1.424903,94.0,0.1574970522226794
0.470379,198.908356,0.6385996193731225
1.896223,157.862354,0.05975751662449458
1.842197,135.702766,0.06762911439073371
-0.80792,138.146659,0.42052563850543956
-0.176533,177.445664,0.8600765451534689
-0.498541,182.306861,0.6187037324901643
-0.952135,121.338285,0.34292133277901304
-2.326557,94.0,0.022137204914823762
-1.0,94.0,0.31987780624076745
-1.0,94.0,0.31987780624076745
-4.309972,118.021572,3.4012998011323755E-5
-1.742577,105.71825,0.08431543479579418
-2.243532,94.0,0.027210578476648917
-3.366443,94.0,0.0011043291693776432
-1.2507,94.0,0.2141481782597079
3.812075,175.644831,1.9049708503415808E-4
0.758391,199.794299,0.449110621762264
1.023601,199.633386,0.307262528211258
-1.946187,94.0,0.05461865664092555
1.0,110.0,0.3195052347699079
0.822464,157.390138,0.4120571679825482
-1.034934,180.073039,0.3020875821462039
-0.840722,145.652715,0.4018817345041258
-0.675959,174.745891,0.499960289475774
-1.0,94.0,0.31987780624076745
1.978591,199.582259,0.04923749508415165
2.296037,193.637494,0.022744460945251177
-1.044092,111.840813,0.2986943347970894
-2.040779,95.288369,0.04403876474095591
-1.429333,94.0,0.15622354566650787
-0.165186,187.891545,0.8689751732214901
0.039402,175.905986,0.9686145684584446
1.0,110.0,0.3195052347699079
1.148087,172.339036,0.2525237833191958
-0.140053,185.22856,0.8887702896817545
0.26498,197.177676,0.7913016697751627
1.0,110.0,0.3195052347699079
-1.532565,145.10317,0.127560456293777
0.728637,200.056498,0.4670758134780697
-0.612585,136.796259,0.5411677740143146
0.246662,199.881666,0.8054229586218518
-1.418882,99.828923,0.15904807151050426
-1.421293,94.0,0.15854072863338764
1.426177,110.0,0.1566491700030057
1.0,110.0,0.3195052347699079
0.427744,198.955174,0.6693001389502493
1.426392,110.0,0.1565872676087745
1.014477,122.221983,0.31235926100240774
-0.195586,182.273151,0.8451520821710273
3.345199,199.860917,9.81989734451405E-4
1.778468,122.580048,0.07780601870692139
1.0,110.0,0.3195052347699079
2.362943,110.0,0.019886676717787877
2.517227,184.217189,0.012681167839244
1.619256,191.148845,0.107040900449062
-1.0,94.0,0.31987780624076745
0.363622,192.299058,0.7165397413858368
1.384946,170.880168,0.16787444080062097
-1.37207,94.0,0.17330721686168382
2.200078,166.674488,0.029177098031137216
2.826837,199.957683,0.005178684850423609
2.634102,200.052346,0.009095887429854344
1.932014,195.84773,0.05480069373513197
1.162621,193.681389,0.24641382219587138
3.315749,199.825093,0.0010854770088239984
0.023943,199.293981,0.9809220310778044
1.732011,160.22757,0.08519609599185496
1.518538,195.350873,0.13049554252727358
2.506893,199.566021,0.012977705464547462
-1.545384,119.025518,0.12490812009421737
-0.183017,199.805525,0.8549702546738505
1.0,110.0,0.3195052347699079
-1.689343,94.0,0.09446811036905733
1.162533,168.490661,0.2466629768711106
-1.019473,152.397922,0.30959413966766447
0.708864,194.777207,0.4792564442482794
0.632177,197.991131,0.5280005496879738
-1.155453,154.331095,0.2496907038188072
0.037628,192.723281,0.9700232305067953
-0.332538,155.413248,0.7399311637628477
-0.06999,189.209314,0.944275535605607
-0.62475,173.07699,0.5329578925082457
0.506058,195.685234,0.6133855569354147
-0.419513,141.222967,0.675478726944874
0.611608,186.367684,0.541542491343967
-2.317335,130.0459,0.022047862950171884
-0.268934,166.079614,0.7883142698460013
-1.0,94.0,0.31987780624076745
1.0,110.0,0.3195052347699079
-1.045458,161.88784,0.29736985128220894
-1.821965,141.069484,0.07057846248237652
-0.135099,186.528324,0.8926792749691292
0.279134,185.886557,0.7804523035414128
-0.570433,179.323169,0.5690981086683711
-1.038755,141.258288,0.3006934686745145
0.297726,200.058086,0.7662212454701962
1.172262,157.875491,0.24285777336767111
2.165382,199.918143,0.03154265353813823
2.162381,189.642396,0.031840969374413275
2.912655,158.10797,0.004102664305851045
-1.0,94.0,0.31987780624076745
0.822106,152.423568,0.4123007265262184
-3.862895,175.809052,1.573626744754241E-4
-1.691463,127.223374,0.09319656097560725
0.335341,198.909094,0.7377212758405243
2.553782,161.800556,0.011579584755847305
1.937205,184.989086,0.054243365487538275
1.301697,184.314874,0.1946445501713936
4.778082,198.512507,3.436268444678703E-6
1.279527,194.20553,0.2022380640817274
1.468574,194.081276,0.14356727675727265
1.795342,174.370545,0.07433096023050201
1.68254,179.875408,0.09419919807980426
1.841815,198.195739,0.06699649272320629
1.816496,110.0,0.0720174859283449
2.588409,188.201504,0.010394843723230407
1.433399,198.218163,0.15331928147862728
3.516594,178.326245,5.543913350916085E-4
2.226764,188.434203,0.02714728082417439
-1.295289,162.658721,0.19705588564178544
1.846824,166.888415,0.06654346027824398
1.516677,110.0,0.13221687140546923
-1.333172,121.031977,0.184979306693285
2.232426,197.536251,0.026709698723022424
-0.596736,174.118718,0.5514587500953629
1.62922,196.909901,0.10486518040886983
-0.405414,163.085208,0.6857045684676122
0.521351,192.683166,0.6027209780272988
-2.5255,130.804748,0.012747196952116851
0.333374,175.046908,0.739250967040965
1.087351,183.745895,0.27830598665929207
-1.0,94.0,0.31987780624076745
-0.490565,194.122486,0.6242881967461332
-1.0,94.0,0.31987780624076745
-1.740209,94.0,0.08509498659210059
2.118707,163.495758,0.03562616954765718
-2.985011,144.768801,0.003330077509829372
-1.0,94.0,0.31987780624076745
0.106155,199.082883,0.9155662621096123
-3.993707,119.05996,1.1300069753459559E-4
-3.276363,156.771298,0.0012946608635046903
-0.897259,154.887445,0.3709732714168549
-2.42429,137.47573,0.016637599679441787
-0.651592,159.003484,0.5156050969272137
1.0,110.0,0.3195052347699079
1.0,110.0,0.3195052347699079
-1.700899,126.068197,0.09142733547311177
-2.381218,126.192684,0.018750356748933644
-1.370281,107.348843,0.17345804642196094
-2.219215,106.526885,0.028592140005248064
1.270787,134.172466,0.20600336093386273
-1.726078,94.0,0.08761890588742219
1.387169,110.0,0.1681944865614846
-1.32182,94.0,0.18943593162737393
-1.049728,179.49018,0.2952545183547072
-1.320467,94.0,0.1898852461678594
-1.681691,116.902831,0.09529835697549027
1.0,110.0,0.3195052347699079
-1.692553,94.0,0.0938527218629881
-1.749695,94.0,0.0834344461544915
-2.034348,104.289218,0.044454453344050224
0.290661,197.700679,0.7716152802537091
-2.617819,184.382303,0.009584538685064096
1.0,110.0,0.3195052347699079
-3.245037,129.956738,0.001493401724901692
-0.9915,129.841531,0.323285628419149
-2.793953,105.002264,0.006190227659272386
-0.711816,192.87998,0.47743877447898153
-5.957101,141.189895,1.946327765365516E-8
-0.956894,173.772683,0.3399501142144008
-3.970036,122.22821,1.217889143302667E-4
-4.724594,185.893114,4.535699756954105E-6
-1.0,94.0,0.31987780624076745
-3.222225,135.477151,0.0015932969702338847
-3.430295,156.803132,7.707316279691277E-4
-2.486837,146.359808,0.014011599185154263
-0.810721,160.60243,0.41872566274211287
-2.740867,181.952279,0.0067388962973094204
-2.863665,126.602887,0.004903283196111377
1.0,110.0,0.3195052347699079
-1.0,94.0,0.31987780624076745
-1.978576,94.0,0.05079067618267568
-2.280505,98.365912,0.02473566349170569
-3.31713,127.546106,0.0011851450944122587
-2.241789,109.982239,0.026981862962584726
-0.182663,187.173242,0.8552601444292715
-4.88458,127.282849,3.051842222732917E-6
-1.399934,192.698181,0.16314099484179823
-2.861812,102.399715,0.005108005812264074
-1.322322,94.0,0.18926942628626253
2.242584,114.654705,0.026846342090419695
-1.638072,133.430974,0.10376274660586116
1.427013,110.0,0.15640857605430591
-1.0,94.0,0.31987780624076745
-3.413445,138.848269,8.409884858276681E-4
-4.201934,136.475561,4.7537476833380224E-5
-1.0,94.0,0.31987780624076745
-2.868908,127.816212,0.004820697138063455
-2.87557,118.433504,0.0047834939113739145
-0.756813,167.502582,0.4502250990492631
-2.633762,119.487756,0.009561619091975485
-1.427887,94.0,0.15663835662243575
-1.637064,94.0,0.10496079280085102
-2.589034,119.819822,0.010816149662161679
-2.207239,94.0,0.02973133419127848
-2.677429,108.719091,0.008569082890580167
-2.991445,97.619032,0.003515315493130164
-1.0,94.0,0.31987780624076745
-3.139137,107.98249,0.0021853997925847498
-1.0,94.0,0.31987780624076745
-2.563836,107.127854,0.011738653815131566
-1.093637,156.908769,0.2757903169338516
-1.126322,120.171358,0.26227345817753145
-1.829965,103.224291,0.07014102474156864
-1.41787,94.0,0.15953524776049355
-1.393016,94.0,0.16690065274098265
-0.176538,161.519613,0.8600924583104336
-1.0,94.0,0.31987780624076745
-1.69886,154.393739,0.0913597155624275
-0.353812,151.865961,0.723970500485703
1.0,110.0,0.3195052347699079
-0.705453,158.909478,0.4815611881097489
0.340924,200.042455,0.7335185888301385
-1.772708,188.602265,0.07789131901093738
0.548115,199.56462,0.5842255230944278
-1.14327,117.629018,0.2552479611044808
-1.264029,134.828481,0.20840056170645715
-2.395877,183.374671,0.017586639950651257
2.132764,199.814535,0.03416433020533627
-2.29989,177.340156,0.022619327781351325
-0.586906,169.487822,0.5580477951331585
-1.044003,195.326296,0.29777434613691767
1.418063,158.239336,0.15813867001164605
-0.655644,194.86698,0.5128265240106393
-1.887655,94.0,0.0621571771398374
0.005513,197.101705,0.9956068604959765
0.273782,198.22963,0.7845372190954454
-0.125421,187.768769,0.9003244461242382
-1.295666,185.662275,0.19669910859231043
-0.72005,186.402968,0.47239611312863083
-0.012734,195.051548,0.9898530277745861
-1.593978,191.568012,0.11258950723749328
-2.330835,182.370107,0.02085557068222442
-1.434697,190.323783,0.15301459852077537
0.329275,198.686909,0.7422946808507087
-0.333479,181.454652,0.7391577724737194
-1.726829,181.444131,0.08590029463591613
-1.092694,183.161648,0.27596327818228394
0.058612,195.794248,0.9533209289798448
-1.032471,168.608588,0.303330196716478
-1.363948,94.0,0.17584106670476607
-1.325961,131.179835,0.18715683737156974
-0.070427,193.863928,0.9439263974432641
-2.514676,173.425912,0.012824152240588827
-1.839195,171.15562,0.06761909969078898
-1.0,94.0,0.31987780624076745
-0.686098,181.567584,0.49352648710679203
1.0,110.0,0.3195052347699079
