t-stat, degreesOfFreedom, pvalue
-3.412505,157.797802,8.178870244746468E-4
1.36255,130.0,0.1753802140263625
-1.006276,169.88827,0.31571390613689965
-0.916177,183.853253,0.3607742164436588
0.357749,279.882803,0.7208007961485083
2.724671,152.735436,0.007187696973344204
-0.295277,272.466579,0.7680071669467874
-0.49901,254.032652,0.6182041851792741
0.24896,255.259055,0.8035919220129817
0.654762,269.990443,0.513178410465793
0.129852,250.773167,0.8967876156301893
-1.225505,178.900664,0.22199590561418225
1.0,130.0,0.3191682370997233
-1.40414,138.0,0.16252372066895726
-1.04561,265.259865,0.2966930086720202
0.262855,252.407807,0.7928767680016091
1.389927,130.0,0.1669265399250821
0.043502,249.580006,0.9653361535634046
-0.917708,278.949455,0.3595645298849762
0.401149,244.464971,0.6886608344349852
-1.0,138.0,0.3190607386115184
-4.299717,232.652816,2.5167903245535442E-5
-0.820978,248.570114,0.4124454559734759
-1.943173,210.527887,0.053328505649207075
-0.166377,274.862958,0.8679825943972873
-3.362716,184.321502,9.385753466334549E-4
-0.727114,198.130691,0.4680143817485427
-1.391676,243.227602,0.16529191596782633
-0.230113,249.292755,0.8181926731158089
-3.116915,232.186325,0.0020580786749744666
-1.0,138.0,0.3190607386115184
-0.563698,250.856397,0.5734632384404525
-1.006382,273.533345,0.31512127021476444
-2.877611,255.266208,0.004346034670310882
1.0,130.0,0.3191682370997233
0.658908,172.199044,0.5108349558124576
1.361722,130.0,0.1756408341160367
-1.0,138.0,0.3190607386115184
-1.644621,215.536333,0.1015056624761056
1.336796,274.885529,0.18239453655063054
0.36933,279.489408,0.7121614234252953
-0.925503,232.574326,0.3556636434951045
-1.0,138.0,0.3190607386115184
1.913143,251.833663,0.056863743033778835
1.450059,178.916568,0.14879279795448364
0.448443,268.980671,0.6541945397174755
1.349739,261.92987,0.1782650526313727
1.216163,271.52706,0.22497902457963725
1.773237,176.254179,0.07791646004550579
-0.388995,279.685901,0.6975758303294973
-0.952736,249.669949,0.34164529697214296
1.185114,183.810202,0.23750232225073775
0.557597,280.002581,0.5775651021209234
-0.514454,279.309914,0.6073414310018442
2.06056,263.309477,0.04032736287499317
-0.592688,280.086374,0.553868181699112
-2.026403,255.840944,0.04376096611036272
-1.0,138.0,0.3190607386115184
1.0,130.0,0.3191682370997233
1.0,130.0,0.3191682370997233
1.276261,130.0,0.20413864827929107
1.403631,130.0,0.1628129976519257
-0.876139,190.993196,0.38205505314397303
0.35227,277.985628,0.7249026994927721
0.918363,271.238718,0.35924476691091245
-0.869378,140.361966,0.3861246268659687
1.0,130.0,0.3191682370997233
0.158773,274.946348,0.8739642806504788
1.698613,277.008354,0.09051494112197012
0.237046,269.114019,0.8128014499379783
1.523144,198.587657,0.1293134951417283
1.137444,277.663833,0.25633330478601146
2.494076,279.981192,0.013205537781745269
0.071842,273.395903,0.9427801748277767
0.118742,275.234685,0.9055663771285896
3.287738,277.568149,0.001140065934565948
-0.057646,276.774893,0.9540722031672791
0.816309,207.27646,0.41526057196634314
1.722734,222.140571,0.08632832719995198
-1.027547,143.779637,0.30588852981803727
0.798474,261.040515,0.4253213065923087
2.159334,130.0,0.032659927441436754
-0.350472,269.646449,0.7262581262573762
2.634117,153.413805,0.009300249421416718
1.171748,243.616932,0.24244292097508002
0.920075,279.389511,0.35832727751754456
0.902583,261.72911,0.3675771488859554
-1.0,138.0,0.3190607386115184
0.191482,274.327874,0.8482896296654787
2.880778,253.864335,0.004305886609102583
1.252018,151.100511,0.21249787487760763
2.022205,272.604377,0.0441316958894975
2.02355,274.713216,0.04398453726748475
1.24179,280.285843,0.21535216442347282
1.870573,275.33936,0.06246505364920174
2.779357,130.0,0.0062549330704742
-0.026004,279.366014,0.9792727131257495
-2.544876,196.045756,0.011701578965848438
-1.840417,217.56086,0.06706908049054638
-0.630414,271.356983,0.5289542846064461
-1.915248,212.050574,0.05680631261796218
-3.443114,228.206011,6.840159894280058E-4
-1.0,138.0,0.3190607386115184
0.56224,276.262045,0.5744084142305454
1.726397,130.0,0.0866516243929234
-0.028945,273.851397,0.97692953828536
0.985471,250.500631,0.3253436425568603
-0.545915,252.071266,0.5856071700623626
1.937008,280.027689,0.0537500489767615
1.0,130.0,0.3191682370997233
-1.0,138.0,0.3190607386115184
-0.368909,245.145727,0.7125139661964689
-0.552182,243.211284,0.5813307227047754
1.209965,186.512413,0.2278236026884215
-1.077734,196.292153,0.2824751419328626
-0.180855,259.288438,0.8566226732477761
-1.0,138.0,0.3190607386115184
1.0,130.0,0.3191682370997233
0.707185,277.663066,0.4800446098090023
0.252185,279.826839,0.8010832000783039
-0.631369,166.330692,0.5286659829253273
-0.830797,205.621509,0.4070519499067936
-0.935103,251.819661,0.3506310543539103
-0.940078,172.361371,0.348493139167631
1.0,130.0,0.3191682370997233
-2.736283,256.506353,0.006647917398619925
-2.108565,230.546772,0.03606149879221939
0.440428,246.001601,0.6600138996023859
-0.696659,224.164498,0.48673799793123407
-2.592743,171.509051,0.010343343717494596
-0.609986,276.391598,0.5423722540415794
-3.075782,206.983525,0.0023829388356635226
1.158396,269.443552,0.24772816044019885
0.875229,201.8357,0.3824896506911253
-0.271782,267.870846,0.7859989950631832
0.365818,263.090847,0.7147948517837845
0.881328,198.573222,0.37920581981456003
-3.219756,268.059384,0.0014410602313727086
-1.919228,167.101141,0.05665959835145272
-2.614883,156.634322,0.009797642177438028
-0.18242,268.325914,0.8553908753548273
-2.53146,198.190568,0.012135128920274263
-1.0,138.0,0.3190607386115184
-1.723228,138.0,0.08708711671421361
4.156524,244.691354,4.4710218315868744E-5
1.0,130.0,0.3191682370997233
1.631762,130.0,0.10514976186314406
1.412106,130.0,0.16030803030325425
3.574012,203.565315,4.3896623695105497E-4
-1.846329,234.614793,0.06610402573219613
1.38673,130.0,0.16789745772359654
1.0,130.0,0.3191682370997233
0.884236,280.283525,0.3773266937589117
0.413639,273.038333,0.6794632110065975
0.702844,230.931974,0.48286087920867127
4.0462,214.967345,7.26011010476757E-5
2.967537,202.843216,0.003362870499965309
0.065424,279.295807,0.9478832197133964
1.1705,280.274814,0.2427940861653317
-1.630008,251.915906,0.1043494848021681
-0.072548,278.78959,0.9422178275013866
0.507581,275.722118,0.6121529862605826
4.845495,228.134259,2.333163550138906E-6
2.349053,190.417857,0.019846133394068044
0.687417,279.86061,0.4923892656079607
-1.943645,187.121704,0.05343816014732019
4.157791,222.979825,4.584106946836641E-5
-0.115087,275.347871,0.9084600448328972
1.710542,130.0,0.08955104891477461
2.452616,130.0,0.015508014389377989
-1.0,138.0,0.3190607386115184
1.086471,183.579079,0.27869518623720424
0.347841,277.277153,0.7282235090933329
0.019272,271.360892,0.984638283017992
0.552626,277.715219,0.5809640460719343
0.82693,203.54119,0.4092451057247999
1.0,130.0,0.3191682370997233
-0.178455,249.062178,0.8585107283316062
-2.19098,239.356979,0.029417918374503492
1.0,130.0,0.3191682370997233
1.430876,227.058962,0.15384057002935148
0.634513,258.502057,0.526307223599586
0.163987,278.730518,0.8698602254654149
1.300285,206.730136,0.19495105963934134
-0.115517,229.005877,0.9081365740280418
0.385744,225.558961,0.700049835175482
-1.0,138.0,0.3190607386115184
-0.574324,204.246763,0.5663805517303474
1.490595,248.954481,0.13733375285990013
3.172981,209.553001,0.0017355673767041058
1.107578,279.979986,0.2689947214077695
1.0,130.0,0.3191682370997233
1.213676,270.268961,0.22593101876406907
1.0,130.0,0.3191682370997233
-2.346484,225.030192,0.019820246046511805
-0.107807,280.237127,0.9142259336506378
-0.27865,278.853404,0.7807199617016609
0.595344,252.46574,0.5521468189499565
1.0,130.0,0.3191682370997233
1.187108,190.22957,0.23666530880297043
0.234132,264.784964,0.8150634323512782
0.727706,278.327955,0.46740528974644935
1.0,130.0,0.3191682370997233
1.038076,279.317835,0.30013246697634366
0.855582,280.248364,0.39295991750383275
2.099948,280.261929,0.03662726631060376
1.473435,277.121088,0.14176872837081955
0.649143,271.561575,0.5167945727728687
0.063969,279.357773,0.9490406592761036
1.0,130.0,0.3191682370997233
0.996956,232.316583,0.3198231324331471
-0.296504,271.751687,0.7670716917894213
-0.587547,243.711631,0.5573803635496787
0.46004,278.34855,0.6458466538376721
-0.711698,256.243905,0.4772992192807173
1.975082,279.292412,0.0492434101462349
1.812565,272.72442,0.07099844661129806
0.720919,266.767554,0.47159063716166116
1.276181,270.349804,0.20298680002133662
-0.911408,182.357825,0.3632836551594115
1.0,130.0,0.3191682370997233
1.411553,130.0,0.16047057734949544
-1.686037,250.9535,0.0930314952878254
1.0,130.0,0.3191682370997233
-1.219805,254.043577,0.22367000887989463
0.321571,257.325685,0.74803876748194
1.0,130.0,0.3191682370997233
-0.477963,194.166261,0.6332142023596534
-0.685111,240.233012,0.4939343896129734
-0.673257,240.1518,0.5014311871172266
0.858638,274.741126,0.3912887538644494
-1.893336,178.552953,0.05993064228017014
-0.93045,222.801021,0.3531451896534069
-0.069393,275.602274,0.9447271223468985
1.066919,227.645282,0.287138590673512
1.205157,280.259941,0.22915930288424935
-0.078056,279.266123,0.9378394040771205
1.55347,130.0,0.12274203801456074
1.0,130.0,0.3191682370997233
-0.597849,244.647358,0.5504936980762163
1.451757,265.124713,0.1477514770983852
-0.667451,256.568552,0.5050839775828634
0.765831,254.470823,0.44448662474171363
-1.722208,220.083474,0.08643673961311948
-1.148458,163.82076,0.252453717163694
-2.151929,266.18553,0.032302399830229256
-5.062855,236.145827,8.315016916034442E-7
-1.38272,138.0,0.16898415851272108
-1.008793,227.036765,0.314147834757153
-1.0,138.0,0.3190607386115184
-1.0,138.0,0.3190607386115184
-2.267778,223.478857,0.024298581882096628
-2.209862,138.0,0.028762667652090228
-1.347099,138.0,0.18015622137319764
-1.262092,215.197694,0.20828179954372905
-3.052712,191.394071,0.0025903743405927154
-1.107303,256.209281,0.26920143971756083
-1.393492,138.0,0.16571130060474126
0.705721,165.467152,0.48135403095717133
-1.198874,209.505367,0.23193120701052017
0.070594,280.023298,0.9437712747269709
2.06075,130.0,0.04132094892463467
-0.2475,205.16571,0.8047688002736156
-0.779705,256.565847,0.43628318830405344
0.218367,263.769142,0.8273120267905887
-0.470104,223.752914,0.6387385815812058
0.492332,274.546179,0.6228781237640848
-0.627133,253.530842,0.5311364062167162
1.986865,130.0,0.04903980273388586
-2.226252,235.85006,0.026942814015923664
-4.037269,230.079564,7.367323959877861E-5
-2.015872,138.0,0.04575459646098681
-1.99372,247.460069,0.04728034626079552
-4.254329,271.191198,2.8899967432950843E-5
-1.548198,248.714318,0.12284610695567255
-3.126137,257.539423,0.0019742470950268346
-1.0,138.0,0.3190607386115184
0.732852,271.220162,0.4642815942376193
0.204226,279.930513,0.8383252929059117
1.31172,279.924938,0.19068939417472497
3.144292,248.791702,0.0018671235230944827
2.451909,272.521434,0.014837800404563062
1.570338,157.351445,0.11834520292429107
0.730163,279.738975,0.46590157437728896
3.582469,270.137192,4.03602322267993E-4
1.745699,223.87201,0.08223513449206132
0.494428,269.699202,0.6214064304530287
-1.0,138.0,0.3190607386115184
-1.419342,138.0,0.15805418175794683
0.133338,278.326764,0.8940224310756482
2.645918,264.065623,0.008635767630503999
3.021662,271.700762,0.0027536415643143464
-1.402652,160.565518,0.16265120524309706
0.9055,279.529723,0.36598036861108074
-1.345002,235.261223,0.17991971353344072
-3.753095,210.478107,2.2591499337166164E-4
-3.298451,187.394213,0.0011633798382028424
0.611098,280.285246,0.5416299725887534
2.125536,279.701703,0.03441816777857687
-0.908546,245.281471,0.3644816370976639
-0.425143,257.900312,0.6710869410762399
-2.140381,223.63168,0.033406462003552094
-1.421764,138.0,0.15735086432400047
-3.393103,197.798191,8.347101612471037E-4
-2.495068,150.677586,0.013671637577881353
0.048725,279.888448,0.9611732033174514
-4.80829,216.734434,2.8461614577007404E-6
-3.758191,213.052405,2.2098583363694765E-4
-4.29366,195.523889,2.7651866562877204E-5
-2.028738,204.141424,0.04378364722539215
-0.430496,266.089744,0.667183355169469
-4.627516,222.276803,6.28748572476057E-6
-2.399341,212.123735,0.017289341780805798
-0.881771,275.99228,0.37866794520723535
-2.863963,198.726402,0.004632999264188224
-1.746888,266.756952,0.08180765750717771
-1.432781,185.708579,0.15360164872995463
0.126115,274.569172,0.8997331922667366
-1.626387,189.799463,0.10552648723128133
-0.795385,240.99772,0.42717225627465194
-1.482867,138.0,0.14038989056500628
-1.0,138.0,0.3190607386115184
-1.517507,138.0,0.13142624536037628
0.772753,157.406381,0.44082737272583516
-1.704056,138.0,0.09062125207227967
1.403707,130.0,0.16279040227592323
1.406444,130.0,0.1619782651003734
-2.466534,255.93714,0.014298613067134914
-3.369568,167.724994,9.341817452388129E-4
-1.472855,244.385318,0.14207688112633154
-2.674207,141.95651,0.008369521843841725
0.162894,269.97059,0.8707237587841299
0.300126,237.112841,0.7643440012322389
1.400734,130.0,0.16367608286841206
1.0,130.0,0.3191682370997233
1.0,130.0,0.3191682370997233
-0.748673,273.007492,0.4546988361217016
3.777883,256.366229,1.9670190336107396E-4
-0.317223,246.846013,0.7513425439435888
1.876419,150.168604,0.06253821686696281
-1.0,138.0,0.3190607386115184
-1.0,138.0,0.3190607386115184
-1.0,138.0,0.3190607386115184
-1.546983,184.339847,0.12358239386872638
0.299315,280.074022,0.7649217019032617
-2.717865,254.899883,0.007021163388203671
-1.41887,138.0,0.15819152424870575
-1.241227,138.0,0.21662764030633008
-1.318418,138.0,0.18954775693054493
-0.228551,279.970325,0.8193847600434072
-0.036699,243.464571,0.9707550782621983
0.367001,274.804139,0.713900716298846
-1.388888,138.0,0.1671041868801506
-1.0,138.0,0.3190607386115184
1.0,130.0,0.3191682370997233
1.414127,130.0,0.15971505473322845
0.44521,279.984963,0.6565120123160901
1.0,130.0,0.3191682370997233
-0.477223,274.608714,0.6335829120009564
-2.05525,247.482916,0.04090447641846181
-1.151769,255.767767,0.250491483284213
0.845297,277.361116,0.3986736296424307
-1.0,138.0,0.3190607386115184
-0.343345,276.803392,0.7315995595215634
-1.848123,260.476827,0.06571805211153424
-1.552485,191.777853,0.1221949025425314
0.081424,277.097577,0.9351635435939514
-2.054442,259.091923,0.04093603080185519
-1.882826,238.075132,0.060943299686145896
-0.786457,275.392444,0.4322760135187962
1.646894,130.0,0.10199508990766737
-1.366396,228.707019,0.1731565803515287
-1.404199,185.057072,0.16193566149910454
-0.743127,151.385435,0.45855646728305055
1.162622,229.500264,0.24619041330966351
-1.0,138.0,0.3190607386115184
-1.106178,185.566087,0.2700814793666172
-1.736001,138.0,0.08479558635351891
-1.767761,217.244655,0.07850458981857934
-3.640044,236.42986,3.3481196461274533E-4
0.169099,280.049757,0.8658408452135538
-0.142317,265.876004,0.8869374045271091
-0.457502,258.078234,0.6476951724593745
-2.915744,138.0,0.004142469408007148
0.884318,233.879074,0.3774327541259419
1.502362,270.687078,0.13416931985276714
0.494682,265.923857,0.6212330479470509
-0.511087,278.357971,0.6096952671578494
0.699242,246.558198,0.485059918486924
-0.071386,277.138429,0.9431420388308358
3.047353,156.165593,0.002711584933909217
1.0,130.0,0.3191682370997233
1.0,130.0,0.3191682370997233
0.720986,163.504742,0.4719477429540535
0.26063,194.696527,0.7946533023268305
0.119085,275.205186,0.9052948937876881
0.915471,254.270444,0.3608117924151095
1.536835,235.081992,0.12567854581001336
-1.731476,155.21821,0.08535379795404632
-1.0,138.0,0.3190607386115184
0.021068,252.976975,0.9832080189775245
-1.0,138.0,0.3190607386115184
-1.700207,138.0,0.09134464283099053
-1.2536,157.047336,0.2118504055894097
-0.68629,177.548991,0.4934255088952686
-1.32489,259.931878,0.18637116275020293
-1.288488,244.818601,0.1987924784067302
-1.674818,138.0,0.09623464169509377
-2.549161,157.792651,0.011752018932696295
-1.828281,168.313337,0.06927770977860502
3.652425,273.139227,3.1133372027802864E-4
2.705873,258.761244,0.007265332915310507
0.381896,266.473236,0.7028428742229793
-1.165327,231.625942,0.2450853120633032
2.859819,194.888419,0.004700644929847675
0.141143,268.987944,0.8878626178226612
1.0,130.0,0.3191682370997233
-0.127231,273.327597,0.8988511208990102
1.42208,130.0,0.1573978739731221
-1.0,138.0,0.3190607386115184
3.095511,272.795883,0.002169214252847551
-0.382587,226.697752,0.7023844648567033
2.401327,267.154624,0.017019397583543094
0.943521,243.373826,0.3463501708377872
-0.079958,262.177112,0.9363316584070951
0.124092,274.690697,0.9013331875935682
0.558044,189.413677,0.5774733273311929
-1.781096,216.85197,0.07629650232501811
1.0,130.0,0.3191682370997233
-1.0,138.0,0.3190607386115184
-1.0,138.0,0.3190607386115184
1.0,130.0,0.3191682370997233
-1.408242,138.0,0.1613083018801399
-0.997072,215.329642,0.3198486908483834
0.367995,253.067433,0.7131845693032624
-1.603042,212.571862,0.11041020234234966
0.073988,267.834592,0.9410751608340924
1.255104,130.0,0.21169254105580215
1.0,130.0,0.3191682370997233
-1.983601,138.0,0.04928481115890944
-0.631801,234.030544,0.5281335885667418
-1.349963,138.0,0.17923794624927347
-0.141594,258.620739,0.8875109403672629
0.769594,260.426574,0.4422382309689601
-1.056413,185.580687,0.2921528345841926
0.591056,280.268241,0.5549592608033507
6.596246,280.185933,2.096787188321514E-10
-1.131806,231.718642,0.25888591158715646
1.376936,130.0,0.17089856418006022
1.734551,259.802673,0.08400640914060276
3.927522,278.006369,1.0832170744734526E-4
3.458601,278.261835,6.280320463512012E-4
1.375614,161.661369,0.17084416519625822
-1.530455,225.862461,0.12730349795918072
0.126761,279.683453,0.8992206467787589
0.310796,255.190467,0.756209417198541
-3.181957,138.0,0.0018074058310979559
1.918534,164.702846,0.05677298433860378
-1.957525,138.0,0.052303649215909416
4.336911,231.905282,2.1560428655309494E-5
5.475358,268.064449,1.0041302500596316E-7
6.583519,273.077882,2.3448598618358574E-10
4.464892,279.138688,1.1640635598109128E-5
3.42587,277.351307,7.056079748197774E-4
5.878616,279.893,1.1749326622734202E-8
0.08696,277.687378,0.9307659793096072
3.834889,174.816213,1.751620902239459E-4
3.683795,199.55181,2.9590191628403595E-4
6.714025,277.427738,1.0665490712824521E-10
1.906664,276.749784,0.05759964298219211
0.720631,235.783606,0.47185041618932155
-2.215043,168.526274,0.028097794284358817
0.499059,279.539184,0.6181303286142019
1.721513,130.0,0.08753648189851093
-1.678553,138.0,0.09550225646724742
0.392834,279.518765,0.6947415054551809
-1.199337,148.767828,0.23230364751421806
-2.026034,138.0,0.044688512059677984
2.029168,270.596048,0.04341998030304306
1.980968,279.918163,0.048573421297903874
-0.970601,192.790822,0.3329631345427687
-0.383273,247.761962,0.7018460052908027
1.611616,130.0,0.1094707793465961
-0.644125,235.795705,0.5201204394441412
1.0,130.0,0.3191682370997233
0.155332,263.744066,0.8766784021225917
-0.297811,234.422823,0.7661111837067033
-0.538701,270.801496,0.5905357307121832
0.248938,267.37436,0.8035998550815995
-2.022738,237.284385,0.04422192282295378
-0.192648,256.984127,0.8473868058554952
1.0,130.0,0.3191682370997233
-1.0,138.0,0.3190607386115184
0.037419,280.212126,0.9701775671441271
-2.006147,138.0,0.04679504241555113
-1.0,138.0,0.3190607386115184
-3.115896,153.587301,0.002189052835237041
-0.842405,232.278359,0.400427837710447
1.0,130.0,0.3191682370997233
-0.031527,278.667111,0.9748718281492368
0.684231,274.865667,0.49440578667784285
1.962226,165.929117,0.051408735076033274
2.291684,275.172621,0.022679366585946825
2.835649,255.372769,0.0049394797981976435
1.608963,268.724594,0.10879856171513458
0.776413,273.74649,0.43817549065487293
1.778684,202.71642,0.07679023933136775
-4.966599,243.449416,1.2833010594444733E-6
-2.553858,138.0,0.011739483027185804
1.225265,274.482858,0.221525738609877
2.958088,226.567747,0.003423719947466708
2.314507,265.818596,0.02140234784518147
1.165854,276.319293,0.24467880991163105
1.2593,266.218993,0.20902499275133302
1.06051,270.8147,0.2898575283866571
-0.443102,227.946974,0.6581121895379511
0.968078,250.797248,0.33393804267740634
2.003344,277.593693,0.04611224421117033
-0.269041,276.81409,0.7880985489839435
0.643709,259.924862,0.520331704742556
0.390283,280.282544,0.6966237354314313
1.036903,278.449727,0.3006806783645999
1.587673,279.785528,0.113489729547815
0.318425,277.942769,0.7504017131516125
-0.051978,277.056109,0.958583679029251
2.539838,228.587339,0.011754247155194575
0.636448,266.371711,0.5250309798165536
-0.270485,276.9344,0.7869886281973624
0.347585,274.320062,0.7284184140452523
-0.718655,266.372087,0.47298342753983014
0.249183,279.649999,0.8034021476855613
-0.587193,233.997936,0.5576402285292742
-0.088182,274.633607,0.9297962896309991
-1.420335,247.981505,0.15676621908205546
-1.173113,144.280785,0.24268356017570858
1.914,276.292235,0.056653165573302466
1.52869,263.325475,0.12754163065158464
-1.349964,138.0,0.17923762623805262
-0.008816,258.675103,0.9929727360415241
0.614238,270.300983,0.5395747059553626
-4.364328,204.589334,2.0224544000796512E-5
-1.374962,138.0,0.17137147489342708
-1.0,138.0,0.3190607386115184
-3.763258,198.38625,2.2080250689406484E-4
-3.088186,242.522111,0.0022482406426284794
-1.0,138.0,0.3190607386115184
-1.654083,233.394464,0.09945489287794262
-2.235313,152.72378,0.026847352438843047
-3.000624,149.821176,0.003156749614897427
-0.711077,248.167134,0.47770430903397154
-1.0,138.0,0.3190607386115184
0.068118,279.173373,0.9457404629673865
-2.538022,138.0,0.012258764564763595
-2.107713,138.0,0.03686417089294305
-1.0,138.0,0.3190607386115184
-1.507319,229.192788,0.1331060146751073
-1.317046,163.444519,0.18966672449932864
-0.258379,243.145868,0.7963329990610504
-1.0,138.0,0.3190607386115184
-2.133746,202.096927,0.03406893880589051
-0.93808,256.104192,0.34908712333291936
-1.959598,267.28584,0.051081950003563276
-0.359635,238.67999,0.7194380944802932
-2.114255,248.271074,0.03549071182713024
-1.775774,173.660121,0.07752145004817236
-2.83056,163.750526,0.0052290334322259695
-6.088886,225.191925,4.856999018550233E-9
-1.377006,197.721057,0.17006741923603685
-3.22985,256.594983,0.0014001386252433098
-5.122537,256.378837,5.931520079233392E-7
-2.012007,249.224565,0.04529533838158692
-3.810345,236.795874,1.7693284970712024E-4
-3.700436,218.979029,2.7228853453777936E-4
-1.292364,232.141302,0.19751605733930555
-4.539598,271.697505,8.47542213628132E-6
-3.091293,248.113901,0.002220334493489026
-1.422142,138.0,0.15724131464904778
-0.576438,175.359054,0.5650583149014925
-1.239629,205.020149,0.21652970296890683
-2.692902,173.473498,0.007778093158579669
-1.221188,187.937457,0.2235446004871504
-1.924529,138.0,0.056346303232318005
-0.645652,263.677109,0.5190662121578918
-2.046195,188.465036,0.042126066365360336
1.0,130.0,0.3191682370997233
-6.15158,245.412463,3.0958218008246506E-9
-3.38113,265.199596,8.306389986325939E-4
-1.679912,252.105708,0.09421314665669267
-1.719737,138.0,0.08772213435267376
1.426238,130.0,0.1561967051568669
-0.893702,238.6074,0.3723818739330984
-3.520075,186.600849,5.421070268098026E-4
-1.881854,165.009545,0.061616696333066004
-1.307145,138.0,0.1933372964638883
-4.554266,219.910781,8.706963495905641E-6
-4.254997,243.996476,2.9820473395088347E-5
-1.0,138.0,0.3190607386115184
-1.0,138.0,0.3190607386115184
-5.887282,197.000539,1.6676800798443587E-8
-1.656921,254.655976,0.09876692972485956
-0.031853,257.139421,0.9746139899835591
-3.41881,227.448572,7.452245635830743E-4
1.415646,130.0,0.15927047515003978
-1.0,138.0,0.3190607386115184
-2.326016,167.659863,0.021214624451242406
-1.0,138.0,0.3190607386115184
-0.785213,260.234571,0.43304296649691654
-2.16265,211.016284,0.03169260571498177
0.08107,278.40716,0.9354445316505267
-2.720779,184.554864,0.007135826349123317
-2.96992,228.549963,0.0032965217157515016
-1.889162,171.884595,0.06055409025149675
-2.730989,242.069279,0.006779073463602636
-1.419721,138.0,0.15794396649267883
-1.473096,232.70128,0.1420764880655616
-2.989409,172.133186,0.0032046067677612977
-1.790528,161.28098,0.07524480372541195
-1.0,138.0,0.3190607386115184
-1.0,138.0,0.3190607386115184
1.0,130.0,0.3191682370997233
-1.659794,138.0,0.09922666688056436
-0.290728,258.176781,0.7714927597199274
0.810853,153.606516,0.4187046433379884
2.363027,277.18896,0.018816913598733498
1.0,130.0,0.3191682370997233
-0.690986,251.459502,0.4902117111017379
1.0,130.0,0.3191682370997233
3.482485,193.035529,6.144438357182924E-4
-1.421585,138.0,0.15740276141770493
-2.614418,267.830069,0.0094440885023412
-1.843988,268.350444,0.06628720962184229
1.262223,192.30384,0.20839718213957914
-3.061843,151.950396,0.0026021864974063954
-1.707246,138.0,0.09002525194128497
-4.393723,280.209413,1.5822491815653756E-5
-0.60621,278.098277,0.544869806996522
-1.905393,279.755669,0.05775411743479765
-1.019821,279.239133,0.3086960969176705
-1.261146,235.528563,0.20850398026167227
-2.211208,271.514675,0.027854742173052803
-2.790489,138.0,0.006008348485659392
-0.77296,279.211742,0.440199903678292
-1.618861,263.947127,0.10667141297216587
-0.719544,280.255554,0.472405392179554
-1.301238,271.742327,0.194279183573134
-2.072287,269.701143,0.03918885390971716
-1.372254,276.406462,0.1710969470255348
-2.742025,277.119082,0.0065036743488839765
-1.783461,267.33735,0.07564566099137446
-0.659849,275.21379,0.5099025509988724
-1.044328,278.306437,0.2972399011136405
-0.552545,280.241087,0.581015444675921
-0.602516,278.598089,0.5473208076319996
-1.271135,279.992227,0.20473562373190335
-1.460085,161.117093,0.1462138729648893
1.0,130.0,0.3191682370997233
-0.249103,245.174288,0.803489664846339
-1.047771,265.39058,0.2956974034478308
-0.534934,270.546991,0.5931348718761001
-1.421961,138.0,0.15729376368136305
-2.206621,233.50148,0.028314548591044066
