t-stat, degreesOfFreedom, pvalue
-4.843772,243.921029,2.2653547330440118E-6
-0.432318,379.333577,0.6657559603902786
0.715867,451.452333,0.4744435774329776
3.063996,235.548655,0.0024382591422518196
-1.308161,412.411668,0.19154734027406517
-1.648099,358.301365,0.10020892228186562
-0.116969,451.300328,0.9069366540563654
-0.115471,430.670561,0.9081256245517402
0.269541,447.01458,0.7876377720101979
-0.357547,428.202791,0.7208585085770021
-0.851969,425.425656,0.39471063477659474
-1.731603,392.903003,0.08412919522239662
0.378589,451.303667,0.7051711212584821
-0.064624,420.334667,0.9485040975798815
-0.630985,432.538525,0.5283835998161998
-2.071138,438.422576,0.038930407770120065
-0.994617,411.565539,0.320506976388813
-1.420937,232.0,0.1566777367399873
-4.844432,408.91531,1.8051388113421091E-6
-0.618094,416.307693,0.5368513643592869
-2.283546,359.603413,0.022980863831371538
-4.229854,296.085432,3.120850328448946E-5
-1.095934,307.06526,0.2739664466155365
-1.254997,298.842034,0.21046038104872478
-3.834384,400.308348,1.4616565816492403E-4
-1.364937,329.853951,0.1732031311079718
-1.929031,401.28333,0.054431897919583735
-2.418327,415.911913,0.01602070842397911
0.241933,409.746085,0.80895311549754
1.648157,243.044985,0.1006125342701929
-1.12016,334.798536,0.26344849188654607
-2.623515,303.880071,0.009142005640410764
1.827675,434.25041,0.06828437170329016
-0.874262,399.420628,0.38250094361348286
0.383739,445.30356,0.701355053390337
0.262179,426.65676,0.7933099776269819
2.350809,385.989526,0.01923502759299378
1.59792,281.550382,0.11118242650593979
0.396167,450.247407,0.6921695075402741
1.309096,424.103643,0.19121067108347356
1.086816,443.262157,0.2777087714430233
0.971083,414.936383,0.33207266823589876
0.600086,448.242487,0.5487521658077146
-0.2444,451.447384,0.8070320802272344
1.362848,292.127067,0.1739800268862981
2.858906,428.087729,0.004458731667669635
-0.356248,451.485017,0.7218212609723673
2.496832,415.559726,0.01291702297871522
-1.131226,423.655225,0.25859992059520764
-2.641615,389.028073,0.008583907850189353
-0.826788,380.055082,0.40887600493301834
-1.147565,256.213342,0.2522185895419765
0.365484,444.882156,0.7149238532867646
-2.032263,251.174998,0.043179279937635776
2.300538,399.953478,0.02193161125395382
0.663583,451.39471,0.5072959989495514
1.958822,236.067218,0.051311004310203856
-0.199467,443.159567,0.8419889439325499
4.329382,439.763366,1.8533807069287533E-5
0.262173,447.58084,0.7933086866120971
1.348573,301.889226,0.17848496218359133
0.740064,451.178829,0.45964607652608347
2.306946,449.272747,0.02151179647682433
1.09557,392.958941,0.2739379964064381
0.361699,439.893298,0.717750646480602
3.258592,441.068639,0.001206243166972376
1.466346,329.091402,0.14350892215565292
1.487123,305.243439,0.13801454545427427
3.613712,373.665703,3.431559060669276E-4
0.147596,426.672705,0.8827313323425061
1.057032,451.006144,0.29106283182751747
1.706787,284.408607,0.08895312781977749
0.549088,446.230629,0.583219709387039
3.349583,269.87811,9.24750632086635E-4
0.625319,434.234077,0.5320901909582774
1.770961,439.45429,0.07726028815976904
2.733593,343.621173,0.006589049893771737
-0.150954,447.551796,0.8800800161241358
1.586676,390.493989,0.11339543123859364
3.339719,399.903256,9.17385087004785E-4
1.294576,254.802062,0.19663847901221176
2.667911,428.964387,0.007921525866198431
3.583606,430.770937,3.77603793840775E-4
3.089638,447.439763,0.0021289118433358567
3.945014,412.814509,9.375359982133347E-5
2.175718,389.246647,0.030177331564126053
0.438347,447.237453,0.6613464124552864
-2.057896,369.523877,0.04030107508347086
-1.302205,385.448334,0.1936239055670973
0.057178,444.595421,0.9544290908597257
-1.170678,398.648965,0.24242754878977135
-1.959972,423.459425,0.050654480033174666
-1.416016,232.0,0.15811196352575962
1.743019,404.650008,0.08208988024993946
1.1432,426.683394,0.25359657004651415
1.578647,334.286705,0.1153628114661398
2.126464,352.965066,0.0341580419155505
3.647163,446.020246,2.9645599325012206E-4
0.285044,322.309205,0.7757935046116573
0.860328,301.803297,0.39029117361795085
-0.980373,324.256152,0.3276329227351993
-1.997404,348.931523,0.04655740883654662
-0.91484,344.163838,0.36091613306881476
-1.62842,387.001679,0.10424960975368436
-1.616558,293.78141,0.10704698711113025
0.29173,382.852474,0.7706510743489248
0.465307,447.170447,0.6419381401441338
1.578383,360.485817,0.11535471422702326
0.289007,451.417499,0.7727086940215357
-1.503516,259.40956,0.13392246878021885
-2.274666,255.609152,0.023754885421685176
-2.17406,355.818714,0.03035925282974036
-2.025286,239.116614,0.04394909198802235
-0.676394,270.069834,0.4993693812456297
-4.75518,378.454305,2.823165629256468E-6
-2.238074,369.420095,0.02581154881303004
-1.69986,309.068195,0.09016333153865419
-1.263731,271.898392,0.20740899690365944
-2.854199,288.245668,0.00462746302530002
-0.077697,441.449842,0.9381042837443989
-3.233275,326.444363,0.0013488441903131932
3.788599,367.156682,1.769830191000743E-4
-0.026501,442.713677,0.9788696772173187
-1.429186,398.262269,0.15373466044311057
0.24661,410.078657,0.8053334657027167
-4.069813,435.347941,5.5878233788754634E-5
-0.687553,433.695713,0.49210183724223755
-1.708607,414.268271,0.08827279659234366
-0.060654,451.112889,0.9516616283065614
-3.104768,373.167853,0.0020497220331949623
1.348956,392.023771,0.1781297537828901
-0.707739,435.569553,0.4794858721579305
5.035287,415.420918,7.124879890518798E-7
-0.340301,359.069837,0.733828858033881
1.484289,356.599035,0.13861562772447655
3.806579,408.084577,1.625171088717181E-4
-1.116013,419.551368,0.2650553423215851
1.965554,314.790371,0.05022896339350291
1.832692,435.546763,0.06753087121599988
3.557406,298.984956,4.353546110962281E-4
3.842722,439.110621,1.396268317395144E-4
2.553758,439.721162,0.010993040199996251
1.487579,250.727823,0.1381184865442533
2.914258,447.100748,0.0037442619500678287
-1.085983,435.106921,0.2780877973177749
0.65772,442.328121,0.5110601936345318
0.973489,448.291418,0.33083530648190385
5.305267,423.719374,1.817090677924682E-7
1.140791,444.015141,0.2545718338388445
1.964877,446.213272,0.05004849627685748
1.328718,430.384495,0.18464506234641553
5.756999,368.226376,1.8060989592783017E-8
-0.020233,451.465288,0.9838664419786969
1.263755,306.939889,0.20727692752527327
4.119297,241.0,5.226638820698959E-5
1.412526,295.944167,0.15884586861858674
0.935649,433.546546,0.3499747983581698
2.682509,354.802799,0.007649106053997823
0.692064,399.265854,0.48929940152785534
1.669849,451.242412,0.09564273619454289
1.15129,304.318999,0.25051668677851024
1.341862,440.936226,0.18033132845827726
-0.793405,388.440883,0.42802626705450253
-0.853415,451.248594,0.39388198097740035
2.160829,241.0,0.031694274195868566
0.56038,448.248691,0.5755002322149334
1.741792,348.246866,0.08242778604258771
1.146715,339.803343,0.2523062358840704
4.307171,249.379358,2.3795782291946566E-5
2.9018,275.399873,0.00401001946272217
-1.193145,375.052169,0.23356681412176117
-1.064675,262.225216,0.2880024000596617
1.430161,338.58526,0.15359295239401716
1.074784,450.575844,0.2830466489370007
4.853596,298.648665,1.957061594781706E-6
0.919839,443.05633,0.3581574285244322
1.221894,277.26821,0.2227855118539357
2.250312,413.879689,0.024953577468697086
-0.194055,380.051622,0.846236495818071
0.061566,450.369013,0.9509357654863329
-0.70823,436.49105,0.47918046441394224
1.377328,292.709921,0.16946314021640196
2.267201,277.461865,0.024147439692237427
1.02992,376.393514,0.3037089149656065
3.446191,446.228601,6.223720595970317E-4
3.094559,426.547045,0.0021008052699038604
2.25554,424.950546,0.02460736504907568
4.529244,436.43003,7.648999421627778E-6
2.430713,430.480993,0.01547663295523094
0.489812,438.46718,0.624511909827844
1.379352,241.0,0.1690648509706998
0.189877,451.359613,0.8494908768678635
0.664927,382.823841,0.5064975396966926
-0.534219,427.68044,0.5934676005011925
-0.523824,423.12813,0.6006752114021576
2.684983,448.808617,0.007521963813290178
1.99448,434.366545,0.04672416413560598
2.772778,361.319787,0.005846093301312472
3.520764,395.110648,4.804867985386263E-4
-2.252012,260.402006,0.025155001024744803
-0.369673,366.034236,0.7118399307076095
0.427165,436.221038,0.6694699135428126
-1.751131,409.604456,0.08067186332689821
-0.6102,336.626378,0.5421410391706553
-0.955654,289.983098,0.34004305916563027
-0.146695,444.685368,0.8834392454841389
0.726386,442.133438,0.4679865396909646
0.319136,448.908867,0.7497718329915233
-1.236485,369.349376,0.21706402812223524
0.435935,419.520604,0.6631081191088462
1.302655,358.722352,0.19352821357596817
1.631316,280.950632,0.10394406060323247
1.966554,403.828104,0.04991907199701462
-0.36989,451.366853,0.7116379408397284
1.40206,241.0,0.16218401421877227
-1.357739,311.372427,0.17552964295308404
2.93304,447.67307,0.0035288700932243344
0.694485,408.44176,0.48777294239533053
3.120476,255.005105,0.0020132665325620636
-2.563929,338.877859,0.010780168569542937
-1.239995,297.441362,0.21595458180448734
-1.665923,448.400681,0.0964271439850709
-5.385264,401.023416,1.2348484138777304E-7
-0.893753,382.71589,0.3720157364842771
-2.045671,322.94901,0.04159856221543088
-0.817501,338.889025,0.41421654718380774
-1.369949,232.0,0.17202716213996627
-2.334439,438.478564,0.020023409485994847
-0.262768,424.921654,0.7928567551995278
-0.727072,346.57183,0.46767268068676804
-1.205993,373.265679,0.22858405899178647
-3.665436,349.683039,2.852323776964172E-4
-0.915469,443.358719,0.3604431107292596
-0.089976,451.494821,0.9283461870162089
0.230005,427.603408,0.8181978721833163
-0.321436,450.201884,0.7480291824662916
-0.03328,451.291759,0.9734660164342063
3.276404,315.529821,0.001168445719325506
-0.32732,425.009521,0.7435870250067678
-1.093082,417.132755,0.27498865614546664
0.557187,451.506899,0.577675771328602
-0.89544,420.703321,0.3710639624995604
3.120915,406.044571,0.0019317296621379487
-0.738401,422.266289,0.4606809932179853
1.692598,353.103799,0.09141409191087613
-2.019061,427.654972,0.04410434234972277
-5.689007,368.358946,2.6078816446410076E-8
-2.639791,232.0,0.008858441762395914
-3.788307,351.106363,1.78414153169647E-4
-6.672658,443.911257,7.503992806024014E-11
-1.897624,438.186653,0.058402668142982506
-3.814346,439.090093,1.5610173915860256E-4
-0.045451,402.872937,0.9637703508027111
1.024212,410.210107,0.30633875176895753
1.710933,448.352792,0.0877851654919346
2.339111,450.961641,0.019765434134854987
3.379954,418.410951,7.930272724938625E-4
3.986432,387.445375,8.016662097598548E-5
4.076867,233.811242,6.259200036207169E-5
0.925511,451.330262,0.3551947587911697
4.527575,434.75688,7.714272610703787E-6
1.922548,350.781916,0.055346347522735595
2.069849,406.905729,0.03909698598681177
1.207587,229.594675,0.22844866570575784
-1.74322,232.0,0.08261998814473547
0.626071,439.581384,0.5315933141046543
4.968559,437.158403,9.69682858897869E-7
4.261549,444.963278,2.4796941867633038E-5
0.025904,451.492278,0.9793453547309436
3.8934,412.92911,1.152416320455707E-4
-1.570995,366.099918,0.11704763988980127
-3.643417,406.092617,3.0391458654888104E-4
-4.045818,349.641038,6.420924098972966E-5
1.121517,451.293801,0.262664246815308
2.351025,451.494656,0.01915089242387702
-1.898076,399.752105,0.05840614362463394
0.467539,382.488146,0.6403805528384472
-2.597702,409.107635,0.009723607585557325
-1.108967,334.154007,0.26824190972620177
-4.017854,368.200335,7.122904398955177E-5
-2.33735,350.711423,0.01998302142417253
-0.02183,440.536739,0.982593447316819
-6.559247,353.002707,1.9260786170257394E-10
-4.151993,359.122588,4.121221421273348E-5
-6.186257,330.103269,1.8223777220764227E-9
-2.536298,312.808163,0.011689247696600276
-0.614265,440.593657,0.5393572768302921
-7.437607,291.547844,1.1521069939791534E-12
-2.533215,347.876638,0.011740846405825074
-4.058874,409.686316,5.907097876880645E-5
-3.875031,308.446279,1.302507387180302E-4
-4.516478,384.93174,8.372935039453973E-6
-2.577588,260.230002,0.010500236784541291
1.031599,318.4173,0.30304291562408014
-2.019227,294.941907,0.04436800657877696
-1.420875,232.0,0.15669574468958347
1.17419,238.478802,0.2414901464557646
-1.855786,232.0,0.06475223293438104
-1.464238,369.053588,0.14398019919078286
1.35043,416.337937,0.17761167868789318
-1.8508,444.775771,0.06486114821108828
-1.732462,427.884209,0.08391191383211768
-0.917065,430.956299,0.3596214927339165
-1.304749,420.526269,0.19269187794654918
-0.507676,441.952648,0.611933838545553
0.467968,378.835298,0.6400765780375761
-0.029722,451.297466,0.9763019053247185
-0.84635,438.339541,0.39781932050224167
3.943631,418.976218,9.405856610644747E-5
-0.65746,423.524018,0.511242326075163
2.652839,239.434955,0.008515701469066883
-0.13253,439.4194,0.8946257606255201
-0.072222,434.392348,0.9424584779849776
0.701456,396.282395,0.48343020526729696
-0.507491,434.725106,0.612067706928727
-2.20092,441.315661,0.028258839714517252
-1.690965,232.0,0.09218639664279948
0.625096,446.9148,0.5322270819348034
-2.310209,232.0,0.021755116792071427
-0.403487,444.576702,0.6867839851835542
-0.036098,439.337451,0.9712206125159133
0.948212,448.253303,0.3435324434669358
-0.283212,341.172447,0.777186096701315
1.234194,241.0,0.21833275890731607
1.503823,264.932187,0.13381807522399125
0.018834,449.387269,0.9849818896150719
1.404662,241.0,0.16140935087464747
-0.456383,441.566253,0.6483389804444283
-2.374176,400.003323,0.01805936299365528
0.86269,450.597274,0.38876684134930173
0.40808,440.837113,0.6834130680841608
0.259265,394.580303,0.7955659896699614
2.312495,450.35566,0.02120044012680844
-1.27685,442.170975,0.20232533547014064
-0.162413,451.36961,0.8710533159371798
-0.181273,445.478969,0.8562357432877241
-2.582046,387.057944,0.010188299879475855
-0.624413,445.965796,0.532675688217674
-0.987268,440.5609,0.32405316529210415
1.951567,305.842505,0.05190220656286093
-1.191729,419.595562,0.23404112945142463
-2.471305,257.645127,0.014109372656565847
-0.122674,434.757485,0.9024219396259814
-1.718472,277.4555,0.08682607307382362
-2.005508,232.0,0.04607026262367257
-2.68606,303.67533,0.007627821528088928
-3.284298,433.217765,0.0011053311900118558
-2.667027,298.161416,0.00807052078871212
-1.6396,247.798506,0.10235722330539165
-3.018349,279.495546,0.0027760359287223677
0.571143,393.449354,0.5682287961757999
2.006914,429.8429,0.04538450670194871
2.199202,411.012352,0.02841987955999925
1.038532,414.958313,0.2996272061955709
1.363791,369.467251,0.17346365139583875
0.043584,448.439413,0.9652554053615121
3.543046,257.761193,4.6941154368740357E-4
-0.941989,383.134504,0.34679183846146777
0.183679,419.187284,0.8543540984524314
-0.104157,444.544185,0.9170917316640426
-0.424755,396.839789,0.6712454835454483
0.617571,443.82276,0.5371748935152807
1.80508,386.336926,0.07184060125851666
2.269937,338.753154,0.023839287211677718
-0.990407,351.795443,0.3226559312499945
-0.065233,451.446389,0.948017363098813
-1.313599,285.02983,0.19003754310972554
-2.850195,232.0,0.004762519270464818
-1.633475,248.407644,0.10363590842779058
-1.136774,273.488044,0.25662782566741704
-4.042248,355.828443,6.492245123509089E-5
-2.208728,337.360455,0.027865364275176698
-2.782297,232.0,0.0058417517257477345
-4.212951,240.990571,3.564043972361984E-5
-2.248766,259.72799,0.025365898797246843
5.245136,436.96881,2.438816542049693E-7
2.504033,429.98623,0.012648084520663572
0.631148,435.70226,0.5282747073000778
-2.285377,281.101606,0.023035364104598968
2.842276,309.830108,0.0047764943766899215
0.744597,404.514132,0.45694772856133636
-0.667266,446.151192,0.5049472058755995
-0.725708,402.425612,0.4684396142344873
-0.029764,448.5694,0.9762685075745537
-1.414315,232.0,0.1586100410344501
3.516782,442.417688,4.819354449208113E-4
3.227181,422.525748,0.0013475201784136637
-0.511709,405.888293,0.609132962625673
-2.736635,277.991435,0.006607002489743043
-0.924447,307.762278,0.35597788509926276
0.181735,419.871696,0.8558783992749706
0.626075,394.045435,0.5316282268163577
-0.57555,431.307238,0.5652195358279488
0.585291,444.738654,0.5586489112837703
-2.152296,363.626797,0.032031670749548935
0.674821,434.352106,0.5001485294625909
0.310158,451.304014,0.756583981655349
-1.245789,260.006782,0.2139632692677147
-2.435248,232.0,0.015636273662364558
0.587746,402.231197,0.557032605740452
-0.792647,326.783878,0.42855858847975903
0.010572,434.641522,0.9915697722559169
0.801656,423.49907,0.42320154181060987
-0.154608,451.181703,0.8771994990840604
0.294181,448.398426,0.768755728826066
6.560779,448.379321,1.479540934212764E-10
0.446067,428.154694,0.6557743422104771
1.695085,241.0,0.09135088466744712
2.372196,389.590326,0.018167731028780443
3.564554,437.547586,4.046099079031418E-4
3.375,434.163814,8.044862773957107E-4
-0.867902,446.939676,0.3859137428216941
0.771885,438.707989,0.4405981244742203
-3.403593,232.0,7.833534414597082E-4
4.565826,361.181628,6.832983781235313E-6
4.327985,451.148559,1.854886254260002E-5
5.789207,450.134336,1.327793142102962E-8
3.777043,438.565378,1.8058980743762554E-4
2.868532,437.390715,0.00432340423435984
5.832941,443.638385,1.0507900771727918E-8
-0.054651,449.447359,0.9564407915585739
4.08625,286.925435,5.6948112736154854E-5
3.706187,366.497498,2.4288030128793991E-4
5.863577,433.761406,8.986369426366991E-9
0.943993,451.251648,0.34567836774876004
0.530761,390.609035,0.5958860401796824
-2.79052,265.756415,0.005643640738405315
0.649374,448.296,0.5164292264976416
-0.223875,450.12135,0.8229561439616364
1.840225,443.052076,0.06640386792413455
1.511382,450.447035,0.13139234929096721
-1.40752,325.66452,0.16022699336114277
-0.123951,445.81429,0.901409936895951
1.475185,244.202278,0.14145092618255095
-0.142439,449.723031,0.8867970497517945
-0.250301,444.974428,0.8024701054085535
0.541466,446.649624,0.5884564017620151
-0.737224,424.693097,0.4613932298818234
0.624495,406.973393,0.5326524842713816
-3.109458,361.587313,0.0020229847838787317
-0.305458,418.925485,0.7601690708802421
-0.809016,419.21332,0.41896485161725605
-2.423229,336.76369,0.015909875364559952
-0.535348,420.227717,0.5926924284964835
-1.120773,424.96034,0.2630174603791824
-0.814689,423.209219,0.41570854885986386
-0.674827,394.798613,0.5001806744896673
0.742669,441.733851,0.45807684887751643
2.266569,281.795376,0.02417468427337499
3.169117,438.522933,0.0016360559666315222
3.460788,405.204474,5.958376614909611E-4
2.911745,403.891327,0.003793438537460725
0.472897,447.167496,0.6365174033710337
1.860728,324.732903,0.06368627719027264
-6.157541,414.411662,1.7477184288222853E-9
-2.960421,274.464388,0.0033406265141447317
1.091303,445.25974,0.27572974753339174
3.911621,338.587343,1.1080074368363668E-4
3.010488,404.181802,0.0027718714570381664
1.537234,436.817423,0.12496002510063242
4.287408,450.988567,2.2122619001363475E-5
1.483092,446.336722,0.13875570948158256
1.076965,443.436452,0.28208144646543243
2.129849,359.810919,0.03386223479854977
2.586722,406.83533,0.010035622125364574
0.611764,451.049196,0.5410021395133902
1.337504,382.938536,0.18185201582965016
2.337866,416.754482,0.01986653959069118
1.700338,439.25506,0.08977520388170857
3.82499,390.220449,1.5221487029237757E-4
1.842283,421.684453,0.06613565802467503
-0.950994,437.070624,0.34213299873057357
3.032048,344.773309,0.002612958562855816
-1.20183,383.922022,0.2301701988732121
1.85942,448.616952,0.0636220729736301
-1.097815,426.802766,0.2729042307308829
0.874211,450.529825,0.3824691142274408
-0.747952,388.623134,0.454941475956686
0.262507,449.609763,0.7930508255242943
-2.788841,370.082428,0.005563047972916664
-0.882062,322.31811,0.37840060414788323
1.982305,434.766298,0.04807424758876144
0.794564,441.637384,0.4272939301588785
-1.684821,232.0,0.09336778627425357
-1.481905,334.331986,0.13930746274490724
1.677763,405.503831,0.0941638973423995
-5.095121,355.03024,5.674014278099502E-7
-1.705299,232.0,0.0894771628720481
-0.208478,446.750925,0.8349507728627537
-5.445388,313.142053,1.0463709296821906E-7
-4.4588,391.112581,1.0783044521822598E-5
-0.866088,399.212323,0.3869621107074165
-2.886998,363.241048,0.004122035832990386
-1.720369,359.682965,0.08622546597891212
-3.269483,290.386909,0.001207086749396414
-2.305099,343.273293,0.02175701213687637
-1.544732,271.883428,0.12357423434499648
-2.044833,289.715688,0.041774788462034335
-2.663755,232.0,0.008269145884603576
-2.117278,346.454721,0.03494839152524041
-1.647285,232.0,0.10085322024898691
-2.281962,330.251067,0.02312732190055376
-1.0613,298.845541,0.2894105157932555
-1.626947,261.570515,0.10495236619527482
-2.005703,232.0,0.046049283125774776
-2.98553,291.929856,0.003070601315473486
-0.780712,424.60824,0.4354069235603414
-2.981127,436.498629,0.003032514518790765
-0.043584,424.908328,0.9652564793794245
-3.582935,353.102713,3.874468294927997E-4
-2.029315,301.413157,0.04330466886787265
-3.935072,268.788812,1.0596543204222779E-4
-8.46153,361.988331,6.624162381447683E-16
-1.351091,415.592943,0.1774013521353447
-5.124945,377.779226,4.759624058938616E-7
-6.437283,433.034609,3.2328270449675303E-10
-3.687914,370.449361,2.599392489406881E-4
-5.113971,390.313808,4.954205582467431E-7
-4.387594,364.790025,1.502298028222275E-5
-1.287085,402.912466,0.19880357412081984
-4.542716,443.61186,7.167398436463777E-6
-4.305965,369.65884,2.132692908220073E-5
-0.040687,407.357443,0.9675653590827956
-1.563213,316.876619,0.11900060733318996
-3.338646,272.04272,9.5943375938136E-4
-2.534988,271.612423,0.011806719961511392
-2.910423,384.993161,0.0038191344429560478
-3.01899,291.35162,0.002760612210655148
0.462121,427.990029,0.6442293723162233
-7.979954,367.727976,1.8826388276687135E-14
-3.674313,430.224118,2.6858477785009867E-4
-3.197321,347.57223,0.0015144437559926139
-1.89098,232.0,0.05987301121880533
-3.244044,335.61442,0.0012969876715811625
-1.411592,315.194635,0.15905651099329043
-1.603379,232.0,0.11021151905844662
-5.683477,356.233806,2.7487297526169705E-8
-6.045194,376.169763,3.5969837674033396E-9
-1.413299,232.0,0.15890811033860364
-6.372961,322.454448,6.403306229575229E-10
-3.242444,336.640566,0.00130369444953683
-0.515516,451.506735,0.6064448101189176
-4.398281,337.867916,1.4641653105297624E-5
-0.50811,371.005225,0.6116781659106862
-2.888131,260.283183,0.004201254968246306
-2.414606,366.193484,0.016241729901741213
-3.133258,270.009041,0.0019191975559977043
-3.830052,289.380705,1.571123291427558E-4
-4.19803,335.067929,3.4538705787113425E-5
-2.155476,273.942464,0.03199567958549157
-4.100821,357.160731,5.1017182256664374E-5
-1.818896,295.255923,0.06994020709299806
-3.965467,278.638664,9.318824761784707E-5
-1.917751,350.128905,0.05595584780158285
-1.393914,294.781684,0.1643934351101608
-1.594592,271.860299,0.11196536564380899
-2.142046,232.0,0.03323151610205989
-0.435773,409.791233,0.663230889501343
0.392225,299.052107,0.6951713578470251
0.948821,450.638785,0.3432202021911004
0.423928,434.279122,0.6718282221686875
-0.560557,411.343946,0.5754047532476056
1.73285,449.95079,0.08380749499269413
-0.432429,441.908176,0.6656405863749517
-3.3456,434.746607,8.9229355367119E-4
-1.341893,444.496771,0.18031575449226644
0.255319,442.228667,0.7985954282206484
-2.816336,313.057623,0.005165807830225513
-4.860152,448.501891,1.6246307412255796E-6
1.014626,450.900347,0.31082826529344465
-2.970081,444.880708,0.0031383017674171893
-1.484483,451.155794,0.13837914990662992
-0.06553,450.651359,0.9477810805311502
-2.033264,447.975019,0.0426148421447213
-3.347885,232.0,9.500176333925611E-4
-0.819231,451.225095,0.41308710845991337
-1.440771,438.685895,0.15036273318630022
-1.399846,450.467513,0.1622477397536043
-1.654248,436.823501,0.09879546876953049
-1.48229,446.435964,0.13896866350798343
-2.172284,447.543635,0.03035847691188539
-3.682565,444.428022,2.5931816702261755E-4
-2.361461,442.461107,0.018635536767819254
0.320132,443.606212,0.7490189976386166
-0.90159,445.323815,0.3677620553525853
-1.614262,449.391242,0.10717249554437602
-1.126965,446.160533,0.2603630214238972
-0.857213,451.500666,0.3917819434429808
-1.619015,371.654488,0.10629227599492586
-1.19919,239.439468,0.23163945466603542
-0.188703,442.569925,0.8504120997912514
-2.196422,425.839861,0.02860011742869787
-1.477894,428.265184,0.14017118550955288
-1.733859,232.0,0.08427154513682467
-1.466763,433.007353,0.1431664131918422
