t-stat, degreesOfFreedom, pvalue
-3.624679,232.102501,3.5552694710767657E-4
2.538294,279.904696,0.01168166208934207
2.078754,309.010714,0.038464719874239606
-2.076189,302.280873,0.038721372968324515
-2.280342,239.053967,0.02346859754670164
0.554729,375.890371,0.5794099550014677
-1.173908,335.574714,0.24126432719625013
-1.189769,356.015187,0.23493002517565043
-1.114869,341.029864,0.2656916004956127
-1.961121,310.439585,0.05075857700576211
-2.564271,241.425745,0.010945513151609952
-1.172506,341.683401,0.2418107795336064
-0.910283,323.225851,0.36335159013023044
-1.279388,351.107883,0.20160527381229976
-2.679237,224.440725,0.007925522215764761
-2.286252,261.333836,0.023040000632822143
-2.649697,204.0,0.008687683439494151
-6.215223,358.217705,1.4252122722051393E-9
-1.039994,341.785697,0.2990778147858869
-2.433165,302.553109,0.01554656691522266
-3.218688,240.581473,0.0014650111357340997
-0.915607,271.647666,0.3606851228634441
-2.23431,204.0,0.026547692668683346
-2.970933,372.921626,0.0031613208956738827
-1.344828,292.363226,0.1797231139763137
-2.067443,333.671424,0.0394630467948126
-0.738713,394.60565,0.4605204297481956
0.509111,372.829007,0.6109755907749761
1.310834,224.766334,0.1912515729758828
-2.09999,224.146787,0.03684802635198039
-2.770522,204.0,0.006113565675022462
-3.155168,211.17732,0.0018380268999599405
2.15128,319.282635,0.03220401084132685
-2.037888,270.262448,0.04253483726442494
1.092528,396.218439,0.2752649247048673
1.986908,278.512654,0.04791220388005746
0.771585,258.938909,0.4410638195084964
0.240564,395.052544,0.8100178442145638
0.662946,378.917147,0.5077682088458295
0.453412,396.438745,0.6505001756099185
0.528714,381.178101,0.597311575438769
2.880818,331.966303,0.004224377477755059
1.170929,341.166402,0.24244450609875212
0.18405,370.573584,0.8540749011787274
4.893695,346.891359,1.5183517763084353E-6
0.293631,346.034636,0.7692159160047649
1.291448,396.474812,0.1973007692445008
0.052437,383.039958,0.9582078284059925
-2.347642,291.968907,0.019560243609034716
-2.43432,370.102784,0.015391900984367834
-2.015095,204.0,0.045207099898060994
-1.409052,222.831585,0.16021372635407838
-1.438669,250.656756,0.15149179058904305
2.049234,346.983893,0.04119081755063081
1.599265,245.106207,0.1110499357322352
0.81031,365.632651,0.4182891043267358
0.72426,395.074718,0.4693347945546389
6.532479,365.130707,2.1740409472670308E-10
0.334673,386.215752,0.7380534488508159
1.336875,254.096669,0.182459117290398
0.470146,395.309217,0.6385099747783207
2.135812,382.736083,0.033328823833450816
0.34754,388.205243,0.7283740222240591
2.543674,370.093022,0.011375321219096346
1.518632,248.029387,0.13012876676026974
0.794736,387.95522,0.4272529906329705
0.948368,316.175926,0.3436664321729095
5.122217,305.369994,5.359968970886086E-7
0.934515,261.578505,0.3509001711968933
0.593803,365.609997,0.5530110852256311
1.128767,285.92803,0.2599422975995145
1.271101,345.086342,0.20454885135210188
1.796293,316.495198,0.0734014755697141
-0.596362,369.429226,0.5512986597478311
2.549831,351.50337,0.011201310935450959
2.539732,304.253443,0.01159117163708312
1.664533,301.776837,0.0970438529872002
1.861005,340.31477,0.06360563573433708
0.361641,396.347992,0.7178130339677447
3.009092,351.044189,0.002809651174730643
3.328243,367.460347,9.623089065304846E-4
3.87002,375.460567,1.2830164300803304E-4
4.513064,324.89249,8.944371317820554E-6
0.416442,394.536015,0.6773130571302872
0.515791,396.158981,0.6062881219840057
-1.096224,376.998177,0.2736805186678962
0.561171,394.4766,0.5749996011994263
-0.933632,357.311546,0.35112422751581474
-0.90252,382.504441,0.3673486760509831
0.239524,396.271062,0.8108231292664332
-1.723637,204.0,0.08628845997576826
-1.681321,204.0,0.0942308658070935
1.806959,381.4683,0.07155645314991421
2.015334,335.985417,0.04466561826706772
2.076438,236.617668,0.03893325748876797
3.008576,273.700691,0.002869143117455897
5.207868,377.147079,3.148278084896816E-7
-0.838146,391.83341,0.4024596820728489
-0.746987,329.899033,0.4556034526691223
-2.760266,252.74178,0.006198450033516287
-1.177142,366.835388,0.23990202885399736
-1.143063,376.793302,0.2537381845522826
-0.546935,362.790263,0.5847596406943887
-0.551946,376.781584,0.5813125701391382
1.996076,214.21947,0.04719198191768603
0.852812,393.916487,0.39428179620002757
-2.192475,204.0,0.02947629149987158
-2.887547,204.0,0.004301132370368334
-2.993051,231.231397,0.0030618288386633765
-2.444866,204.0,0.015339194188592944
-3.975058,327.859202,8.658848144492743E-5
-1.05514,309.53877,0.2921841551545932
-2.637315,204.5556,0.008998415280234887
-0.331462,369.498279,0.7404834517151471
0.115143,383.714962,0.9083920066124358
-0.889284,278.394128,0.37461823661364135
-2.547673,215.560457,0.011540961821904108
3.883824,308.614636,1.2582598054833305E-4
-0.343286,396.476199,0.7315652654194491
-1.031742,310.10767,0.30299697210898224
-2.170631,294.426748,0.03075805071823941
-0.257174,396.29098,0.7971779292849459
-0.799943,396.461915,0.4242228631940239
-5.586056,388.873765,4.3721295119054474E-8
-1.009335,370.907219,0.31347198977151947
-0.265357,354.071883,0.7908888834602248
-2.216891,354.493246,0.027264574969707755
0.764302,317.038052,0.44525576118347865
-2.831731,323.615322,0.004919592078555457
1.518637,339.607317,0.12978425918223402
0.160045,373.959243,0.8729320377081258
4.197236,360.886306,3.406087356738752E-5
-0.779971,281.330848,0.4360636397526685
2.124188,289.863842,0.03450087178960071
1.934639,392.59097,0.0537527238795934
0.770518,396.389599,0.44145167135705576
1.972781,276.270352,0.04951736812205598
2.559903,356.817439,0.010881451281030685
4.155729,270.110874,4.355898753161114E-5
2.187508,396.292058,0.02928910441016863
1.738051,395.491417,0.08298015758871835
1.682609,201.498742,0.09399967654108465
3.97309,388.675107,8.456064706208188E-5
0.345691,388.895558,0.729761869086744
1.872283,251.417347,0.06232824456377073
2.000974,277.033991,0.04637062969137529
3.736612,377.424425,2.1535690044793832E-4
0.099109,396.475138,0.921101816308046
1.927708,366.659564,0.05466355865800532
2.691922,350.018217,0.007445454231440385
4.79789,322.393543,2.455724102512491E-6
1.537002,388.520397,0.1251067822391776
3.011787,221.159127,0.002899321838248925
1.370027,269.318749,0.17181950152069803
0.423837,393.093762,0.6719165186273586
3.415293,271.871653,7.344286664443533E-4
0.670358,337.00536,0.5030887083970761
2.601508,371.812631,0.009652185522313061
1.627183,268.390744,0.10487163335856686
1.964448,369.089174,0.05022808208389673
0.39126,396.098039,0.6958154432399231
2.763739,284.077674,0.00608774761530495
1.995218,225.538597,0.047222464679387954
0.081145,386.158132,0.9353686781250823
2.671131,222.791986,0.008117475600007973
2.322298,212.0,0.021165744726021618
4.468437,232.084111,1.2317886988411075E-5
3.3343,208.488594,0.0010120234476949097
-1.591419,230.272839,0.1128871470900914
2.01453,230.413359,0.04511601985786551
0.862107,394.298707,0.38915264268802474
1.419034,212.0,0.15735765541056335
4.327233,250.794844,2.1823780645524593E-5
-0.247622,396.463107,0.8045550768787935
1.07194,293.945025,0.28462627339141067
2.057097,374.387916,0.04036916206575336
-0.532661,375.569969,0.5945832727866693
-0.006924,395.996032,0.9944789781784708
1.346175,292.372455,0.17928888071135463
2.226035,212.0,0.02706450952535655
4.893881,378.236667,1.466174453845781E-6
4.846235,350.730258,1.892824917026914E-6
2.280346,372.360504,0.02315175860744545
5.416038,375.559071,1.0901386948702907E-7
3.149811,367.472917,0.0017676039916993957
1.085164,315.196055,0.2786783017195247
-0.974293,320.353593,0.33064618086078823
-0.031056,395.548965,0.9752405434288511
-1.913321,334.599742,0.05656014460245954
0.656177,385.687128,0.5121015131675826
3.056936,389.030746,0.0023905235063246266
1.627131,372.31008,0.10455525980572222
3.491792,347.733944,5.416396449571259E-4
4.063734,340.606351,6.000386126125967E-5
0.799903,356.478813,0.4242997075520665
-3.107317,213.703733,0.0021443686465254137
-1.73871,204.0,0.08359443998951223
-1.691047,204.0,0.09235498200768955
-0.965037,376.901035,0.335145059349511
-1.743293,204.0,0.0827890510746599
1.157193,324.025433,0.2480458600090214
2.042009,277.248603,0.04209682737849829
0.964413,378.11567,0.3354552882808983
0.719884,396.152302,0.4720209158703592
0.212595,392.852739,0.8317531382679562
0.743404,373.888967,0.4577039961148941
0.540609,304.594312,0.5891722049697268
1.044423,368.359526,0.2969746308661376
1.113629,237.21618,0.2665655053766802
-0.013916,391.447257,0.9889040864506198
-1.033918,296.738221,0.3020163766680952
4.176128,394.492385,3.652353891792082E-5
-1.288968,219.059315,0.19876870099388333
2.484399,255.612635,0.0136179958090068
4.109202,221.824557,5.588262877531669E-5
-1.656715,243.688056,0.09886404120494452
-3.453905,391.233736,6.129514360686847E-4
-5.9772,346.799889,5.638932285265791E-9
-2.387369,347.844356,0.01750291023053435
0.981896,310.950868,0.32691443115931484
-0.84978,287.926671,0.3961534492405483
-1.419438,204.0,0.15729757672194788
-3.733407,357.828761,2.1969318937477123E-4
0.003484,364.619565,0.9972220811458756
1.694825,212.0,0.09157693627702201
-1.224868,325.195736,0.22151144398214806
-2.979239,353.723807,0.003089276284023528
-1.127597,389.631842,0.26018404870766154
1.235048,212.0,0.21817965753238844
1.831298,280.616347,0.0681161968640156
-0.968368,281.240006,0.33369263406884087
0.99624,359.216274,0.3198041523630195
0.632425,395.641711,0.5274745096734221
3.192287,311.989754,0.001555415324331788
0.567842,396.393036,0.5704637424250036
-1.562412,323.710228,0.11916801623988116
0.77172,390.140907,0.4407474569120571
-0.028489,394.871292,0.9772865338159726
2.21312,212.0,0.027955770673460778
4.545624,320.937248,7.769494950071731E-6
1.366226,358.155024,0.1727252145418543
1.137429,337.205219,0.25616655610428696
-2.974249,346.62747,0.0031429001280310143
-7.270655,323.042207,2.7168323718436416E-12
-1.801212,285.714833,0.07272375650648201
-4.856728,298.625023,1.928676565509421E-6
-9.028288,396.350266,7.680520918917164E-18
-4.208582,312.658844,3.3621710460559865E-5
-5.119684,378.722418,4.880005746143848E-7
-1.182143,292.85732,0.23810790553259997
-0.823464,276.83229,0.41095300696178827
3.821693,365.298875,1.5574940850582308E-4
3.361657,390.242299,8.512714390578324E-4
3.21007,349.218496,0.0014501138448117512
4.041812,295.01267,6.773228754819449E-5
-0.686765,307.421487,0.4927485264696567
4.165832,207.202332,4.5529816881773044E-5
0.328515,393.994374,0.7426968343019826
4.581974,356.973073,6.375970207361803E-6
1.596721,276.070238,0.11147190523093076
2.286283,353.832597,0.022828101930481237
1.798689,212.0,0.0734903050330118
-1.420653,204.0,0.1569443004160096
0.96256,382.667442,0.3363762232231773
5.353534,395.889492,1.4645258405998618E-7
5.083528,396.477486,5.722419291753766E-7
1.18428,356.978143,0.23709015776869613
4.636059,331.589671,5.114379370230182E-6
-1.359062,204.0,0.1756275438017253
-1.750132,384.304809,0.08089358495561202
-2.627001,349.127357,0.00899384210657756
1.495335,393.919914,0.13562770429043702
2.188891,393.960365,0.029191086915389963
-1.968482,354.833439,0.04979066478424487
1.424327,219.280568,0.1557733680234139
-1.582249,389.816795,0.11440370529779742
0.175278,382.457056,0.8609539552551748
-2.09632,372.575425,0.03672780708290088
-1.201379,360.026003,0.23039393114055828
0.679614,356.696996,0.4971896930668933
-5.79242,319.674166,1.660219233280329E-8
-2.620865,335.622839,0.009169650186723862
-5.64724,275.409131,4.0573458596356785E-8
-2.343155,204.0,0.020084225768316172
-0.629866,388.602231,0.5291524197494732
-6.338585,233.62311,1.1838388849538613E-9
-2.272892,256.243543,0.02386112602057931
-4.832645,322.247432,2.0881304027951745E-6
-3.135344,241.040101,0.001929614440721942
-4.728128,297.472346,3.503297150520596E-6
-2.532545,204.0,0.012076489657598959
0.360993,378.707556,0.7183059677233303
-0.890979,363.095864,0.3735304405391424
-1.192605,204.0,0.2344094337052015
-0.278424,352.521067,0.7808501394764724
-1.362112,204.0,0.17466465347147475
-2.275607,252.33342,0.023708415056520753
0.357573,389.579897,0.7208565220260201
0.913139,394.451328,0.36172721829113375
-1.218048,394.57698,0.22393357426562654
-0.775319,389.332304,0.4386218405045009
-1.362382,279.812273,0.17417295448835557
-0.10852,393.169098,0.9136385767649837
-0.20126,386.674223,0.8406011048407174
-1.026981,365.278488,0.30510898850277157
-1.307302,279.18377,0.19218578916448892
1.204535,260.510223,0.2294760440481305
-1.719317,204.0,0.08707347438191015
1.211796,312.610745,0.2265056169637547
2.305923,380.330629,0.021652127458330117
-0.951156,388.22743,0.3421169550707117
1.751262,281.326333,0.08099059081702342
1.065217,363.118489,0.28748552362229995
0.477994,381.283108,0.6329284031381746
-0.364099,379.377757,0.7159869198077731
-1.797549,386.535874,0.07302885246936346
-2.645827,204.0,0.008784291951763862
0.313763,395.918436,0.753866293335784
-2.144043,204.0,0.0332126345040258
-2.069231,312.152193,0.03934709829055058
0.862574,336.716513,0.38898565272107377
-0.004372,395.190632,0.9965138658866511
0.134592,395.37374,0.8930029552440466
-1.409235,204.0,0.16028821956287143
-0.30505,298.260009,0.7605408340351981
2.203385,203.791317,0.028687909708797976
-2.122715,355.926007,0.03446761670576122
0.368027,346.475749,0.7130778344243318
-0.030346,394.832702,0.9758064438610632
-3.508276,323.787007,5.148067118099502E-4
2.283969,367.882386,0.022942565086908617
-1.482011,338.432883,0.13926786226455512
-1.380517,338.012175,0.16833973382166012
4.7707,386.268753,2.607286899714012E-6
-1.114376,375.186413,0.2658312612355551
0.734603,386.771844,0.4630264485130593
-0.340571,388.733949,0.7336105376035765
-3.076601,330.068175,0.0022688892536005018
-1.242451,376.288458,0.2148439313543894
-0.025163,395.277005,0.9799376474785009
-2.919322,310.83726,0.0037641646480849273
-0.670691,388.94827,0.5028154520755517
-2.565512,323.558981,0.010752573972207006
-2.615106,204.0,0.009586149325879218
-1.667949,241.081068,0.09662416566045784
-1.198705,250.399816,0.23177588303756425
-2.300586,204.0,0.022425858230822673
-2.587175,204.0,0.010371604946539034
-4.573114,379.95349,6.5121444140877664E-6
-2.558935,255.462683,0.011076409264119716
-1.700009,281.439999,0.09023401189092317
-1.740853,263.56182,0.08287632062579532
0.486614,394.487168,0.6268021351636479
4.032212,359.857929,6.748301954040414E-5
0.170921,393.311268,0.8643737781217609
1.588547,311.015365,0.11317872587601485
-0.196805,395.501503,0.8440812308376291
3.424148,243.133491,7.236795958487363E-4
-1.745381,204.0,0.08242422480357078
-1.8774,204.0,0.06189047620087703
-1.201505,369.409017,0.230325096355267
2.983339,250.595664,0.0031327059686088177
2.982935,223.495601,0.003171803817840102
-0.734646,340.605986,0.46306058700748165
0.97846,365.164763,0.328494640004636
-1.679319,255.203251,0.09431371270686995
-2.456558,204.0,0.014863143277725964
-1.659727,204.0,0.09850581471130282
-1.066369,286.040323,0.28715610113630385
-3.753389,298.334495,2.096617055546676E-4
-2.725475,225.739365,0.006924355042026033
-2.41726,204.0,0.016517230144488075
-4.024149,215.304896,7.91831891822333E-5
-2.337161,204.0,0.020400369440123804
6.157396,383.181668,1.8684103153532305E-9
0.99626,388.38449,0.319744118843287
1.840316,315.22053,0.06666176514776878
-2.20107,224.16299,0.028751381917367355
2.024739,304.600435,0.04376633232695237
1.63131,243.921946,0.10411533385920047
-1.953468,355.337724,0.051548568213030256
-0.224621,386.820411,0.8223927298230058
-0.539766,387.868024,0.5896681588308519
-2.579548,240.981212,0.010486745327236192
3.568528,383.97491,4.044496256425667E-4
2.904732,355.035903,0.0039058869956609676
-0.361721,363.516148,0.7177706942708497
-3.120444,226.773069,0.002040216300285556
1.420035,212.0,0.15706637882649144
1.865469,241.492467,0.06332830204961892
0.570218,384.665478,0.5688627461921514
0.037709,396.111508,0.9699386968473467
0.020672,395.486565,0.9835177302437885
-1.841235,329.000919,0.06648727413579845
0.891721,379.093789,0.37310812876124944
0.333439,373.889983,0.7389898395819783
0.579338,374.984548,0.5627089943005195
-1.570978,220.962835,0.11761858407299253
-1.737592,204.0,0.08379187734193173
1.458741,253.974177,0.14587200328204109
-1.090188,322.985293,0.27644300446342407
0.507871,384.977163,0.6118346644301422
1.265142,222.183127,0.20714567129381223
-0.364344,391.337015,0.7157979327627073
5.031428,387.80852,7.462445914541149E-7
1.516171,237.267793,0.13080724789343479
1.716261,212.0,0.08757502151504193
2.192615,332.472807,0.029027713364720098
2.065841,383.084733,0.03951539856304165
2.962309,345.05315,0.003265188521676121
-1.695195,389.045119,0.09083856752746133
1.517983,317.681079,0.1300131867008245
-1.94439,204.0,0.05322340454013289
3.122625,272.818523,0.0019852881103099573
4.542635,391.95662,7.406983006719159E-6
4.338637,386.855364,1.8319377572240114E-5
2.315661,384.987159,0.021101607217120177
1.533222,376.650667,0.12606066344952804
5.710419,380.065114,2.2750963335482766E-8
-0.380903,371.348074,0.7034930382555762
1.561061,355.291563,0.11939961744864358
1.404067,376.414896,0.16112341923401652
4.123561,367.488385,4.6161115504039785E-5
-0.848598,376.335262,0.3966444548782806
1.11624,321.244645,0.2651536499992071
-2.227553,208.51362,0.026979061335610306
1.136348,353.64096,0.25658040071610966
-1.29642,318.731088,0.1957686701229312
0.09047,393.818994,0.9279597278228944
0.693821,396.454862,0.4882007872412468
-1.620873,290.047855,0.10613146433791498
0.254876,372.222485,0.7989596338770752
-0.221282,378.386064,0.8249922277065107
-0.428167,388.748838,0.6687666539902841
-1.047166,359.92278,0.29572572034264843
1.937521,356.696176,0.053470770092227005
-1.439829,254.184935,0.15114622599490835
0.489405,379.145879,0.6248380111443046
-2.343909,300.620458,0.019733953725517398
-0.578758,349.530411,0.5631252237182724
-1.391478,204.0,0.16559601055519124
-1.95325,339.086358,0.05161212750989369
-2.566881,297.860945,0.010750204530323064
-0.535913,369.029523,0.5923415334713358
-0.749535,370.345323,0.45401065345680147
-1.16635,385.177973,0.2441946111882659
-1.217096,313.70359,0.22448250249763135
0.902361,363.262825,0.36746305687153713
2.489136,229.780573,0.013514526278604277
3.526444,361.438212,4.753911215107376E-4
3.763533,313.94287,1.9990370424149972E-4
3.098147,291.463266,0.0021373121735592804
1.522874,230.186465,0.1291628240787812
1.937671,209.759835,0.054005940921022955
-5.547154,376.654143,5.478772629558449E-8
-2.247017,260.127194,0.025477691657936792
1.76336,379.131722,0.07864526526116111
2.98685,291.937339,0.003057765240145338
2.483305,322.768135,0.01352437479013946
2.32571,326.383194,0.020646396878686746
5.332042,396.461128,1.6346494247088117E-7
2.015785,396.447713,0.04449665367715916
2.204243,328.709935,0.02819986503722105
2.1566,305.359652,0.03181723094878719
2.303945,327.69481,0.021850984285858077
1.535177,387.750477,0.1255558883470218
1.961944,254.029143,0.05086084521046019
3.480245,345.779073,5.650750062931031E-4
2.032686,384.048829,0.042771713532538946
4.304162,319.025044,2.232614187969162E-5
4.01658,322.993611,7.349433067926903E-5
-0.472507,386.68231,0.6368315113612959
3.578153,248.051057,4.160550614127345E-4
-0.697454,363.22105,0.4859649041993154
3.115679,372.779942,0.001977401417597058
-0.568597,391.224588,0.5699558954981885
2.063478,396.268877,0.039717960680137665
0.804895,382.082851,0.4213808386967728
2.235429,226.715774,0.026363824300138283
-1.96769,363.341938,0.04986392589492265
-1.040646,256.252027,0.29902071833249566
3.073132,270.764431,0.00233435341901278
-0.737168,299.796741,0.4615967119699108
0.422042,391.909874,0.6732257808909332
-1.942872,204.0,0.05340785544227523
2.517808,282.51229,0.012361882454815287
-5.038531,326.310793,7.784474232191895E-7
-1.403962,204.0,0.161850684371579
-6.042674,287.101506,4.693386316986344E-9
-5.128044,331.865757,4.986417127761378E-7
-2.754938,264.955454,0.006277259545016161
-4.711321,304.030045,3.7497759949015853E-6
-0.544245,383.725781,0.5865889887575519
1.36813,212.0,0.17271968722846198
-1.648013,333.051379,0.10029301794936074
-1.791777,321.209591,0.07410986121298505
-1.849887,240.376452,0.06555717989013742
-2.122853,250.090479,0.034748799298615664
0.866849,289.631092,0.38674231807305115
-0.666699,350.044,0.5054036096607735
-1.649878,204.0,0.10050675157883737
-1.71295,320.885055,0.08768766768551262
-2.86637,246.149673,0.0045114055392499255
-2.430893,204.0,0.015925816627606077
-1.752859,340.993295,0.08052485484921265
-1.187359,365.533579,0.23585705690974867
-2.024294,392.365675,0.043616943792026
-3.752824,314.031853,2.0824649766833743E-4
-1.691978,301.279111,0.09168409729681071
-2.790979,291.303424,0.005601959068473278
-0.384548,395.18682,0.7007791774759949
-6.570354,325.745041,1.9889396626442658E-10
-0.430794,396.25809,0.6668523937250876
-4.794931,353.178246,2.402784328662848E-6
-4.648416,391.860102,4.577611060251867E-6
-1.983234,204.0,0.048682754151581895
-4.453181,319.587681,1.1710118693528118E-5
-5.027871,352.524797,7.909299804295208E-7
-3.191748,334.413885,0.0015483150830262501
-1.222437,356.816176,0.22234927397729842
-2.490175,391.890665,0.013181480210699412
-4.183224,311.040389,3.7427164267498556E-5
1.703051,212.0,0.09002405188089391
-0.346527,367.910245,0.7291447976015037
-2.768018,204.0,0.006158990818150949
-2.617223,216.884454,0.009488846909715758
-3.008896,339.638537,0.002817901437582248
-3.070781,235.134753,0.0023860913734558642
0.561657,353.492424,0.5747056508973747
-5.479996,340.241705,8.293516692137874E-8
-2.72782,394.179354,0.006660514026411789
-4.678606,235.623359,4.8707759841717285E-6
-1.488473,241.593268,0.1379303279095483
-1.493318,353.329935,0.1362463808040656
-0.15052,360.164339,0.8804386344003864
-1.396978,204.0,0.1639379373095362
-4.654369,319.23675,4.770839502160738E-6
-4.992779,359.613311,9.296770139443238E-7
-1.174542,256.461247,0.24126743327584144
-5.765785,286.067725,2.104251352541393E-8
-2.45184,359.242536,0.0146881358306967
-1.027191,357.919428,0.30502421319855044
-3.165344,287.631382,0.0017152167187199309
-1.379722,231.676638,0.1690024022290828
-2.343337,204.0,0.020074694227903256
-3.244012,276.492693,0.0013233405804845338
-2.247223,262.558279,0.025456549322613875
-2.691139,286.065722,0.007539958518452425
-3.914877,261.930524,1.1540284366911328E-4
-1.135187,377.151572,0.25701787832141854
-3.899963,319.085081,1.1732746827066872E-4
-3.546259,247.778306,4.671109576291352E-4
-1.05753,379.853484,0.2909418359497685
-0.474832,361.340696,0.6351935777674591
-1.694643,266.587485,0.09131092170145882
-0.534607,321.100466,0.5932916154745257
-1.465271,331.602623,0.14379448974599474
0.647519,395.599627,0.5176716815375411
-1.421631,204.0,0.15666037522372867
-0.571192,396.407752,0.5681931839405859
-1.152215,277.674917,0.2502237533096683
0.312233,330.540306,0.7550603280652308
0.053293,382.673974,0.9575262669998812
0.307518,391.174852,0.7586127824004105
-1.844682,393.799016,0.06583459858850109
2.303107,347.39494,0.02186303004159562
-1.436384,250.252269,0.15214201901184898
-0.703774,346.447082,0.48204625716431104
-3.099122,390.826047,0.0020813959054236312
2.988169,373.013875,0.002992295295032976
-2.323453,386.28164,0.020673219184858937
0.099719,391.606716,0.9206184435841251
-0.737598,396.343244,0.46119522100346777
1.453268,297.285162,0.14720411969964853
-1.050564,396.250384,0.29409916079686016
-2.130909,238.336421,0.03412065331374959
1.541241,361.219166,0.12413369117131601
-0.345516,396.298744,0.7298898120042296
-2.112052,378.97474,0.03533582171529246
-2.079165,368.888334,0.038292596287996895
0.554567,392.993741,0.5795063244990399
-0.663219,394.805485,0.5075773472175993
-2.920008,387.453105,0.003704783881514042
-0.691926,394.750853,0.4893905690515783
0.659297,383.494879,0.5101007634674881
-0.768404,382.562312,0.44272127319506416
-2.192521,382.367803,0.028943931975996734
-1.246541,393.175261,0.21330798518606364
-0.218403,396.455616,0.8272275061896764
-0.945331,373.095966,0.34510171690499736
-2.197615,264.912818,0.02884222383132696
-0.485197,380.032331,0.6278161834561289
-2.847973,376.564131,0.004641189584594489
-2.109894,377.328362,0.03552539172627637
-1.040583,382.791803,0.29872591001015936
0.74084,304.426812,0.4593614986638268
