t-stat, degreesOfFreedom, pvalue
-1.689577,426.915541,0.09183898598635765
1.287718,570.645122,0.19836611674615057
-0.444396,577.924087,0.6569226674561441
-1.904925,346.521217,0.05761748538752458
0.707551,577.993963,0.47950932076698605
-1.90438,366.106314,0.05764430352178902
1.23609,420.984351,0.2171143460551357
-1.148605,542.637981,0.2512249533915547
-2.228488,344.417038,0.02649300462683477
-0.583756,560.701688,0.5596192354651682
-0.936036,547.53199,0.3496673085880577
-1.239685,565.375894,0.2156062333041453
-1.099355,435.508198,0.2722205910467811
-0.519237,564.05165,0.6037991516470351
-2.237264,353.570229,0.025891707511473256
-6.496188,532.895885,1.8921635887383673E-10
-0.470177,572.397539,0.6384076522510137
-1.596117,540.771602,0.11104686190973556
-3.084554,326.676408,0.002212594530812909
0.369632,574.198938,0.7117929844108211
-1.95158,547.242946,0.05149783989731946
-0.996811,557.372312,0.3192888051771109
-1.939379,573.024118,0.05294567132685711
0.730583,557.840438,0.46534061697692075
-1.783306,304.887793,0.07553119204267328
-1.021197,435.218708,0.30772841436273857
-3.329574,297.588431,9.792782389591345E-4
2.481023,493.698248,0.013432549037686092
-1.208572,501.812733,0.22739650187164462
1.320593,528.763484,0.1872083967458158
0.397259,575.033755,0.6913238869318268
1.04255,379.023911,0.2978212649533054
-0.754625,544.001505,0.45080056485444453
0.583698,580.448528,0.5596502534174648
0.382541,578.480141,0.7022006310043589
1.770367,427.862939,0.07737804973736973
3.180238,503.582453,0.0015622019192809145
0.395531,579.990154,0.6925964890822722
0.270945,556.280321,0.7865338393848318
3.8246,533.788357,1.4645454665362934E-4
0.88872,425.69877,0.37465547248481057
1.535832,580.85449,0.12512409418204262
-0.454582,580.817288,0.6495798301547127
-0.230942,569.53662,0.8174427979728557
-2.256747,560.902241,0.024407922540338103
0.119752,571.447734,0.9047216948262755
-0.924566,336.672759,0.35585389919500865
-0.220883,461.043846,0.8252813193979509
1.15634,548.410472,0.24804558659949572
0.069076,550.813838,0.9449541934670682
-0.769573,428.064981,0.441977668315251
0.480378,509.056886,0.6311649978335538
5.250002,526.978444,2.2095357299356522E-7
0.286671,580.860453,0.7744664671963986
0.682504,578.83131,0.49519335164241074
-0.311459,569.542227,0.7555656787047239
3.590463,540.145092,3.6017772379337565E-4
0.572109,550.230038,0.56748179056498
2.176389,570.249075,0.029935823374062087
2.214072,325.265786,0.02751698321640128
-0.986883,291.857646,0.3245174301745791
-0.299375,576.527297,0.7647618272326446
3.685624,493.229659,2.5342976342579426E-4
1.165167,369.038493,0.24470397801213561
-0.316018,580.070709,0.7521025204548463
-0.350356,563.101809,0.726202559170426
0.094551,578.523913,0.9247042098830467
-0.686299,526.304642,0.4928268102479416
2.502078,505.52373,0.012661494409358154
1.385489,529.749424,0.16648603658632832
0.897163,498.012215,0.3700654377932837
-0.056976,575.155093,0.954584100983204
0.519526,580.762708,0.6035919264734497
2.041704,553.572154,0.04165441136028125
1.931597,573.809092,0.05390135155542253
2.540797,572.942107,0.011322687325564074
3.489569,499.370711,5.26615776908379E-4
-0.458072,494.777981,0.6471018239852042
-1.004736,573.969405,0.31544736942241003
-0.897499,566.534055,0.36983394502304445
0.755101,576.934939,0.45049651974241867
-0.579636,543.329836,0.5624003703019687
-0.841626,576.338249,0.4003464043509527
0.108137,579.061342,0.9139244764965642
-2.035892,274.0,0.0427230248335572
0.842972,580.350094,0.3995913858199289
-2.546966,334.948544,0.011313173989890258
1.715591,528.007046,0.08682356792527601
1.381773,476.809606,0.16768846040328667
1.200047,537.813161,0.23064943891641532
5.151227,536.254369,3.641671175724781E-7
-1.070129,425.29008,0.28516820173434554
-1.774809,480.460283,0.07656251690997681
-0.158752,577.463095,0.8739197705039898
-0.403109,578.671435,0.6870169312603185
0.697787,491.379516,0.4856404542312276
-0.962619,510.625778,0.33619438427864556
-0.97839,513.018433,0.32834261193066194
1.45E-4,580.309541,0.9998843565358206
-0.358076,578.146607,0.7204171355975626
-1.075428,418.368835,0.2828029477988834
-1.219509,556.2273,0.22316792091633497
-2.30928,274.0,0.021671982088854295
-3.092627,520.146627,0.0020904397173281395
-0.728142,537.369952,0.4668438277754279
-1.112191,545.553909,0.26654589046789234
-0.925984,570.385439,0.35484591011384026
-2.072251,274.0,0.03917729365888494
0.627002,504.566323,0.5309415228504337
-3.828652,297.591785,1.5710653900867177E-4
1.442215,572.415933,0.14978863610625126
-0.412895,579.027854,0.6798363916403815
-0.425803,550.12257,0.6704179363297285
0.171268,578.521467,0.8640729272099916
-0.016109,575.002499,0.9871530212810888
-0.09912,512.793248,0.9210817276924824
1.256906,393.105132,0.2095339783586998
-0.317831,568.62885,0.7507298160194221
-5.794462,568.354548,1.1362933993926722E-8
-2.143371,479.908824,0.032585368006250955
-2.034146,323.879921,0.04275137869447077
-2.139963,520.581176,0.03282194065972119
1.063434,414.826891,0.2882038284012518
-3.033651,430.623479,0.002562352228610788
0.576773,550.289954,0.5643286664883214
-1.366254,274.0,0.17297946669774045
5.452627,441.320426,8.277248508825608E-8
1.629952,241.0,0.10441790688827846
2.241831,241.0,0.02588284510823935
1.609484,439.463597,0.10822861018106034
3.471258,507.941495,5.621732240923549E-4
0.552047,580.797972,0.5811285070869892
2.354103,536.348303,0.018927154250349965
2.739481,415.878219,0.006418376202481646
5.275767,442.419365,2.0739716455331347E-7
4.816004,384.00862,2.111007106231355E-6
1.381392,241.0,0.16843783500688514
3.500291,576.124725,5.006939778740005E-4
-2.505928,499.076776,0.012530238117450652
-0.044963,576.083126,0.9641523817765184
2.35226,452.196719,0.019087542352041353
6.419117,402.365424,3.86338294688926E-10
3.003829,354.383385,0.002855616090731594
1.837164,520.054194,0.06675610064129023
1.625415,578.181938,0.10461908476397097
5.804058,444.198834,1.2327685983137826E-8
2.961578,531.063811,0.0031976284771966235
2.572287,395.660994,0.010466813251430729
1.544569,430.288131,0.12318566218260552
1.720591,476.643442,0.0859740654336818
0.091343,579.094629,0.9272516386950858
0.797631,570.387219,0.42541658126223636
2.116565,381.10443,0.034944434497144794
2.723633,321.797939,0.0068092805630937114
0.049903,576.254775,0.9602169783031123
2.560049,516.787395,0.010748993266685103
2.355345,367.499066,0.019030431442273787
3.044808,402.796539,0.0024811719638779817
2.612818,372.598002,0.009343443849455069
2.293092,380.836291,0.02238696615165625
2.002311,336.06827,0.04605440032857566
0.667083,428.656989,0.505078041592445
1.418468,241.0,0.15734601779274504
2.363973,329.934588,0.018659068500038734
0.764529,550.106396,0.44487988278125834
5.40806,415.372527,1.0774690850645641E-7
-0.618685,555.677272,0.5363774201299896
1.258017,575.430716,0.20889584467299094
-1.398573,478.572865,0.16258874992478078
-0.783902,560.744143,0.4334286084154144
-0.32883,579.19875,0.742403045196289
0.193131,580.811733,0.8469238909417751
2.234142,241.0,0.02639152458767713
1.521353,577.275595,0.12871881602219704
3.94738,528.339784,8.970143682951459E-5
4.284609,565.001054,2.1517825272265867E-5
2.365873,554.200222,0.018330761506450743
-0.111821,505.619618,0.9110097128001993
-0.06982,570.398288,0.944361398631932
-0.044286,549.492621,0.9646925194230607
-0.99846,533.38091,0.318509094874438
0.915172,548.714516,0.3605033340356927
1.714253,580.581265,0.08701597623529667
1.012328,575.950265,0.31180633640840183
2.961645,555.578927,0.0031908358935117676
1.375071,570.609771,0.1696490836167177
0.760355,502.170654,0.44739925470532715
-3.324318,292.712509,9.9915667210294E-4
0.078694,466.867602,0.9373097348618247
-1.6034,440.363296,0.10956333362823345
-0.09654,578.105006,0.9231251641698444
-0.866421,483.809888,0.3866888005795043
-0.882985,551.618992,0.37762901276295546
0.711655,564.65778,0.47697233824003815
1.252763,488.360432,0.21089150039520232
2.109368,511.60704,0.035398020178737166
0.009058,578.484546,0.9927759832764362
-1.479543,371.030326,0.13984377946431914
0.622791,558.649782,0.5336760119276593
-0.337381,580.694813,0.7359516188827081
0.896099,570.842799,0.3705776114527608
1.128987,385.739487,0.25960494079756025
-0.869026,381.131802,0.3853798228601636
-0.132336,573.926827,0.8947649151523995
1.962319,580.882865,0.050202320596098415
2.817438,361.808859,0.00510656472240445
-1.802125,475.435224,0.07215901106705608
-4.142748,560.323571,3.961531783804357E-5
-6.405104,530.815945,3.313961657237406E-10
-0.982409,568.78446,0.3263160821833829
-1.325837,380.312011,0.1856894747367106
-1.389685,274.0,0.16575265200812883
-0.581056,495.070838,0.5614671377593142
-4.240339,477.474033,2.6807178892630933E-5
-0.542686,580.828879,0.5875541826355153
1.697208,241.0,0.09094830811120147
-1.358491,446.516263,0.17499384735620593
-2.41721,542.968218,0.01596844462460732
-0.820843,576.234882,0.41207514560190384
-0.671923,402.216431,0.5020184746961893
1.636678,454.221787,0.1023903930217136
0.429828,579.20518,0.6674806240862812
2.027675,489.919093,0.04313416291849026
1.95446,411.494348,0.051323681883682415
-1.361091,402.064091,0.17424728632781117
-0.136303,559.932506,0.8916307428329346
1.987659,491.209091,0.04740419304246979
3.926301,404.291645,1.0139473875536709E-4
1.384422,527.421211,0.1668147125930517
0.964112,506.787477,0.33544958790752344
-1.256844,579.703401,0.20931630302836235
-6.061881,496.405718,2.665022079100819E-9
-1.168388,501.803659,0.24320507427428706
-4.160928,484.234577,3.750815524036471E-5
-6.989978,576.279335,7.631267900842867E-12
-5.49255,427.435952,6.813009166806915E-8
-5.71523,538.791946,1.8152710116596733E-8
-1.382588,352.771767,0.16766583655670542
2.160173,548.194824,0.031191974928079125
2.568802,579.381533,0.010454315272950598
3.180233,525.410165,0.0015584000866710745
1.682183,550.320167,0.09310063165421645
1.941375,334.533603,0.05305226357782877
-0.524679,554.918388,0.6000158904175774
3.375454,546.074067,7.89331823046302E-4
0.89812,537.584445,0.36952363907872066
-0.413979,508.005384,0.6790642091869613
1.429042,241.0,0.15428702444040332
-1.718297,274.0,0.08687209098931048
0.409059,572.191672,0.6826494279372102
5.613096,580.95837,3.080876442851377E-8
5.491709,580.88665,5.9584943645774047E-8
-0.00472,577.479844,0.9962356288856528
3.410894,517.968977,6.980684006960836E-4
-1.615846,274.0,0.10727840747837236
-3.08055,468.965794,0.0021876161916234054
-2.543274,510.653022,0.011275729510298284
0.667196,580.259923,0.5049121764372464
3.217806,573.950093,0.001364577886111329
-1.350318,550.592924,0.17746877210561307
1.519383,376.577286,0.12950523099261524
-1.830137,452.823546,0.06788663134959512
-0.045048,557.807196,0.9640851710968306
-1.254045,558.331026,0.21035043106824425
-2.362003,343.845101,0.01873322015919325
-0.178035,575.600281,0.8587581266469536
-4.14472,464.794386,4.043685957970283E-5
-3.568095,455.338832,3.977319009968355E-4
-4.366942,414.242692,1.5938413991103143E-5
-2.389185,274.0,0.01756245130874704
-5.174073,393.051623,3.6596197955204976E-7
-4.071134,304.520097,5.969011523439682E-5
-1.519651,544.478868,0.12917916612368863
-3.073432,316.680411,0.0023000626660524166
-2.348197,502.89932,0.01925095353484926
-0.888377,480.941776,0.3747820765151533
-1.513796,370.069408,0.13093114595396904
1.350436,454.215586,0.177548616185647
-0.60166,555.731509,0.5476458399518587
-1.926751,274.0,0.05504474479482992
-1.414583,274.0,0.1583261578308237
1.085503,525.500643,0.27819664291794766
0.169339,576.408635,0.8655894116783385
-0.153511,558.709816,0.8780507448298457
-1.508556,567.347753,0.13196893511570085
-1.8431,542.32928,0.06585991469698181
-1.968317,274.0,0.05003960758028399
-0.173448,579.713247,0.8623598435489241
-0.258765,568.710727,0.7959101913115051
-0.033029,578.635603,0.9736628513119714
-1.426979,412.515631,0.1543424028247231
-1.732132,274.0,0.08437543140216723
-0.301384,576.053766,0.7632304538105299
-0.095597,566.233,0.9238744699123989
2.654914,241.0,0.008461511437955593
1.511758,579.855708,0.13114021225303563
0.225034,579.234612,0.8220321902414776
-0.349906,556.394098,0.7265416524841348
2.109401,241.0,0.03594164286089985
1.526307,241.0,0.12824470861667425
-0.184466,580.664882,0.8537123022651876
-0.58131,511.245126,0.5612877356804309
-3.892101,491.412169,1.130916805652153E-4
-3.022319,320.363543,0.002710750979229784
-1.613477,559.665961,0.10720457883711665
-1.87837,308.320605,0.06127406681926808
-2.270697,416.773142,0.02367488207550017
-1.099449,418.966566,0.2722036195876282
-0.660907,573.625029,0.5089372954578077
-1.752187,539.565467,0.0803096874234863
2.086716,377.045181,0.037585116157574205
-1.417308,274.0,0.1575289830732396
-0.846392,552.260929,0.39770069566561483
-2.88797,524.994112,0.004037333363359392
-0.393471,579.149449,0.694116446441468
-1.457911,497.868573,0.1454955652860419
-4.363771,412.201174,1.6179197901469303E-5
-1.79494,523.372367,0.07324013216443843
-2.918309,508.784604,0.0036751080036241854
-2.153368,440.365441,0.03183202866327002
1.646217,579.632603,0.1002611490580878
-1.255093,535.397923,0.2099925467503574
2.098642,516.717209,0.03633324383280723
-0.965245,476.934875,0.334911282600455
-0.306673,580.387228,0.7592022724747247
-0.459818,579.374068,0.6458193592595762
-1.684517,274.0,0.0932204692745936
-2.200726,542.426179,0.028176073353988595
-0.685779,573.741236,0.4931294858587808
-0.587109,578.045536,0.5573597403638373
-0.119609,550.687561,0.9048365115268737
-1.125345,424.959863,0.2610780336582216
-1.461234,423.942309,0.14469200241929647
-2.512351,301.47633,0.012515014524036007
-2.689368,301.708597,0.007557017198031625
-1.93029,580.022695,0.05405810341973631
0.234462,573.49319,0.8147100121549435
-0.462072,532.409045,0.6442184454269125
0.024971,540.255231,0.9800873154780061
-1.743324,379.531688,0.0820868172996113
-1.169411,388.169496,0.2429556523524533
-1.420276,429.924933,0.15625211396482852
-0.269794,559.281816,0.7874182537285561
2.741281,553.067773,0.00631800193839771
-0.312446,580.414417,0.7548138159211825
0.301189,562.18302,0.7633817427818943
0.907996,580.832948,0.36425690312436165
3.092151,367.384519,0.002138971983343785
-0.519176,523.270194,0.6038575239801427
-0.521856,524.161019,0.6019910403088076
-0.747176,580.903286,0.4552596486091469
2.791662,499.171186,0.0054448302194485265
2.673097,454.757193,0.007785723998483096
-0.627594,559.878842,0.5305258125895593
0.217845,572.951394,0.8276274423615049
1.236533,485.698477,0.21685810500316283
-2.182694,274.0,0.029907346655710685
-1.5696,274.0,0.11766226214676978
-2.506783,274.0,0.01276291382863018
-1.693201,340.317585,0.09133230728388786
-0.931312,537.011884,0.3521106835104164
-1.556404,379.997684,0.12044448149019427
-3.140874,319.798037,0.001841828953693681
-2.23959,284.558323,0.02588993210470992
5.146084,569.177145,3.667302088672386E-7
0.286412,570.502588,0.774666562297915
1.805436,419.72253,0.07172288444338837
-1.381287,493.055224,0.16781638444381797
1.98988,535.762063,0.04711199441468339
0.442077,560.407624,0.6586040354462184
0.412471,557.974717,0.6801526625296062
1.933101,394.206065,0.053939580932657716
-0.297826,577.330318,0.765943112656703
-2.52844,340.510868,0.01190839525686191
3.131189,558.398518,0.0018321013414994702
1.686889,555.334416,0.09218629001996015
1.888964,241.0,0.06009734739260897
1.065612,512.072716,0.2871012480186472
-1.313474,328.264471,0.18994056815482407
-1.580504,449.532445,0.11469481949814375
0.380775,536.00186,0.7035210753668828
1.007073,357.565713,0.3145807022573299
-1.97387,274.0,0.049400934603513226
0.185061,549.463697,0.8532494783433693
0.270851,552.436039,0.7866068002968833
-1.725417,367.451062,0.08529309528589724
-0.955699,321.853143,0.33994159255013856
-2.166506,381.612468,0.030890914854536905
-0.226027,580.957535,0.8212599165260502
0.062888,534.343499,0.9498792074720956
0.329126,577.404071,0.7421797978893958
-1.410519,274.0,0.15952074608977307
-1.869032,274.0,0.06268513161708965
-0.781997,444.447014,0.43463273489250465
-1.488009,525.58184,0.13734823301198795
-1.136304,565.515637,0.25631064847853857
0.336024,553.496888,0.7369801098440076
-0.083239,572.028555,0.9336906225714778
5.324866,578.845742,1.4478577026189043E-7
-2.283212,391.920198,0.022952508214640743
-1.075548,490.803362,0.2826578813695845
2.342513,504.217693,0.019542378034897334
1.098866,577.595564,0.27228434223930975
4.069006,541.958199,5.423716306851567E-5
0.55581,579.461733,0.578555280459387
-2.644995,528.973778,0.008412058068293224
1.302583,517.199282,0.19329686665237045
2.243135,241.0,0.02579742804960916
-2.057922,344.1645,0.04035030427592073
0.737623,579.627618,0.46104207349624216
-2.752212,274.0,0.0063145665520016395
3.078242,516.340332,0.0021929332564494253
6.49591,579.150876,1.7789747452923166E-10
5.54036,577.519271,4.5918620461549153E-8
2.172409,575.516922,0.03023224536035496
2.333999,573.771719,0.01994005839930657
6.217461,580.266496,9.663769784395981E-10
0.217533,573.130921,0.8278704131091112
2.93303,511.812867,0.003507150855989849
0.711837,580.825005,0.47685152353573823
3.945036,570.212692,8.973428336700451E-5
1.244421,579.620142,0.21384761552415843
1.671157,523.890562,0.09528786323806226
-2.121424,391.404208,0.0345140597628807
0.658361,579.594937,0.5105676118556344
-2.932171,274.0,0.0036502325007144176
-1.827979,468.626135,0.06818831152104966
-2.220372,274.0,0.02721169997362726
-0.076945,562.784805,0.938694645144384
-0.094657,577.190584,0.9246201244672525
1.790335,579.791514,0.07392171748641307
-1.336362,400.895804,0.18218896230595938
-1.196582,479.484281,0.2320608369017929
0.217867,475.188764,0.8276262629644409
1.061801,412.766629,0.28894688017179093
2.035939,466.4977,0.04232092401592724
-2.069265,407.386726,0.03915127227872011
-0.047196,577.212106,0.9623733399390331
-2.100746,488.024074,0.0361756786043325
-1.372141,274.0,0.171141838127299
-0.604107,482.392634,0.5460564986295453
-1.757364,368.021631,0.07968721989426686
-0.84661,439.711546,0.39767305401803854
-1.494273,510.331412,0.13572231514078004
-1.378685,500.776586,0.1686074315526609
1.365727,393.588147,0.17280459844574492
-0.349381,580.601534,0.7269299761329415
-1.626762,540.276773,0.1043707092259123
-1.474057,570.424207,0.1410178856819072
1.563418,443.82628,0.11866702274177543
-0.553441,517.565997,0.5802004602957783
-0.328259,571.956102,0.7428359779878247
1.016941,526.615911,0.3096484721902124
2.925551,563.487457,0.003576981812689617
2.074882,539.241853,0.03847113910869804
1.607679,558.225952,0.10847091778654505
-1.770367,528.757107,0.07724217329460771
-1.382474,533.035866,0.16740515423558833
-4.026229,546.262944,6.469273327749043E-5
-1.98582,305.565282,0.04794672759678034
1.285876,565.601427,0.19901251904587935
1.875335,568.196655,0.06125925382081632
2.27364,468.538757,0.023439295109759728
2.259716,539.958894,0.02423658444494836
3.613417,571.986091,3.2880536666013427E-4
1.213861,580.311114,0.22529458830148652
1.810931,434.91873,0.07084136317141176
1.19239,422.260424,0.23377799694925994
1.466602,496.279592,0.14311771194938316
1.543546,547.358043,0.12327628076382169
0.240598,580.466868,0.8099516509750397
2.241864,447.698878,0.02545918527372204
2.77791,537.140298,0.005662279794316216
1.85455,571.52326,0.0641753778312224
1.541438,564.449172,0.12377062962028185
3.576006,513.442132,3.81866330275038E-4
-0.443007,573.546452,0.657927710550705
3.014168,459.62622,0.002719341545618148
-0.353992,557.489373,0.7234787200887792
-0.584878,572.198601,0.5588603037710053
1.084179,580.709797,0.27873535472040967
-0.303685,569.750609,0.761478753747235
1.36858,580.175033,0.17166028999260385
1.898585,353.50861,0.05843317172521911
0.201009,578.072198,0.8407622409020359
0.037536,579.98104,0.9700705524489055
-2.183405,393.587389,0.029595988914909006
3.195834,460.246468,0.001490167936122111
-0.738587,526.573674,0.46048688083026923
1.91746,566.204851,0.05568234342263456
-1.640007,274.0,0.10215121666072058
1.735365,497.520358,0.08329537581936042
-3.853067,492.650928,1.3206918286939382E-4
-0.280069,480.867675,0.7795450053396246
-4.587348,481.304328,5.732820336959334E-6
-3.82785,522.339329,1.4493492941764456E-4
-3.220888,398.500027,0.0013828186048837393
-4.719542,443.769811,3.1734350447851958E-6
-0.06867,580.132924,0.945275959978081
1.327702,241.0,0.1855327763847634
-0.302721,532.760835,0.7622206499467243
-1.289152,526.787378,0.19791102522781812
-1.125016,509.475329,0.26111197745167836
-2.889837,284.607813,0.004150963680938843
-0.59271,448.733482,0.553673812429892
-2.375857,274.0,0.0181961007965499
-0.973185,425.452373,0.3310143349590998
-2.896665,383.647365,0.003987632371149325
-0.388583,576.814977,0.6977280302640751
-2.344802,450.687385,0.019470272053055397
-2.252089,576.776474,0.024691943447879793
-1.291796,565.47794,0.19695551639406284
-2.287187,374.982206,0.022741328297452068
-1.559398,513.486503,0.11951829375053435
0.054899,573.631798,0.9562380433181874
-5.63539,473.977011,3.001232894801426E-8
1.015181,444.329625,0.3105720196176187
-4.176045,534.662,3.463240887633957E-5
-2.332457,577.269329,0.020019474349547324
-1.992144,274.0,0.04734751252901959
-4.403851,466.622816,1.3199716785307836E-5
-5.158983,491.438905,3.6084400962687747E-7
-4.595238,445.310795,5.636659680599714E-6
-1.646279,492.574545,0.10034416922201639
-2.137079,580.871729,0.033008579299111745
-3.74785,451.608964,2.014943189678941E-4
0.153387,553.332554,0.87814901682682
0.253334,568.032418,0.8001017842628713
-1.871783,401.344423,0.061963753461171084
-2.704515,347.00233,0.007177615905971703
-1.348124,550.920919,0.17817251991705696
-3.115751,274.0,0.0020296321455983393
-1.002017,575.174531,0.3167567374797734
-2.051019,428.860634,0.040872156573697915
1.410963,241.0,0.15954507865781498
-4.973956,502.52254,9.020615700666847E-7
-2.022272,579.418723,0.043607205814783404
-4.320764,355.081097,2.0211259100467393E-5
-0.918935,514.495187,0.3585601792888483
-1.709904,274.0,0.08841569089835244
-0.647516,565.074776,0.5175610143890477
-1.095786,390.984248,0.2738469416797179
-1.413704,274.0,0.1585839556122326
-3.943627,479.785115,9.222526310754137E-5
-4.500446,551.098114,8.277324925972071E-6
-2.145542,274.0,0.032788329868601085
-6.323905,434.460187,6.342280264643058E-10
-1.185998,574.175807,0.23611363627595894
-1.961347,274.0,0.05085109306982226
-2.776205,532.47026,0.00569332750402689
-0.753535,364.640485,0.45161475428464193
-1.327358,405.31194,0.18513745547952276
-2.295024,305.389745,0.022409620570669253
-1.810511,516.808361,0.07079718231338966
-1.403098,467.376529,0.1612515865089491
0.287784,554.25692,0.7736196585991122
-1.978933,454.458035,0.0484267503123395
-3.815322,384.303456,1.5843269691685814E-4
-1.498806,527.868001,0.13452174092266855
-2.554397,548.017883,0.010906456448234157
-2.21812,274.0,0.027366681661984357
-3.891859,329.870887,1.2037695619180428E-4
-1.359955,548.228292,0.17440314926626044
-1.952893,274.0,0.051850199945437894
-0.713501,528.299683,0.47585086180707314
-1.630952,368.767386,0.10375415926206477
1.704951,241.0,0.08949218297544093
-0.508765,568.123531,0.6111144697897861
1.944625,551.467661,0.05232815102385313
-0.913098,318.739287,0.36188114071813715
-0.330602,574.986248,0.7410655666257572
-1.937898,274.0,0.05366295412065007
0.008259,506.858001,0.993413595918224
3.780931,413.01292,1.7928223423546719E-4
-0.7091,433.240571,0.4786438289708731
-0.63773,578.460555,0.5239017999339245
1.017459,580.312918,0.30935912295623824
-1.377392,274.0,0.16951517370559643
-0.747986,566.722411,0.4547788726965887
-1.170397,441.913964,0.24247201659497952
-1.419054,580.763776,0.15641972874220345
2.617741,544.454155,0.00909763786228468
-0.548645,577.419158,0.5834611657625944
-0.099522,556.209723,0.920759679601971
-1.226633,577.232363,0.2204606628989053
-0.077335,579.1133,0.9383837592397951
-1.116535,579.553089,0.2646558861526964
-2.506913,438.467182,0.012539847306217327
0.096252,577.219436,0.9233538402142725
-0.429448,580.067788,0.6677566927396421
-1.790699,543.375935,0.07389814235715557
-0.669752,578.027025,0.5032833462403479
0.665101,575.569974,0.5062523035177493
0.629029,576.372908,0.5295792886959405
-1.320335,574.564973,0.18724890957989515
-0.138056,579.120422,0.8902441475602372
-0.289583,541.17415,0.7722461843198581
-1.533417,530.21631,0.1257695854395442
-0.762135,563.052218,0.4462985655575995
-1.186666,579.478856,0.23584565957278125
-0.590401,580.702192,0.5551515239579178
1.537513,430.19884,0.12490288211509015
-1.902817,353.610331,0.05787642805099748
0.875884,426.966226,0.3815855826168051
-2.690277,550.37512,0.007356092067848755
-2.535638,540.069831,0.011505106432834915
-1.796205,539.942968,0.07302081256268465
0.618491,460.572857,0.5365574742605832
