connecting
connected
t-stat,Degrees Of Freedom,p-value
-1.748789,144.680345,0.08244832047391196
-1.421654,110.0,0.1579557881032979
1.78635,147.117133,0.07610217269809194
1.82221,154.747533,0.07035373484301921
-0.886653,204.057181,0.3763095134485711
-1.42635,110.0,0.15659935869140207
-1.424163,110.0,0.15722995080168234
1.789331,130.756455,0.07587638629994964
-1.721738,110.0,0.087927935179983
-2.656507,110.0,0.009069758495573713
-1.415492,110.0,0.15974933057994523
-2.479261,110.0,0.014682793162920782
-2.16793,125.832924,0.0320460424756729
-1.976768,133.999985,0.050120903923232714
-0.692414,172.410337,0.4896089032339769
-1.015961,189.869728,0.3109408139251435
-1.605743,110.0,0.11119747584266038
-1.575105,157.19394,0.11724266888374213
-2.484121,110.0,0.014494647192082207
-5.763645,190.778234,3.261207541142031E-8
-1.971303,110.0,0.05120059702802888
-2.165854,137.741018,0.03204388745430225
-2.021171,121.864472,0.04545312138786768
-0.308216,181.116096,0.7582721700145156
0.107779,207.6097,0.9142750879927914
-1.747961,110.0,0.08326101004136079
-1.907499,203.852448,0.057861667062047824
0.664723,118.912114,0.5075147389078034
-1.0,110.0,0.3195052347699078
-1.387806,110.0,0.16800088622435194
-1.175748,199.280728,0.24109832004217369
-0.311098,204.164803,0.7560435256585236
1.695461,102.0,0.09303857660449655
-1.0,110.0,0.3195052347699078
-1.336066,110.0,0.18428517357190222
-1.999495,110.0,0.04802005562241822
-2.381981,118.198112,0.01881575308407467
1.506818,168.256746,0.1337324929080137
-1.7283,117.331289,0.08656517223748696
1.493344,134.490332,0.1376894959669137
1.254848,147.967178,0.2115123138876105
0.570287,130.109493,0.5694665625639679
0.217479,208.052331,0.8280482048868933
0.236664,204.724512,0.8131540955621155
0.200461,206.032466,0.8413177924650492
1.427867,102.0,0.15638477824328434
1.869046,181.696924,0.06322567614805918
1.358705,121.025882,0.1767670321714685
-0.053399,197.377681,0.9574680096002507
3.916837,164.345756,1.3130352854662242E-4
0.384881,150.740003,0.7008680770007927
0.519703,207.012414,0.6038258504978093
1.0,102.0,0.3196769460239248
-2.619539,110.0,0.01004768426051416
-1.943809,205.857742,0.053281505170324185
-1.427124,110.0,0.15637665254036526
0.226391,207.071071,0.8211206452311153
-1.0,110.0,0.3195052347699078
-0.990371,128.827338,0.3238493080434318
-0.150934,172.739519,0.8802038918682361
-1.0,110.0,0.3195052347699078
0.341931,198.399209,0.7327647369721344
-0.40128,165.90251,0.688730372825552
-1.0,110.0,0.3195052347699078
1.703619,102.0,0.09149723652202879
4.80627,169.300419,3.373928313177288E-6
0.134257,207.949647,0.8933292029437976
2.004329,102.0,0.04768552182098995
0.800267,195.104283,0.4245294673071218
1.988089,189.94803,0.048238105285427046
0.089052,202.651062,0.9291285294402967
2.19441,186.20311,0.02944338818075365
-1.0,110.0,0.3195052347699078
-1.209857,110.0,0.22892737659411033
-0.112729,199.846331,0.9103585627374123
4.103459,128.736013,7.175700339412394E-5
1.0,102.0,0.3196769460239248
0.01404,185.007724,0.9888131975942902
1.73463,102.0,0.08582715364697324
0.609099,125.212327,0.5435623808988539
0.273173,198.015286,0.7850049284980984
-0.31971,179.278238,0.7495604409109011
1.785181,178.61862,0.07592889848349627
0.797026,177.521094,0.4265006367235924
-0.061666,205.923186,0.9508886269597235
0.261343,182.224413,0.7941231511321973
0.334448,206.775892,0.7383805082321935
2.531475,177.472239,0.01222654006698165
1.208425,196.692171,0.22833462402020643
2.077026,190.57784,0.03914007560390731
2.713953,155.57483,0.007398843873620109
-0.941481,147.435792,0.34799847546450524
0.528523,189.452656,0.5977549809546574
-1.114739,205.058517,0.2662670627331002
0.447598,203.855798,0.6549186057543859
-1.207879,191.878699,0.22858045877050548
-1.616814,198.620486,0.10750555324541833
-0.199256,207.799439,0.8422573298188835
-1.415192,110.0,0.15983704700449164
-1.504551,110.0,0.1353054952281103
1.003314,203.712566,0.3168996508893476
-2.591031,112.031061,0.01084165208371513
1.364585,178.209062,0.17410409953902617
1.521843,141.064601,0.13028690418653976
1.188038,185.424625,0.23633793153414495
4.374424,188.433217,2.0127348256071542E-5
-0.082737,192.812359,0.934146493463156
-0.453678,190.566921,0.6505768176688758
-1.605101,143.677528,0.11066736712853964
-0.130285,201.986828,0.8964706059259275
0.041163,196.15383,0.9672078180404351
1.654282,102.0,0.10114445763948354
-0.819835,193.901551,0.41331678797084836
1.198671,118.664954,0.23304422209896947
1.125177,188.861101,0.26194193494047213
-1.38176,110.0,0.16984526496860675
-1.955845,110.0,0.05301920233576866
-1.718409,159.621001,0.08766096312006788
-1.986057,110.0,0.04951447023350377
-1.713246,199.638128,0.0882196657990173
-1.056543,167.481732,0.292241819776516
-1.554723,112.474179,0.1228214671351966
0.207606,171.043617,0.8357835925643504
-1.0,110.0,0.3195052347699078
-0.235907,191.961491,0.8137563412032986
-2.432955,116.253445,0.01649967104288202
1.265079,149.417256,0.20781242560147706
0.155563,206.367766,0.8765295480674267
-0.011247,207.952804,0.9910371639631663
-1.608252,154.946413,0.10981570433744392
-1.415492,110.0,0.15974933057994523
-1.0,110.0,0.3195052347699078
1.0,102.0,0.3196769460239248
-0.515892,203.610665,0.6064895901875971
-4.725778,208.042714,4.2178368120868766E-6
-1.513727,180.096483,0.13184804642008885
-1.0,110.0,0.3195052347699078
-2.560233,167.897748,0.011341432905505463
0.828349,146.145645,0.4088235949016925
-1.988777,154.617035,0.04849036914822874
0.173455,192.866881,0.8624757080494103
-1.0,110.0,0.3195052347699078
2.83724,161.296351,0.00513496513316003
1.0,102.0,0.3196769460239248
1.0,102.0,0.3196769460239248
2.315663,102.0,0.02257843613996635
-0.230763,183.563903,0.8177559182746292
0.867921,201.713525,0.38646896312892465
1.0,102.0,0.3196769460239248
2.167927,175.137796,0.031513695264817176
1.414938,102.0,0.1601323674836439
2.169316,144.230615,0.03169705641543796
1.26209,202.509157,0.20836800082247375
2.002557,174.114972,0.04677670794051347
1.0,102.0,0.3196769460239248
2.710245,201.852641,0.0073019953517294844
0.195217,197.12863,0.8454241334925341
1.002903,149.658539,0.31752645363444243
1.92199,112.866734,0.05712808088647514
2.220608,179.288414,0.027630271744190527
0.309165,171.300777,0.757571730355318
0.553193,191.787776,0.5807755247399908
0.509711,202.886871,0.6108079355437421
2.621777,158.070656,0.009601981414645522
2.584994,175.287985,0.01055137082470936
-0.677347,168.885194,0.4991126268942133
-1.0,110.0,0.3195052347699078
-1.0,110.0,0.3195052347699078
2.084621,120.593325,0.039214157713630016
-1.0,110.0,0.3195052347699078
1.500889,186.196431,0.13507810853472058
1.74097,129.82247,0.08405794123206523
2.091435,107.02645,0.03885568655571059
1.591131,173.060772,0.11340510391293401
2.325243,149.878931,0.021400497714606947
0.53881,188.222816,0.5906546504608738
0.024524,201.362508,0.9804589260054684
1.748449,120.885239,0.0829248952387922
2.016132,102.0,0.04641530705556729
1.82393,131.895217,0.07042641467239208
1.114632,117.621425,0.2672804943082696
0.253935,180.57885,0.7998346794554099
1.0,102.0,0.3196769460239248
1.709925,102.0,0.09032013077946144
1.0,102.0,0.3196769460239248
2.372293,143.077034,0.01900866545199098
-0.462111,205.495591,0.644490590256203
1.0,102.0,0.3196769460239248
1.221265,196.235137,0.22345092388685894
-1.49062,151.669335,0.13813807154368274
-1.134033,182.376172,0.2582691277701945
0.986472,167.514388,0.325324246234977
-1.102842,169.139923,0.27166247065738336
1.491124,102.0,0.1390151415870371
2.741405,194.79777,0.006687234504376027
1.298761,102.0,0.19695442050934275
3.514491,184.489778,5.542828790148224E-4
0.402034,206.118073,0.6880755809953358
3.45193,196.636474,6.81329489077731E-4
2.03675,202.092713,0.042979250064469454
1.246868,154.451984,0.2143334362024265
-0.625287,186.336961,0.5325477288525571
-1.709691,110.0,0.09014253091414204
0.721514,150.805566,0.47171048612307187
-1.0,110.0,0.3195052347699078
-1.477627,181.12817,0.14124434778185335
0.738607,190.768132,0.4610533980440459
2.28121,198.479756,0.023597547544759623
1.236606,191.90408,0.21774465786499597
2.102098,195.108804,0.03682778717757906
2.5381,167.731452,0.012056317209660383
0.65947,171.284761,0.5104796881838551
-2.401898,110.0,0.017985843303974285
-1.42678,110.0,0.15647560297078456
-1.425868,110.0,0.1567381696419402
-0.439714,206.330973,0.6606044730289207
-1.0,110.0,0.3195052347699078
-1.0,110.0,0.3195052347699078
-1.425868,110.0,0.1567381696419402
0.661778,192.60863,0.5089044575301065
1.136481,137.919203,0.2577261368918584
1.969981,166.722913,0.05049693139172651
0.396175,208.055593,0.6923819306120931
-1.367337,149.133698,0.17357697414230566
-0.574123,193.550513,0.5665511737676834
-0.88201,190.552801,0.3788826398062187
-0.49605,207.958043,0.620382994310756
1.348449,114.352607,0.18017870558138105
-0.249717,190.013682,0.8030759672630329
-0.128278,207.517413,0.8980532047254809
0.234513,183.720975,0.8148478903024041
2.907897,205.210295,0.004039007018211471
-1.0,110.0,0.3195052347699078
2.032903,130.072261,0.0440973019569213
2.748205,118.760595,0.006927813381362169
-1.727376,110.0,0.08690688868107936
-4.550719,201.883283,9.222843825193294E-6
-5.515663,184.458897,1.1615058383232143E-7
-1.526595,204.733883,0.1284051216365838
-1.423751,110.0,0.15734896355147276
-1.0,110.0,0.3195052347699078
-1.0,110.0,0.3195052347699078
-3.785843,161.098062,2.1580077226094764E-4
-0.909913,200.05527,0.3639633567447267
1.374573,102.0,0.17227626957967956
-1.202383,174.165767,0.2308473248320435
-1.879642,200.224683,0.06160935372682517
-1.169231,204.559418,0.2436712194790981
1.0,102.0,0.3196769460239248
2.112146,102.0,0.037115981573840884
-0.835889,151.24011,0.404536003195472
1.140926,154.639543,0.25566453626865204
1.071303,200.038889,0.2853240314657661
1.823359,172.9659,0.06997532164059117
1.822819,102.0,0.0712601433695852
-1.737567,110.0,0.08508591753917812
0.604519,200.643178,0.5461816273256439
1.304146,172.596745,0.19392033400760678
1.0,102.0,0.3196769460239248
3.201431,136.606131,0.0017010897019638094
2.358854,109.751975,0.020100211838692594
0.416048,201.905853,0.6778167645248423
-3.358732,147.196095,9.970431576538591E-4
-6.106516,182.627525,5.979940342143626E-9
-0.826432,192.429477,0.40958260373181254
-3.455873,178.498376,6.854382517491014E-4
-6.236499,208.0388,2.4583651417939028E-9
-4.341218,137.50345,2.7283150920291336E-5
-4.539287,191.425245,9.959347654694816E-6
-1.276599,161.603016,0.2035752902639565
-1.348508,110.0,0.18026499326707024
2.798643,185.944634,0.0056728174942928256
2.658305,200.244568,0.008488094410978864
3.075881,142.948352,0.0025154777721392296
2.538423,158.005873,0.0121025531607164
1.418546,102.0,0.1590796909233929
1.757597,110.414151,0.08158757928074101
-0.164642,201.615472,0.86939072026035
3.751991,156.050421,2.4691510532393046E-4
1.298943,125.219704,0.1963502572652025
1.950627,102.0,0.053845490700136445
1.240246,102.0,0.2177298803625889
-1.0,110.0,0.3195052347699078
0.923783,190.437272,0.3567683066198932
3.053263,206.388879,0.002561658137067324
4.004652,204.660419,8.687473787616362E-5
0.47887,202.428632,0.6325479671200196
1.444136,195.352854,0.15030260081756053
-1.0,110.0,0.3195052347699078
-1.354672,191.972545,0.1771142215652869
-1.322906,188.543208,0.18746885288004134
1.273341,195.015921,0.2044127625003065
1.977928,197.108625,0.04933015372438887
-1.047408,195.180539,0.2962067528089086
1.320514,102.0,0.18961880555535204
-1.157234,177.963198,0.2487276577201497
0.277727,176.629454,0.7815467408629062
-0.540589,206.506379,0.589373484841256
-1.005357,152.090704,0.3163217992481404
1.0,102.0,0.3196769460239248
-3.668677,183.354,3.1941638502809707E-4
-1.681079,187.473128,0.09441279557301008
-3.52474,135.330698,5.788875256160062E-4
-1.739275,110.0,0.08478380673611595
-1.0,110.0,0.3195052347699078
-3.262911,145.465693,0.0013743105102750125
-2.377834,131.309461,0.018856396489303248
-2.091973,185.853343,0.037799509627352776
-1.927222,125.131222,0.056218600542812296
-2.0678,174.261958,0.04013651540332469
-1.40233,110.0,0.1636325654112466
-1.0,110.0,0.3195052347699078
-0.023778,186.682362,0.9810550855117823
-0.716237,172.39,0.47481414420106094
-1.0,110.0,0.3195052347699078
-1.0,110.0,0.3195052347699078
-0.375371,191.763563,0.7077994353534183
-1.0,110.0,0.3195052347699078
-0.135869,206.389744,0.8920572705844458
-0.031022,208.049521,0.9752817338447185
0.815458,198.668584,0.41578674607605204
-1.135036,207.348391,0.2576705987330832
-1.207571,200.301128,0.22863627797313357
-1.0,110.0,0.3195052347699078
0.158812,206.151708,0.8739724645460627
-0.354303,200.213137,0.7234846916497122
-0.944027,159.397979,0.34658455470609606
-1.601115,136.196263,0.11166843078889277
-1.420305,110.0,0.15834710703577037
-1.0,110.0,0.3195052347699078
-1.425822,110.0,0.15675142210196125
-0.405138,206.435933,0.6857956002687622
1.739226,102.0,0.08501186248864623
1.667737,190.829633,0.09700807534428924
-0.681763,207.992807,0.49614726896256334
0.600746,181.868681,0.548757105922081
1.608523,102.0,0.11081165600212928
1.275816,102.0,0.2049183083708972
-0.733165,207.258768,0.4642862315697409
0.878767,178.311231,0.3807102652014094
-2.010285,195.321797,0.04577656142394642
-2.471662,110.0,0.014981349774596461
-1.722698,110.0,0.08775338885410512
-1.0,110.0,0.3195052347699078
-2.336987,147.690321,0.020783230864100905
0.085101,199.439665,0.9322664621402894
0.112985,180.269032,0.9101681691580248
-1.112908,195.087735,0.2671173672133552
1.101589,135.361063,0.27259531443753193
-1.0,110.0,0.3195052347699078
-0.452345,157.596892,0.6516424871390993
2.151511,104.331902,0.03374308904143697
-2.863683,158.181276,0.004755759284009556
-0.14172,198.693546,0.887444766443133
-0.722659,207.329479,0.47070378573469407
-3.613078,167.022353,4.0005100847535893E-4
0.889989,198.12134,0.3745512097128403
-2.5636,131.685657,0.011482300021277918
-2.282862,110.0,0.024360650902490653
2.542244,204.622185,0.011754365532896438
-1.23166,192.857055,0.2195758073615075
0.20049,206.82578,0.8412943857286317
-0.486276,183.391403,0.6273520626697451
-2.721223,175.957452,0.007157697306800953
-1.918713,183.37199,0.05657379045275936
-1.0,110.0,0.3195052347699078
-3.582337,110.0,5.086805582140099E-4
-2.073566,140.413465,0.03994681242419667
-3.514223,110.0,6.414129711572379E-4
-1.691991,110.0,0.09347864956650509
-1.0,110.0,0.3195052347699078
-0.893945,169.018622,0.3726224716234928
-0.450923,157.824449,0.6526639599581782
-2.093737,110.0,0.03858135515172371
-1.662099,110.0,0.09934015710984356
-4.443652,198.461553,1.468988582889011E-5
1.286578,128.258836,0.200558822750583
-1.3741,110.0,0.17220405315986975
0.101328,187.865574,0.9193981525719601
-1.046594,155.356344,0.29691246943479377
-1.0,110.0,0.3195052347699078
-1.514612,151.196831,0.13195840080523813
-0.540989,194.996478,0.5891326365575047
3.096068,187.110894,0.002262537240410367
-1.603521,188.794325,0.11049130738781143
1.076253,152.358762,0.28351538575093116
-0.559573,208.053632,0.5763726333434132
2.796392,123.650824,0.005994171168675955
-1.426744,110.0,0.1564859610300946
-1.734297,110.0,0.08566677652197952
-2.486377,135.512382,0.014120431960489321
2.257932,117.908199,0.025789651626662913
2.355583,110.723621,0.020253404824133847
-0.624547,206.553181,0.5329576645944706
-0.142626,204.21121,0.8867261854144299
1.393007,141.112808,0.16580828902051392
-1.727577,110.0,0.0868706672777179
-1.0,110.0,0.3195052347699078
-1.329061,110.0,0.18657799275561548
-0.397599,206.449235,0.6913365917315608
-0.719721,196.125828,0.472553573144497
-2.140073,116.411534,0.03443599428258027
-1.0,110.0,0.3195052347699078
-2.236831,140.0245,0.026878115065879324
-1.988489,110.0,0.0492411174764751
5.127913,205.997782,6.7395256975189E-7
0.744225,196.345562,0.45763011198568493
1.335767,155.570532,0.1835763043452059
1.0,102.0,0.3196769460239248
-0.971557,175.03273,0.3326116743695312
2.04299,149.643198,0.04280818992890345
1.625872,102.0,0.10706271455966654
-2.146002,136.334294,0.033643784356686114
1.0,102.0,0.3196769460239248
-0.143735,207.153067,0.8858494585760949
-2.416347,135.477983,0.017009105341851617
3.11776,187.750232,0.0021091197009808216
1.547608,183.025359,0.12344407418302361
1.404557,102.0,0.16319095652368376
0.623099,195.183912,0.533946850324075
-1.721971,110.0,0.08788554527037368
-2.296319,135.718263,0.023189434648483255
-0.405267,204.932655,0.6857040110132104
1.0,102.0,0.3196769460239248
-1.0,110.0,0.3195052347699078
1.406167,102.0,0.162713689483027
0.901269,162.303794,0.3687807564506076
-1.288079,147.538932,0.1997349717420157
-1.0,110.0,0.3195052347699078
-1.495644,166.566395,0.13663871424823615
0.193773,189.97218,0.8465606636111009
0.805037,147.618626,0.42209306218973297
0.476151,189.621128,0.6345149603571241
-1.0,110.0,0.3195052347699078
-1.0,110.0,0.3195052347699078
0.633324,176.004406,0.5273441679445872
-1.47514,163.764384,0.14209488273021342
-0.013606,189.350072,0.9891586426691342
0.806448,148.755981,0.42127198867849547
-0.766207,207.581705,0.4444235591565193
3.539295,196.704823,5.006503214270985E-4
-1.0,110.0,0.3195052347699078
1.421518,102.0,0.15821657279937407
1.419597,179.437445,0.15745996259732875
1.088737,199.749347,0.2775816933863262
2.549502,171.574343,0.011663250666265945
1.361344,102.0,0.1764047510330029
-3.463166,113.846123,7.53119025522639E-4
0.577786,185.383922,0.5641097305510856
1.0,102.0,0.3196769460239248
-1.397184,110.0,0.1651702717301683
0.476675,207.310204,0.6340956154803767
-1.0,110.0,0.3195052347699078
2.108721,125.913628,0.03694992907054839
4.311086,206.276534,2.5158149194792756E-5
3.406036,197.232298,7.986759408646904E-4
1.686197,200.041126,0.09331685097776354
1.216539,195.054037,0.22524969579477627
4.667678,191.374274,5.717770784841036E-6
-0.499578,181.221862,0.6179782463301613
0.587816,201.548205,0.5573138254001901
-0.016032,207.924101,0.9872242355693952
3.286122,177.131474,0.0012246169600531598
0.036925,207.916716,0.970580233992087
1.301719,152.04634,0.19498122673456808
-1.419652,122.113664,0.15825682482013692
0.433624,204.040972,0.6650196040050536
-1.0,110.0,0.3195052347699078
-0.808901,161.079242,0.4197652507786289
-1.747757,110.0,0.0832965152769865
1.0,102.0,0.3196769460239248
-0.55243,207.083726,0.5812495399901609
0.631318,207.396401,0.5285277912535145
-1.177731,134.952737,0.2409766075401294
0.413472,207.926722,0.6796869530504952
0.066355,204.520206,0.9471600148727548
-1.40682,110.0,0.16229983830290284
-1.42114,110.0,0.15810480196149934
2.116182,158.266965,0.03589379337631926
-1.322974,140.68483,0.18799033043950386
0.042314,207.997639,0.966288976003004
-1.090545,172.099206,0.27699766269962256
-1.0,110.0,0.3195052347699078
-1.0,110.0,0.3195052347699078
-1.260701,110.0,0.21008412950451083
-1.827943,110.0,0.07026833700559994
-2.597299,119.816929,0.010573114842754725
-1.887321,144.469773,0.06112309477183198
1.0,102.0,0.3196769460239248
-1.0,110.0,0.3195052347699078
-1.602448,174.126192,0.11086906476405889
-1.550314,203.079406,0.12262315406163238
-1.0,110.0,0.3195052347699078
-1.422957,110.0,0.15757851825394753
1.426862,102.0,0.15667364554690222
2.203195,108.47988,0.02969529695288875
2.851577,156.230347,0.004938772553660931
3.15148,142.105511,0.001981498528428993
1.383625,155.433443,0.16845715117123095
1.783806,110.198168,0.07720765395057438
1.760107,103.825248,0.08133470136837606
-4.017277,203.487331,8.282811851688684E-5
-1.548427,124.182415,0.12406427979630796
2.175273,177.965909,0.03092849620037974
1.380588,188.323936,0.16904204094162112
1.415349,159.964365,0.15891008708160514
2.009899,159.654955,0.046126076155580176
2.742305,206.716466,0.006636212854946866
1.775638,205.612929,0.07727173025400891
1.997893,117.152096,0.04804494070961374
1.0,102.0,0.3196769460239248
0.879635,169.613003,0.380301630723864
1.750525,168.602464,0.08184667529515144
0.464836,205.04408,0.6425421396403215
1.042115,160.979021,0.29892088488145774
2.433306,183.132901,0.015922349679022396
1.447399,202.035658,0.14933508498803505
2.534535,178.183251,0.012120549364246003
3.521433,151.193338,5.676819274478273E-4
0.537126,207.873196,0.591755042284946
3.358556,104.471766,0.0010942951128005696
1.0,102.0,0.3196769460239248
0.368868,204.907762,0.7126069648450157
2.196865,198.359133,0.029188553316447763
-0.090534,207.364788,0.9279502658701113
1.708522,204.263313,0.08905854473807473
1.60224,121.265006,0.11170428190614223
2.244381,102.0,0.02696785621138509
-0.505191,206.557807,0.6139632894732312
-1.215678,120.623115,0.22648149923773353
3.070112,111.546872,0.0026876077694459877
0.190544,190.443369,0.849085831912878
1.140352,186.67421,0.2556006397506527
-1.0,110.0,0.3195052347699078
1.755754,138.815343,0.08133606758945522
-3.992999,183.181479,9.434726323687853E-5
-1.0,110.0,0.3195052347699078
-4.414681,168.922864,1.7993185146490958E-5
-3.877315,179.00594,1.4815206307080365E-4
-3.013141,110.0,0.003209344159362501
-3.955029,169.977026,1.1215576114173292E-4
-0.115314,198.946205,0.9083125470801103
1.0,102.0,0.3196769460239248
1.359793,102.0,0.1768936448744305
-0.89526,196.852868,0.371741491765358
0.374985,207.725996,0.7080541946891188
-1.248679,132.947675,0.21397683646838306
-0.330853,177.477774,0.7411458074567607
-1.0,110.0,0.3195052347699078
-1.047876,178.706805,0.2961108827252614
-1.0,110.0,0.3195052347699078
-1.362971,154.200157,0.17487864211608817
-2.835523,110.0,0.005446306643605037
-1.723215,110.0,0.08765950581479713
-0.342698,203.174631,0.7321799503224711
-1.552964,186.517044,0.12212688262544058
-0.479076,206.683245,0.6323910329638485
-2.258972,195.163813,0.024990846983536992
-1.385726,172.241736,0.16762219651632226
-0.944864,198.800735,0.3458752540127278
1.0,102.0,0.3196769460239248
-3.539352,185.503307,5.07007414084882E-4
0.513833,157.70739,0.6080879368834626
-2.802455,206.565961,0.005554133769141336
-2.121194,207.688841,0.035091178305816206
-1.737333,110.0,0.08512737607205155
-3.120908,187.324009,0.0020884904532154983
-3.617087,195.132659,3.7937181485762336E-4
-2.095935,187.815587,0.03742791091888419
-0.882363,197.176559,0.37865496238856067
-1.114546,207.029638,0.2663372008121446
-3.006519,182.435397,0.003015100629716471
-1.0,110.0,0.3195052347699078
1.421272,102.0,0.15828787839752856
0.159639,207.876151,0.8733204591144252
-2.288478,110.0,0.024020256249994668
-1.696283,110.0,0.09266060330615622
-2.458143,110.0,0.015525921629440305
-0.615055,205.916952,0.5391974953073997
-2.165027,119.536314,0.03237281324650161
1.428147,102.0,0.15630437085757554
-3.078203,197.641934,0.002378326569962495
-2.145903,207.383,0.03304258988785005
-3.408262,141.513766,8.51740344617279E-4
-0.638477,184.025302,0.5239570048683135
-1.403654,110.0,0.1632387077777323
-0.439161,206.592128,0.6610038586022978
-0.841166,153.337533,0.40156479697316416
-1.0,110.0,0.3195052347699078
-3.292194,180.200037,0.001196284969609729
-2.920714,206.463321,0.0038805149159655697
-0.865148,148.707492,0.38835107672022984
-1.58452,110.0,0.11594624330733339
-4.991404,162.298273,1.5322935773866267E-6
-0.646427,206.211801,0.5187216535956412
-1.408649,110.0,0.1617593383295688
-1.501094,178.386715,0.1350991904312676
-0.533856,145.101071,0.5942580667930006
-1.0,110.0,0.3195052347699078
-1.73063,110.0,0.08632201571674937
-1.981661,158.759398,0.04924371119110622
-0.735778,201.315501,0.46272220594007896
-0.332648,208.054661,0.739734934483635
-0.77636,207.038782,0.4384224664973688
-2.556797,161.528913,0.011485224516090912
-0.676517,207.918106,0.49946435105556086
-2.334187,199.417862,0.020581373485365935
-1.72663,110.0,0.08704143041259514
-2.412469,143.404724,0.017108430228971728
-0.342011,205.828061,0.7326915669496781
-1.0,110.0,0.3195052347699078
1.0,102.0,0.3196769460239248
-0.555468,170.778507,0.5793014979837101
1.721897,102.0,0.0881194131248455
-0.816586,200.112572,0.4151360882421473
1.081494,154.401341,0.2811636696582034
-1.0,110.0,0.3195052347699078
0.567348,192.642491,0.5711383145272544
-1.391058,110.0,0.16701516394538385
0.169077,165.869108,0.8659420894782408
1.327076,178.730065,0.18617636532814297
0.014504,207.345277,0.9884418342607231
-0.459588,207.604817,0.6462928742672721
2.611679,158.531708,0.009875294535918622
-1.0,110.0,0.3195052347699078
1.032826,120.786341,0.30374888920161847
-1.0,110.0,0.3195052347699078
-1.815137,207.834896,0.0709443005777606
2.244832,182.794021,0.025977555555406928
-0.832337,208.038698,0.4061731859368637
1.0,102.0,0.3196769460239248
0.071414,207.973077,0.9431368945976626
0.304536,196.744715,0.761041452155025
-0.885415,208.032212,0.3769551234470757
-1.036344,162.655791,0.3015799225033087
1.804536,173.345151,0.07288311731055086
-0.24666,207.338635,0.805415406041615
-1.721782,190.800575,0.08672968836724593
-1.818788,196.950238,0.07046263033604508
0.745828,194.944013,0.4566696953147136
0.937883,207.921305,0.3493927016036089
-1.557968,206.920856,0.12076896859456987
0.856829,207.666564,0.39252706137495696
0.285978,167.363314,0.7752486317532168
-1.90244,122.216034,0.05946668796203388
-1.074013,204.609507,0.284081810208632
-0.969537,207.576254,0.3334056619737743
-0.363889,207.455742,0.7163114800799766
-0.316871,179.73414,0.7517092384068996
-2.013326,110.0,0.04652222799711413
-1.0,110.0,0.3195052347699078
-2.095562,202.017422,0.03736687455297765
-1.703991,204.651591,0.08990056889208042
-1.393424,193.324662,0.1650915307880687
0.32549,168.508051,0.7452140554182418
Gen running time:333.885933355
183849985
