tstat,df,pval
-3.438414,286.177161
0.0,0.0
0.0,0.0
16384.0,0.0
-0.301218,425.005702
-1.473727,306.512389
0.992132,485.955463
3.122172,308.737877
0.0,0.0
-0.587676,479.068299
-0.962608,410.383033
-0.715198,468.970475
0.0,0.0
1.645593,387.286048
0.152402,359.706989
-2.390956,310.056701
-0.541431,458.207419
-2.345771,309.684194
-2.259536,384.168884
-1.526897,392.378598
0.0,0.0
-0.040364,470.192704
-0.37965,489.716879
-0.821624,468.770141
-0.717585,490.007693
6.1E-5,4.6116860184273879E18
-32768.0,0.0
-6.820594,413.976359
-1.103158,480.566889
-2.396078,396.70587
0.143344,475.290765
0.0,0.0
0.0,0.0
-3.801911,297.394702
-0.52953,430.28279
-0.863983,470.599562
0.0,0.0
0.0,0.0
0.0,0.0
-1.383879,347.788849
0.0,0.0
-3.612825,420.4333
0.692635,276.841377
-16384.0,0.0
-1.383879,347.788849
0.0,0.0
-1.811351,442.969369
-1.950458,486.848747
32768.0,0.0
0.456829,301.316354
-32768.0,0.0
-0.899023,386.136917
-32768.0,0.0
0.0,0.0
-2.894921,321.098776
1.686186,471.149581
-0.978486,452.13173
0.363973,481.905851
-8192.0,0.0
0.0,0.0
1.859926,414.623757
1.519216,270.091686
0.0,0.0
0.0,0.0
0.0,0.0
0.256012,463.861595
0.0,0.0
0.788147,485.42072
1.273088,468.017679
2.159596,325.772909
1.443417,474.673515
0.0,0.0
0.0,0.0
6.1E-5,4.6116860184273879E18
-0.16145,489.965884
0.894107,383.302208
2.865628,454.807126
-0.00456,411.080719
1.963176,478.308761
0.0,0.0
0.0,0.0
16384.0,0.0
0.0,0.0
0.0,0.0
-1.847178,444.829892
-2.592831,463.783686
0.0,0.0
-8192.0,0.0
-1.013984,309.099737
32768.0,0.0
-0.13215,429.190412
0.244089,488.848162
0.051859,474.272209
-0.913769,307.878652
0.0,0.0
0.058062,487.455808
0.967999,469.128942
-0.98503,262.84633
0.0087,489.365805
-0.162172,395.698742
4.981398,430.288782
0.393328,480.016219
2.744271,273.477706
1.297073,483.56032
3.066646,474.603796
0.268692,427.395271
0.473345,393.499422
3.582839,473.417319
-0.294556,489.349347
0.0,0.0
0.0,0.0
-32768.0,0.0
0.274898,458.680696
0.0,0.0
4.206946,316.933061
-0.797651,277.663286
0.597915,489.526539
131072.0,0.0
0.0,0.0
0.0,0.0
-0.276843,473.952471
2.20093,320.258192
0.978405,428.387483
1.632929,472.049896
1.628976,376.757202
-8192.0,0.0
0.0,0.0
0.0,0.0
0.119939,487.798959
2.521115,421.597394
0.0,0.0
1.048165,348.874287
3.013592,450.840285
2.530209,466.88824
0.0,0.0
2.407037,481.968633
2.71546,439.581366
2.067253,302.324949
0.0,0.0
0.912861,429.766795
-2.156866,434.61747
0.0,0.0
-0.740965,475.18168
-1.607478,400.121672
0.0,0.0
-2.071666,425.118233
0.0,0.0
-2.316815,474.531554
0.0,0.0
0.0,0.0
0.0,0.0
-32768.0,0.0
0.0,0.0
-65536.0,0.0
0.92828,485.746703
-1.728618,312.590076
0.0,0.0
6.1E-5,4.6116860184273879E18
1.020985,480.427531
1.402503,438.021315
0.0,0.0
0.0,0.0
0.972661,424.224993
0.0,0.0
0.0,0.0
4.235346,470.729308
0.8525,274.883296
-8192.0,0.0
0.0,0.0
0.0,0.0
-0.585529,429.917677
-1.998476,352.285913
0.243271,453.13428
-0.230326,463.732856
1.20759,382.539922
0.0,0.0
-0.980454,442.11723
6.1E-5,4.6116860184273879E18
8192.0,0.0
-0.062781,481.77483
0.679119,474.268887
-1.225576,312.34206
-1.867817,303.690028
-1.756706,422.36972
-1.77279,301.233718
8192.0,0.0
0.0,0.0
-3.164452,455.357014
0.0,0.0
0.0,0.0
-2.446297,374.122147
-1.130068,347.608291
-0.541431,458.207419
-1.832781,450.42643
-0.658782,487.006228
0.034274,487.442918
-3.585519,348.952379
2.014684,399.362913
0.0,0.0
6.1E-5,4.6116860184273879E18
-0.02414,489.986094
-0.421622,378.165781
-1.088437,489.993372
-16384.0,0.0
0.0,0.0
0.0,0.0
0.0,0.0
6.1E-5,4.6116860184273879E18
-16384.0,0.0
0.0,0.0
0.819368,379.822665
6.1E-5,4.6116860184273879E18
0.0,0.0
0.648981,390.636548
0.0,0.0
0.0,0.0
-4.806519,478.517905
0.0,0.0
-2.243016,372.692101
0.0,0.0
-8192.0,0.0
0.0,0.0
0.0,0.0
0.0,0.0
0.0,0.0
-3.390378,364.81748
0.062094,486.598759
-3.477098,317.309336
0.0,0.0
0.0,0.0
-0.967778,411.924111
-32768.0,0.0
5.278741,374.921498
32768.0,0.0
32768.0,0.0
2.390776,274.512795
0.0,0.0
2.58329,464.261995
-0.708772,475.806502
0.0,0.0
16384.0,0.0
16384.0,0.0
1.653826,467.703516
1.371478,343.827094
2.033533,364.849381
4.246621,375.091311
0.0,0.0
0.0,0.0
0.0,0.0
3.658565,336.272151
0.0,0.0
0.0,0.0
0.779128,356.301624
0.0,0.0
2.674456,486.179292
-1.799182,423.060286
0.0,0.0
0.0,0.0
0.166199,482.299933
1.125798,489.930316
5.503321,363.685954
2.308237,309.709841
0.724283,487.429223
-1.283852,376.403303
4.864221,361.114884
1.650186,475.872863
32768.0,0.0
2.009889,319.608703
-16384.0,0.0
6.1E-5,4.6116860184273879E18
0.763265,345.549856
0.0,0.0
1.43565,456.836745
-0.46149,489.9555
1.237917,481.47873
1.55951,347.900854
2.265167,259.455206
0.651412,489.402713
0.0,0.0
-0.211746,484.689004
0.0,0.0
0.0,0.0
0.0,0.0
1.136604,332.743533
1.628817,404.64602
0.0,0.0
1.797129,341.690365
1.789253,339.095954
2.084041,302.707818
0.0,0.0
0.811307,387.461776
0.288495,422.703889
-8192.0,0.0
6.1E-5,4.6116860184273879E18
0.21701,489.989714
2.345031,371.364956
8192.0,0.0
3.874277,330.978904
0.066298,487.056348
0.0,0.0
16384.0,0.0
1.51639,481.23448
6.1E-5,4.6116860184273879E18
8192.0,0.0
-2.992984,357.766428
6.1E-5,4.6116860184273879E18
-1.198276,433.283032
6.1E-5,4.6116860184273879E18
0.126556,477.531589
6.1E-5,4.6116860184273879E18
0.0,0.0
0.616278,422.908345
6.1E-5,4.6116860184273879E18
8192.0,0.0
0.078803,470.310321
1.280412,332.351868
2.296111,487.138385
0.0,0.0
8192.0,0.0
65536.0,0.0
0.0,0.0
3.230403,462.53584
0.725481,487.301728
0.0,0.0
4.075737,474.365168
0.0,0.0
0.0,0.0
0.0,0.0
2.512694,475.119813
1.381432,422.057053
-0.109979,478.81389
-0.967778,411.924111
1.039448,387.88699
-0.25727,448.164482
-0.541431,458.207419
-0.676327,462.352822
0.2857,474.112843
2.747008,481.999592
1.925975,466.303795
2.186122,448.984444
2.656767,434.104673
0.0,0.0
-8192.0,0.0
8192.0,0.0
0.0,0.0
0.448028,464.312435
-2.439452,268.159397
-0.717209,392.994617
0.583527,333.349532
-1.759881,468.711831
8192.0,0.0
-1.296711,430.19881
-0.530751,434.252741
0.342565,393.995253
-1.075375,366.371337
-0.185235,466.422324
0.0,0.0
0.007181,486.164441
1.85823,446.9981
0.0,0.0
0.0,0.0
0.0,0.0
0.0,0.0
0.0,0.0
-1.863739,327.124753
0.0,0.0
-1.590683,331.922141
0.0,0.0
-0.454172,471.419315
0.271297,460.16416
0.609983,488.931335
0.0,0.0
1.155428,345.109917
1.084987,310.394613
0.606089,433.396455
-0.396966,482.255297
0.0,0.0
0.0,0.0
0.0,0.0
0.0,0.0
2.632618,487.386423
-8192.0,0.0
1.001163,408.8241
2.524218,309.20259
0.0,0.0
0.0,0.0
0.0,0.0
-1.662251,398.09136
-1.909917,277.027644
-4.309249,463.259521
-6.832014,410.622845
-16384.0,0.0
0.0,0.0
-1.260187,485.868982
0.0,0.0
-16384.0,0.0
-16384.0,0.0
-16384.0,0.0
0.0,0.0
0.0,0.0
-4.228413,347.89253
0.0,0.0
-1.77679,433.136176
0.0,0.0
0.0,0.0
0.0,0.0
-0.096682,484.83608
0.0,0.0
0.0,0.0
-1.534651,427.943463
-3.178134,416.157503
-1.058235,486.803585
32768.0,0.0
1.620765,254.889205
-0.10495,490.020378
0.456123,436.858496
1.034138,474.282795
2.385678,351.431389
1.06525,471.925434
0.0,0.0
-1.528052,389.384816
0.900915,489.647962
0.471629,479.933807
8192.0,0.0
0.0,0.0
3.023294,326.562725
0.0,0.0
1.072444,452.616488
1.92095,345.507104
-3.606098,384.240447
-6.799713,391.873019
0.0,0.0
0.0,0.0
-1.838999,380.874222
0.0,0.0
0.0,0.0
-3.507212,447.480503
-6.661784,479.362358
0.0,0.0
-4.313358,307.92511
-5.68781,423.693308
-8192.0,0.0
-1.269704,351.806096
-0.830353,331.458259
2.410137,460.650665
2.505599,485.998132
0.0,0.0
0.0,0.0
0.0,0.0
0.0,0.0
0.0,0.0
4.061182,385.819617
0.0,0.0
3.088756,445.083183
16384.0,0.0
2.252568,253.091894
0.194749,480.239835
6.1E-5,4.6116860184273879E18
4.865682,425.80549
0.0,0.0
0.0,0.0
0.0,0.0
2.040786,338.849062
6.1E-5,4.6116860184273879E18
1.526227,377.075795
0.948345,270.332413
0.0,0.0
-16384.0,0.0
6.1E-5,4.6116860184273879E18
0.691953,465.03201
4.252486,489.023872
4.600939,489.966749
0.0,0.0
-0.945888,370.946943
1.418515,478.980819
-1.500264,389.684975
-3.501779,377.034616
-3.425652,356.059012
0.828515,489.046669
2.677557,485.647303
-1.695951,425.52055
0.0,0.0
0.491376,467.118573
-2.581151,356.921576
-1.296637,293.178375
-3.205982,369.481691
0.0,0.0
-2.824563,269.682244
0.0,0.0
0.0,0.0
0.0,0.0
0.0,0.0
0.0,0.0
0.0,0.0
0.0,0.0
0.895166,321.540559
-5.800849,376.291903
0.0,0.0
-4.10635,358.953944
-5.603209,311.220822
-2.172094,366.201819
0.0,0.0
0.0,0.0
-0.722035,457.627848
-5.328499,345.620648
0.0,0.0
0.0,0.0
-2.921814,346.311625
-1.741792,468.26793
-3.535249,306.387008
-2.706861,445.532706
-1.890768,312.352649
-0.541431,458.207419
-1.252638,388.980421
-1.25756,375.587018
-65536.0,0.0
-65536.0,0.0
0.0,0.0
-65536.0,0.0
0.785663,258.197681
6.1E-5,4.6116860184273879E18
-0.448536,412.180491
-32768.0,0.0
1.259102,369.268034
0.034274,487.442918
1.112162,463.838975
-2.495785,468.415843
-3.077751,388.557193
-8192.0,0.0
-0.83156,484.823614
0.0,0.0
-1.923441,381.027284
-0.19608,474.295318
-0.554761,468.834356
0.188425,462.089487
-8192.0,0.0
0.039286,421.892081
0.584614,319.80373
0.0,0.0
-0.266138,487.811517
3.52712,441.999325
0.0,0.0
0.0,0.0
-0.679626,485.02157
1.95067,276.943287
-8192.0,0.0
0.357427,488.765951
0.331283,478.43485
-1.054565,483.673404
0.744133,482.407374
-3.481856,440.171259
-65536.0,0.0
0.0,0.0
-65536.0,0.0
0.0,0.0
-32768.0,0.0
-1.952955,398.944085
0.301803,400.434114
0.0,0.0
0.0,0.0
0.0,0.0
0.0,0.0
0.0,0.0
0.0,0.0
0.0,0.0
0.120085,449.619235
-0.686739,484.712546
0.0,0.0
0.0,0.0
-0.185782,475.357885
-32768.0,0.0
0.0,0.0
0.0,0.0
-0.858168,321.393748
2.106256,252.773966
16384.0,0.0
-1.802564,445.336634
6.1E-5,4.6116860184273879E18
6.1E-5,4.6116860184273879E18
0.420832,394.5075
-0.425764,481.705565
6.1E-5,4.6116860184273879E18
6.1E-5,4.6116860184273879E18
-3.783952,396.20756
-0.472396,480.131378
-1.577205,397.172494
-32768.0,0.0
1.575581,489.855693
-2.363169,441.863649
0.0,0.0
-0.9554,463.489195
0.075538,489.449537
-2.746292,465.683031
-2.458944,408.513569
-8192.0,0.0
-2.738212,349.637436
-0.750567,458.156097
-3.036743,357.342246
-2.159139,277.287184
-0.594997,407.591945
0.365179,483.352983
0.0,0.0
-16384.0,0.0
-1.224223,313.45927
-2.394823,274.449259
-2.110892,354.1805
-4.515252,445.515497
6.1E-5,4.6116860184273879E18
6.1E-5,4.6116860184273879E18
1.064876,453.456962
-32768.0,0.0
0.0,0.0
0.0,0.0
0.0,0.0
0.034274,487.442918
0.0,0.0
0.0,0.0
-0.272139,481.221796
-2.347336,311.300062
0.0,0.0
0.0,0.0
-8192.0,0.0
0.103462,478.41335
0.584431,489.950949
2.793104,444.563514
-1.459759,453.505259
0.0,0.0
0.0,0.0
0.0,0.0
0.0,0.0
1.014142,389.349218
0.122884,483.034992
3.870759,266.774342
0.0,0.0
0.0,0.0
0.0,0.0
8192.0,0.0
16384.0,0.0
6.1E-5,4.6116860184273879E18
0.0,0.0
-0.541431,458.207419
6.1E-5,4.6116860184273879E18
0.0,0.0
0.0,0.0
0.108099,332.253082
0.521277,272.624501
-1.868975,403.854317
2.689258,342.587091
2.835303,311.429848
-1.303553,412.671665
-0.666975,411.27196
0.0,0.0
1.182036,338.381543
6.1E-5,4.6116860184273879E18
-32768.0,0.0
-65536.0,0.0
0.0,0.0
-1.629221,264.508478
-0.955081,305.403757
-1.716624,436.379711
-2.348279,355.242652
-32768.0,0.0
-3.404274,277.525793
0.0,0.0
0.0,0.0
-2.79836,260.690419
6.678455,481.204984
2.544752,436.045169
1.289296,410.687773
32768.0,0.0
-1.756396,357.169997
0.0,0.0
3.098983,364.706517
1.25745,365.406325
-1.695322,373.575762
0.724083,452.539155
0.0,0.0
0.0,0.0
0.0,0.0
0.777514,445.72311
-2.24251,351.605229
0.0,0.0
4.197455,453.487656
-0.367229,401.320976
0.0,0.0
0.0,0.0
3.051831,432.057481
1.548323,350.702722
0.188084,481.966788
-0.766773,489.083725
0.0,0.0
0.0,0.0
0.780228,259.123939
0.0,0.0
-2.897746,334.047677
8192.0,0.0
-0.967778,411.924111
6.1E-5,4.6116860184273879E18
6.1E-5,4.6116860184273879E18
0.342565,393.995253
-0.832802,334.770547
0.807163,304.776221
0.198031,466.429091
-0.782016,428.511885
-8192.0,0.0
0.0,0.0
-2.183904,346.534118
0.354757,419.292495
0.0,0.0
0.961635,367.028514
0.616278,422.908345
0.0,0.0
0.034274,487.442918
0.0,0.0
-65536.0,0.0
0.0,0.0
0.058062,487.455808
0.0,0.0
6.1E-5,4.6116860184273879E18
-16384.0,0.0
-1.298459,383.824906
0.485305,465.710877
0.0,0.0
-0.785444,329.988421
0.816248,472.231999
7.129312,471.484629
0.0,0.0
-0.904594,458.741673
32768.0,0.0
2.369696,414.539515
3.881268,465.548774
4.595115,427.879182
6.1E-5,4.6116860184273879E18
0.0,0.0
1.914467,258.291806
-2.839322,352.211866
0.521169,484.863404
0.671233,407.754889
-131072.0,0.0
1.937844,340.587227
-32768.0,0.0
4.731216,357.800543
7.040936,489.080235
7.149396,479.002443
4.310192,472.255995
3.624329,460.541934
0.0,0.0
0.0,0.0
0.0,0.0
6.1E-5,4.6116860184273879E18
7.550445,466.883347
0.0,0.0
-0.136345,489.059521
0.0,0.0
