t-stat,Degrees Of Freedom,p-value
-3.41262,158.394184,8.168617968443646E-4
1.36614,130.0,0.1742536059120816
-1.000276,170.519518,0.3185942873204606
-0.906421,184.969565,0.36589231568157654
0.371653,263.892083,0.7104494567776085
2.724425,136.124441,0.007287045578708851
-0.277443,261.145627,0.7816594707215105
-0.493722,248.004156,0.6219394823975558
0.237567,233.71289,0.8124250751526392
0.656727,247.936912,0.5119655583095835
0.10066,229.640044,0.9199081924193298
-1.215929,180.31376,0.2256014246380531
1.0,130.0,0.3191682370997233
-1.408945,138.0,0.1611007019754821
-1.04206,255.866985,0.298367456594141
0.253323,230.504345,0.8002444140336673
1.391461,130.0,0.16646218757737263
0.022547,229.250361,0.9820312333449066
-0.948966,260.470119,0.3435175303090775
0.38706,223.005364,0.6990809054578808
-1.0,138.0,0.3190607386115184
-4.278737,229.440661,2.7608535814653704E-5
-0.827519,242.054204,0.40875804110596814
-1.960858,207.547857,0.05123331177177652
-0.158031,262.557604,0.8745538431483195
-3.382161,183.765863,8.787284127834394E-4
-0.71667,200.254029,0.474412735898188
-1.397447,238.268636,0.163579040886487
-0.219156,245.464468,0.8267106496147552
-3.112331,229.392345,0.002091920975820603
-1.0,138.0,0.3190607386115184
-0.564006,244.755466,0.5732664803457226
-1.027245,260.990071,0.3052562142990647
-2.905206,247.818815,0.004001809649380038
1.0,130.0,0.3191682370997233
0.646085,154.642598,0.5191819290899846
1.36504,130.0,0.17459822372739486
-1.0,138.0,0.3190607386115184
-1.653565,215.083146,0.09967468859357143
1.360503,253.075688,0.17488128107061973
0.383948,260.630499,0.7013300301335585
-0.928249,228.57299,0.354257600692085
-1.0,138.0,0.3190607386115184
1.922945,227.957399,0.05573291193619623
1.450531,159.67622,0.14887205484635313
0.462272,259.568221,0.6442735171863705
1.356047,238.863395,0.17636473206061165
1.221587,249.682651,0.2230159749000158
1.77199,157.134923,0.0783342580184474
-0.383364,263.994868,0.7017584244378066
-0.946463,244.414988,0.3448472452014877
1.188103,164.75603,0.23650270409504826
0.571543,261.856747,0.5681218692043057
-0.53582,263.974795,0.5925341304093479
2.066919,240.725949,0.03981116521312078
-0.61286,263.950131,0.5404965878082115
-2.04706,248.476369,0.0417041720950288
-1.0,138.0,0.3190607386115184
1.0,130.0,0.3191682370997233
1.0,130.0,0.3191682370997233
1.285172,130.0,0.20101713348886596
1.40374,130.0,0.16278059187083693
-0.866171,191.979826,0.3874775913449634
0.359219,257.716081,0.7197254023571671
0.92149,249.530713,0.35768471609955954
-0.86076,140.944189,0.39083212998985783
1.0,130.0,0.3191682370997233
0.154024,254.400871,0.8777129254277352
1.704845,256.956226,0.08943197854868856
0.260598,259.756671,0.7946089998005217
1.535142,177.177933,0.1265327375828127
1.16516,257.143452,0.24503394492667674
2.531866,261.749945,0.011931319324606893
0.071189,252.441298,0.9433037010721157
0.115442,254.630512,0.9081857759348932
3.330743,257.644296,9.929516923068427E-4
-0.055949,263.419145,0.95542484820097
0.807667,186.77678,0.42030970714206983
1.71507,200.287178,0.08787901923750052
-1.022902,144.71753,0.3080610450340785
0.854171,255.352618,0.3938108606776345
2.17522,130.0,0.03142266368037583
-0.338499,259.426726,0.7352609742690364
2.63705,136.731421,0.009331182932843962
1.166817,220.484444,0.2445447106538574
0.937656,260.305727,0.34929037941011165
0.903939,239.152241,0.36693738979800417
-1.0,138.0,0.3190607386115184
0.214693,262.399029,0.8301734367804916
2.907689,230.703547,0.003996296935495192
1.244085,134.610729,0.21563026080326742
2.052074,251.321635,0.04119854109697263
2.027777,253.875887,0.043627473165082975
1.245634,263.115691,0.21400686598281116
1.890408,254.387476,0.059839999300671964
2.793238,130.0,0.006007442700554089
-0.021889,264.037222,0.9825530318876697
-2.552914,196.264463,0.011442756821334183
-1.824734,216.530334,0.0694191527618258
-0.633546,260.417136,0.5269331719104218
-1.895226,211.834692,0.05942413708072351
-3.431678,225.647948,7.133635185349205E-4
-1.0,138.0,0.3190607386115184
0.564942,255.663307,0.5726085827948886
1.727147,130.0,0.08651639263747102
-0.012509,262.266288,0.9900290324354112
0.9705,228.492316,0.33282352870239484
-0.546841,245.662154,0.5849843389511051
1.962354,263.827457,0.050772243743974155
1.0,130.0,0.3191682370997233
-1.0,138.0,0.3190607386115184
-0.348051,242.372538,0.7281039795666695
-0.531807,239.600466,0.5953524035840954
1.202642,167.58351,0.23081131221205164
-1.075645,196.537547,0.2834047256609932
-0.174629,252.461404,0.8615111202469077
-1.0,138.0,0.3190607386115184
1.0,130.0,0.3191682370997233
0.724161,256.89792,0.46962584893008863
0.257222,261.377706,0.7972097767346127
-0.616617,168.546127,0.5383193570560214
-0.812142,207.40414,0.41764130569780145
-0.933635,246.33243,0.351406452744618
-0.923372,175.500136,0.35708113621823845
1.0,130.0,0.3191682370997233
-2.738935,249.347718,0.006608673477979469
-2.109906,227.636499,0.035958407306409056
0.42545,224.644589,0.6709159480608338
-0.68865,223.12983,0.4917589394372398
-2.592615,172.400524,0.010342722802302317
-0.624511,262.662089,0.5328341260810858
-3.081132,205.947089,0.0023438580307549757
1.166759,247.363205,0.24443128411338866
0.866786,181.295564,0.3872050093046444
-0.298297,248.375974,0.7657258858214923
0.352678,241.376784,0.7246376185648749
0.870211,178.751114,0.38535220225899636
-3.221077,258.080722,0.001440989983769909
-1.922558,167.651693,0.05623087294994649
-2.61746,157.075502,0.009724621860211525
-0.174743,258.769108,0.8614182204442292
-2.540967,196.693035,0.011826317132322081
-1.0,138.0,0.3190607386115184
-1.728428,138.0,0.08614818855575963
4.186751,221.421651,4.0842918089811775E-5
1.0,130.0,0.3191682370997233
1.638365,130.0,0.10376368500219968
1.411509,130.0,0.1604835159782232
3.604731,181.925051,4.033179039810708E-4
-1.845247,232.015696,0.06627594528919052
1.388494,130.0,0.1673612079141389
1.0,130.0,0.3191682370997233
0.904276,263.066065,0.3666764278929955
0.418557,251.338355,0.6758973511816644
0.697889,208.860147,0.48602282619172943
4.071317,192.596271,6.821055891936822E-5
2.976719,181.67053,0.0033106021507431915
0.062321,260.427427,0.9503550086937456
1.207986,262.968282,0.2281378860838732
-1.597742,246.308792,0.11138246173524013
-0.06768,264.012829,0.9460915974060002
0.540733,263.169319,0.589148995202053
4.884805,204.919864,2.083124449825391E-6
2.367048,168.951996,0.01906250401673626
0.707334,263.845279,0.4799832236377717
-1.935656,188.432247,0.0544064209419472
4.191301,200.22048,4.159997184594033E-5
-0.087588,262.757705,0.9302708536265445
1.713107,130.0,0.08907669572690757
2.471309,130.0,0.014755535025899214
-1.0,138.0,0.3190607386115184
1.08805,164.337384,0.2781661646475935
0.373145,263.811577,0.7093401765432703
-0.001289,251.269868,0.9989725498485782
0.577577,263.78222,0.564042406379365
0.818486,183.350069,0.4141422249788511
1.0,130.0,0.3191682370997233
-0.15272,245.172144,0.8787446988470644
-2.206278,234.215124,0.02833588820814352
1.0,130.0,0.3191682370997233
1.43461,203.706604,0.15293168006376856
0.626347,235.924971,0.5316929069983578
0.182513,264.044109,0.855320203309132
1.305658,184.756186,0.19329233914796506
-0.094785,228.861239,0.924568537074486
0.378133,203.769157,0.705725414736428
-1.0,138.0,0.3190607386115184
-0.551702,206.507766,0.581749043684678
1.511395,224.411236,0.13209470235391896
3.212648,187.444998,0.001548217070668878
1.128144,261.22448,0.260294171641553
1.0,130.0,0.3191682370997233
1.212285,248.365569,0.22655523923893472
1.0,130.0,0.3191682370997233
-2.328195,223.278282,0.02079626443308711
-0.113714,262.79618,0.9095513376463825
-0.27728,263.999158,0.7817821110163099
0.595439,228.845217,0.5521384422093414
1.0,130.0,0.3191682370997233
1.183169,170.296897,0.2383912595030213
0.228834,243.100268,0.8191903274428862
0.755495,263.916261,0.450625761042724
1.0,130.0,0.3191682370997233
1.048912,260.45575,0.2951909448422605
0.876536,262.53692,0.38154003509205126
2.12738,262.905198,0.03431942644980279
1.4756,256.90825,0.14127583213671402
0.649019,249.948886,0.5169219886818113
0.061078,260.532458,0.9513439173020548
1.0,130.0,0.3191682370997233
0.998147,208.47353,0.31936521918913074
-0.32968,251.564125,0.7419161117198148
-0.586713,239.234456,0.5579496991084629
0.478798,263.990195,0.6324786659383761
-0.700138,250.120894,0.484491828727597
1.982392,260.403422,0.048486400451569045
1.830659,250.958437,0.06833725836934113
0.708174,244.812996,0.4795109190127387
1.280384,248.303348,0.2016048997286426
-0.901488,183.672014,0.3685094988149348
1.0,130.0,0.3191682370997233
1.411142,130.0,0.16059146697599447
-1.705668,243.678123,0.08934414924130174
1.0,130.0,0.3191682370997233
-1.236835,245.475545,0.2173303101884667
0.308586,235.782582,0.757908943328093
1.0,130.0,0.3191682370997233
-0.460199,196.973374,0.6458809915452424
-0.657759,237.677174,0.5113295331105581
-0.660364,237.043676,0.5096614579857801
0.872559,253.591231,0.3837289151842893
-1.871409,180.25257,0.06290868909775917
-0.93402,220.256899,0.35131638856654723
-0.066023,263.004479,0.9474096727858253
1.068558,206.050364,0.28651912953037995
1.229109,263.155987,0.22012884326982274
-0.08876,260.450576,0.929340859233887
1.562863,130.0,0.12051592091970553
1.0,130.0,0.3191682370997233
-0.596413,239.773029,0.5514620143916167
1.486756,255.891315,0.13831034875800063
-0.664912,249.988384,0.5067196969349022
0.767559,231.627109,0.4435309506396852
-1.739381,216.271662,0.0833905364201423
-1.148262,165.002478,0.2525223936744111
-2.146237,256.867248,0.032791090406070006
-5.059649,232.279055,8.534214746336857E-7
-1.388408,138.0,0.16724991569832648
-0.993832,225.589066,0.32136946804375577
-1.0,138.0,0.3190607386115184
-1.0,138.0,0.3190607386115184
-2.265889,221.08222,0.02442639684324256
-2.215489,138.0,0.02836534069369917
-1.353692,138.0,0.17804760723594282
-1.265484,212.699853,0.20708237025179965
-3.065074,190.746708,0.0024916154884391637
-1.10874,249.411714,0.26861033616621155
-1.398465,138.0,0.16421671685764627
0.695613,148.082075,0.48776144497997764
-1.192587,208.953346,0.23438367373986246
0.075465,263.806055,0.9399019396953059
2.070573,130.0,0.04037761612919444
-0.223745,207.375583,0.8231759941756305
-0.780623,249.033644,0.43576563179873506
0.253431,256.030186,0.800138556957783
-0.458455,222.873283,0.6470723068486373
0.489487,253.667659,0.6249199610494205
-0.614547,247.758369,0.5394178708878321
1.98923,130.0,0.048774963416780226
-2.259975,229.139456,0.024762683701652046
-4.049729,227.034654,7.038824287828529E-5
-2.018246,138.0,0.04550362269400071
-2.008501,241.43687,0.04570375132103366
-4.242948,260.132648,3.0703637075358295E-5
-1.566722,242.015172,0.11848625031409443
-3.130577,250.177859,0.0019518370679655079
-1.0,138.0,0.3190607386115184
0.746097,247.628841,0.45631650803402035
0.223156,263.883227,0.8235867406989741
1.331243,263.885603,0.18425799458125813
3.14982,225.686638,0.0018546844199109902
2.481784,250.876491,0.013728160448934768
1.569996,140.485895,0.11866563886071724
0.744952,263.879622,0.4569636950167708
3.583712,248.231208,4.076719066015144E-4
1.766129,200.360798,0.07889707998262652
0.492388,247.743146,0.6228811411864332
-1.0,138.0,0.3190607386115184
-1.422923,138.0,0.1570151550583272
0.129745,258.878836,0.8968689310220621
2.652736,254.980545,0.008485242955343697
3.040259,260.329776,0.002604789350757919
-1.384301,162.944537,0.16815921200590644
0.914473,260.688577,0.36131340585043015
-1.363416,230.551789,0.17408131484547018
-3.772578,208.749768,2.1045052911533173E-4
-3.290857,187.779376,0.0011930393425325274
0.633602,262.9243,0.5268913742029788
2.156108,263.976889,0.031978779748024655
-0.889515,240.814707,0.37461408223947
-0.425527,250.677762,0.670817630053232
-2.159683,220.152997,0.03187780412614611
-1.423453,138.0,0.1568618213133156
-3.402284,197.294178,8.090532696263317E-4
-2.507137,151.476611,0.013226268565300212
0.047663,261.571319,0.9620211932406884
-4.821725,215.154653,2.6900318856967443E-6
-3.771614,211.588216,2.104968325913659E-4
-4.296425,195.613921,2.7333457574130957E-5
-2.034299,202.485194,0.04322543577034495
-0.427042,256.945797,0.669706350215793
-4.657926,219.607019,5.5322367002965775E-6
-2.418413,210.141295,0.016440571666872017
-0.864826,262.989802,0.387922454395057
-2.878174,198.151686,0.004438690155390483
-1.729921,257.319033,0.08484345948577811
-1.430127,185.79863,0.15436004657284697
0.119722,254.059164,0.9047979895256444
-1.630775,189.606896,0.10459776049012615
-0.792357,237.076121,0.4289446945073121
-1.497816,138.0,0.13646494290425804
-1.0,138.0,0.3190607386115184
-1.526025,138.0,0.1292922760780174
0.75826,141.052594,0.4495604127781727
-1.710597,138.0,0.0894026103483675
1.403778,130.0,0.162769295599539
1.406297,130.0,0.1620218049623281
-2.461272,249.258857,0.014522862321103332
-3.361631,168.829023,9.5839724726772E-4
-1.478323,239.031795,0.14063783649751938
-2.667113,142.675373,0.008534876588745955
0.154957,248.83678,0.8769808326636555
0.295904,215.157414,0.7675887889990409
1.40108,130.0,0.16357281818034153
1.0,130.0,0.3191682370997233
1.0,130.0,0.3191682370997233
-0.759136,261.169601,0.4484558061951125
3.785727,233.81532,1.9485143705777475E-4
-0.307932,242.576965,0.7583983144225519
1.877364,133.763356,0.06264598240012087
-1.0,138.0,0.3190607386115184
-1.0,138.0,0.3190607386115184
-1.0,138.0,0.3190607386115184
-1.527607,186.099858,0.12830797672515704
0.301598,261.947998,0.7631978244578779
-2.718925,248.25384,0.007011576161919071
-1.421508,138.0,0.15742508989884774
-1.251133,138.0,0.2130028407865192
-1.326691,138.0,0.18680210158141564
-0.234383,263.914365,0.814869384380549
-0.012438,241.808908,0.990086423429775
0.367938,253.938709,0.7132259644885126
-1.391122,138.0,0.16642720956510348
-1.0,138.0,0.3190607386115184
1.0,130.0,0.3191682370997233
1.413347,130.0,0.1599437130575747
0.452666,261.735429,0.6511642445093249
1.0,130.0,0.3191682370997233
-0.480091,262.26525,0.6315628513532949
-2.059804,242.006913,0.040486925136741535
-1.14465,249.014923,0.25345318567832686
0.866186,256.713981,0.3871969819030969
-1.0,138.0,0.3190607386115184
-0.351784,263.39483,0.7252815255813716
-1.839465,252.478709,0.06702088611877267
-1.552338,191.918634,0.12222884376278886
0.094442,263.669158,0.9248297831340846
-2.076583,250.331958,0.03886043181904895
-1.895615,232.753972,0.05924987509605068
-0.809514,261.892015,0.4189544224462747
1.653605,130.0,0.10062061013544943
-1.378282,224.141248,0.16949046328936623
-1.403375,185.249019,0.16217901912646615
-0.728431,153.126245,0.46746231017450557
1.171858,205.541805,0.24261061238112314
-1.0,138.0,0.3190607386115184
-1.103884,186.70272,0.27106415951629437
-1.738222,138.0,0.08440220641524267
-1.769307,215.058718,0.07825990394625248
-3.662138,232.314386,3.0974470833387976E-4
0.176204,263.720931,0.860268909538648
-0.134172,257.597946,0.8933713334962919
-0.456764,250.996622,0.648235719209255
-2.928637,138.0,0.0039842226934575
0.867662,212.432521,0.3865584660663979
1.49273,248.863857,0.1367745188965135
0.470067,243.644268,0.6387276201898309
-0.516281,263.896351,0.6060904938568926
0.690613,223.757709,0.490524537808132
-0.083942,257.099431,0.9331678689459288
3.047544,139.102484,0.00276176617760715
1.0,130.0,0.3191682370997233
1.0,130.0,0.3191682370997233
0.706564,146.750486,0.4809577998512604
0.230991,176.724161,0.8175890002941262
0.11563,254.605776,0.9080369304100318
0.909687,231.594342,0.3639333483275302
1.534054,212.360145,0.12650482642756877
-1.734628,156.427096,0.08477650390871941
-1.0,138.0,0.3190607386115184
0.003886,232.107823,0.9969027662066949
-1.0,138.0,0.3190607386115184
-1.705141,138.0,0.09041817824382614
-1.250034,158.429353,0.2131304389948495
-0.671106,179.518995,0.5030155818622165
-1.313451,252.352507,0.19022395368720302
-1.298488,240.198256,0.19536496854329233
-1.682194,138.0,0.09479265277911775
-2.553809,158.96962,0.011595443354262167
-1.835604,168.742805,0.06817643297784709
3.652155,261.323925,3.1412532340713284E-4
2.710687,235.725091,0.007208215675440943
0.376982,244.608538,0.7065138170662904
-1.174133,226.914238,0.24157254614937396
2.881801,173.220267,0.0044545779875604374
0.157532,259.939073,0.8749478888362607
1.0,130.0,0.3191682370997233
-0.120097,261.866613,0.9044983980943554
1.420575,130.0,0.15783438152719054
-1.0,138.0,0.3190607386115184
3.107897,251.668312,0.002100555331603804
-0.374199,225.167565,0.7086084067990144
2.421547,244.685711,0.016182608325049586
0.941517,219.790496,0.3474736483700025
-0.068399,254.60395,0.9455217038297737
0.120225,253.991129,0.9043999601017949
0.546051,170.511227,0.5857446070755281
-1.797626,213.17653,0.07365143704571399
1.0,130.0,0.3191682370997233
-1.0,138.0,0.3190607386115184
-1.0,138.0,0.3190607386115184
1.0,130.0,0.3191682370997233
-1.411989,138.0,0.16020414509031422
-0.991187,214.470837,0.32271121617130727
0.355907,231.129572,0.7222348448660187
-1.601811,211.233286,0.11069177416405618
0.066739,246.051762,0.9468436828075848
1.265817,130.0,0.20784240887884797
1.0,130.0,0.3191682370997233
-2.00021,138.0,0.04744006404172966
-0.629531,230.94461,0.5296237544173934
-1.355356,138.0,0.17751836293994072
-0.120847,252.489483,0.9039083347236441
0.76616,238.10902,0.4443399693940422
-1.063403,186.121483,0.2889769736297998
0.614356,262.603312,0.5395119983655174
6.578317,263.67195,2.5468804842887494E-10
-1.137737,227.494722,0.2564271504776572
1.379557,130.0,0.17009147477472597
1.736375,236.71353,0.08379859445126026
3.92386,258.496161,1.1176303249937902E-4
3.502544,258.808189,5.427065605645431E-4
1.367181,144.998195,0.17368432278407098
-1.534258,223.324424,0.12638164436442023
0.12583,261.158643,0.8999633067774209
0.297453,233.960926,0.7663846298932233
-3.188736,138.0,0.001768422047362367
1.923347,146.706532,0.05637341304567722
-1.965273,138.0,0.05139074893815527
4.331024,209.105081,2.302666327369529E-5
5.467879,257.795007,1.0755105361859307E-7
6.571979,261.120334,2.6811020070738323E-10
4.45666,260.206459,1.2380094786657025E-5
3.437275,257.483906,6.850107672877748E-4
5.858291,261.716458,1.399778915001093E-8
0.081454,258.147213,0.9351440225969494
3.85387,156.337031,1.693744744115655E-4
3.685916,179.036618,3.0184985798498154E-4
6.697125,257.785248,1.3249823460625976E-10
1.929429,256.081533,0.054782414559886305
0.70561,214.031177,0.48119796616759913
-2.230464,169.334607,0.027030413250100447
0.509761,260.78537,0.6106500299366318
1.737298,130.0,0.08470297736782828
-1.685055,138.0,0.09423806675158775
0.392893,260.662628,0.6947196276804937
-1.200351,150.330572,0.23189116033995982
-2.02787,138.0,0.04449817580802817
2.031973,248.770464,0.04321905117218572
1.997021,261.704241,0.04685839720787799
-0.96242,194.157254,0.33703575833831045
-0.353702,243.904336,0.723867770518533
1.615545,130.0,0.10861709993440405
-0.640103,232.577811,0.5227357147491138
1.0,130.0,0.3191682370997233
0.142125,242.613064,0.8870992239604378
-0.286477,232.941501,0.7747674357632565
-0.543929,259.786932,0.5869568272835
0.240064,246.47154,0.8104801816496225
-2.016906,233.903342,0.04484811186003958
-0.184894,250.962279,0.8534615071078006
1.0,130.0,0.3191682370997233
-1.0,138.0,0.3190607386115184
0.03705,262.523217,0.9704732960978255
-2.009036,138.0,0.04648387671736085
-1.0,138.0,0.3190607386115184
-3.131702,153.852768,0.0020806954117054332
-0.79545,230.486506,0.4271701956490265
1.0,130.0,0.3191682370997233
-0.030427,264.001158,0.9757495013246862
0.695494,252.669776,0.48738492773465714
1.96623,147.936361,0.05114379549204595
2.301477,253.86952,0.022175026665604225
2.850049,232.232809,0.004764228169836127
1.628503,246.014402,0.10469814824409807
0.793026,252.123712,0.4285083046181186
1.774741,182.084251,0.07761149564616221
-4.966666,238.832568,1.297706254071753E-6
-2.565996,138.0,0.011354909462817891
1.22969,253.126726,0.2199549427996521
2.981417,203.713775,0.0032187459922419226
2.351364,242.074571,0.01950726712103057
1.179819,255.430468,0.23916984739878977
1.316935,256.466662,0.1890359033519311
1.112678,259.935665,0.26687469592121094
-0.415269,227.648926,0.6783361165152626
0.945725,228.551373,0.34528762282749437
2.035914,256.85534,0.04278513567046982
-0.262889,263.430974,0.7928416213310479
0.647396,237.00961,0.5180022449431732
0.396933,262.933645,0.6917388600498726
1.041637,258.948414,0.2985515323946948
1.616372,261.061592,0.10722164711436744
0.315887,258.321457,0.7523433516678832
-0.022688,263.576312,0.9819163142020543
2.558366,204.961337,0.011238278141042723
0.629452,243.958619,0.5296422001944352
-0.2675,263.457473,0.7892935056908165
0.377614,262.32596,0.7060227014027114
-0.687048,257.282888,0.49267129055098
0.273184,264.007879,0.7849253548314565
-0.5549,233.383867,0.5794944797635069
-0.082322,262.602807,0.9344533721686155
-1.410007,243.144795,0.15981550889542184
-1.175705,145.17775,0.24163723477899723
1.923399,255.710438,0.055540240485879355
1.525327,241.132002,0.12848805887588077
-1.356004,138.0,0.17731258368929625
-0.036352,239.330995,0.9710319890614639
0.596807,249.104921,0.55117825484044
-4.376343,203.501409,1.9277462846345952E-5
-1.380027,138.0,0.16980998268120007
-1.0,138.0,0.3190607386115184
-3.772168,197.942534,2.1370141788171708E-4
-3.085119,237.846576,0.0022754390552372737
-1.0,138.0,0.3190607386115184
-1.62667,231.195058,0.10516936992246073
-2.237393,153.488321,0.02670087355902618
-3.007871,150.56893,0.0030843132750475346
-0.71422,242.68572,0.4757775279242311
-1.0,138.0,0.3190607386115184
0.064681,260.223955,0.9484776506263333
-2.547883,138.0,0.011933047655112978
-2.116871,138.0,0.036065220943090406
-1.0,138.0,0.3190607386115184
-1.4989,226.724602,0.13529064201130792
-1.323806,164.536478,0.18740375089960748
-0.245231,240.842154,0.8064864030283103
-1.0,138.0,0.3190607386115184
-2.13844,201.346679,0.03368590549597112
-0.940151,249.315313,0.34805009344698046
-1.956696,257.648415,0.05146327066359558
-0.346096,236.417281,0.7295783682669106
-2.119642,242.783976,0.035051361487121076
-1.777742,174.761335,0.07718527280531606
-2.832632,164.478238,0.005194220075518435
-6.108039,222.990686,4.440310488141289E-9
-1.365473,198.350292,0.1736509614892746
-3.237021,249.517961,0.001371458284140332
-5.125354,249.712731,5.951723174899409E-7
-2.010813,243.840725,0.0454460888160352
-3.822693,233.165372,1.6941397990475232E-4
-3.713497,216.997736,2.5994361612464593E-4
-1.298603,228.29266,0.19539041199067197
-4.530473,260.689565,8.967659998786965E-6
-3.119419,242.063357,0.0020317180800520506
-1.424488,138.0,0.15656271746410666
-0.559574,178.086071,0.5764731451056124
-1.237311,204.720727,0.21738897185377248
-2.681898,174.473869,0.008023717141526152
-1.206501,189.474392,0.22912860998968387
-1.935919,138.0,0.05492204892001436
-0.617786,255.322326,0.53726704045972
-2.054442,188.44613,0.041313261651984644
1.0,130.0,0.3191682370997233
-6.191901,240.214106,2.553194779011487E-9
-3.363202,256.08313,8.883411483896894E-4
-1.683322,245.470761,0.09358406978013045
-1.725406,138.0,0.0866928389664746
1.424274,130.0,0.15676318874139605
-0.897811,233.684852,0.37021038578705423
-3.543151,184.941929,5.005610654868497E-4
-1.881077,166.060157,0.06171183918316104
-1.320749,138.0,0.1887711167190943
-4.56558,218.183137,8.320443970142762E-6
-4.253954,239.252164,3.0151772294250672E-5
-1.0,138.0,0.3190607386115184
-1.0,138.0,0.3190607386115184
-5.911893,196.963928,1.4695391690495507E-8
-1.665168,246.807926,0.09714807644428114
-0.06097,235.894157,0.9514347250831178
-3.416757,225.061138,7.518931940068297E-4
1.414603,130.0,0.15957563744982872
-1.0,138.0,0.3190607386115184
-2.323325,168.553976,0.021355888813995007
-1.0,138.0,0.3190607386115184
-0.783876,252.800907,0.4338466970683432
-2.182252,207.491678,0.03021381682545696
0.078028,258.975058,0.9378660326146306
-2.734705,184.546548,0.006852300284923339
-2.985438,225.920623,0.0031434853675673252
-1.903562,172.031962,0.05863690796507171
-2.732103,237.495763,0.006765966691947427
-1.423413,138.0,0.15687338966613562
-1.495768,227.147416,0.13610218189685108
-2.98927,172.939417,0.0032040148079390865
-1.788414,162.053648,0.07557748717753536
-1.0,138.0,0.3190607386115184
-1.0,138.0,0.3190607386115184
1.0,130.0,0.3191682370997233
-1.668667,138.0,0.0974506694926941
-0.266093,251.546498,0.7903855585274733
0.797585,137.374205,0.42648784046839916
2.372566,257.175447,0.01840111415540191
1.0,130.0,0.3191682370997233
-0.692347,245.395446,0.48937405422556235
1.0,130.0,0.3191682370997233
3.502289,172.092994,5.877318793685582E-4
-1.423601,138.0,0.15681902409281379
-2.603695,258.012395,0.009756798513765694
-1.845773,258.351728,0.06606924359631815
1.247491,173.361864,0.21390004064198465
-3.071958,152.307532,0.0025196697737552287
-1.712537,138.0,0.0890437486809823
-4.386979,263.502047,1.6635813180364956E-5
-0.609099,263.842043,0.5429829222937207
-1.916921,263.971983,0.056327458087486314
-1.011586,264.043953,0.3126621158993085
-1.243179,233.198161,0.21505030101796407
-2.214628,260.202511,0.02765233162249024
-2.799962,138.0,0.005844157495570066
-0.811566,260.728633,0.4177809775144061
-1.619516,255.084129,0.1065719164796115
-0.748879,262.904941,0.4545996144208917
-1.292308,260.534089,0.19739552382486858
-2.068616,259.233727,0.039573651298056976
-1.355777,263.153528,0.17633245991317303
-2.732451,263.496786,0.006711723545779174
-1.753164,257.582818,0.08076341042766103
-0.696389,256.068187,0.486816879164521
-1.067222,263.773481,0.2868473894528628
-0.552099,263.486252,0.5813485092610653
-0.613411,263.967393,0.540132809101182
-1.282433,263.872422,0.20081623371626223
-1.460875,162.241279,0.14598367646630983
1.0,130.0,0.3191682370997233
-0.236294,242.463863,0.8134040332500827
-1.014884,256.350057,0.311118032150552
-0.523474,260.027224,0.6010902659380183
-1.424468,138.0,0.15656849310294008
-2.198404,230.17661,0.028916455310484215
