t-stat,Degrees Of Freedom,p-value
2.297989,606.822461,0.02190165171669811
1.36237,644.569423,0.1735569916528228
-0.751666,522.551112,0.45259034623762295
-2.968019,398.826818,0.003177978661814022
-0.583188,616.700723,0.5599799460641057
-2.857093,408.396933,0.004493963259929936
-6.270483,419.492669,8.958246248912432E-10
2.009533,544.306358,0.04497371566892516
-512.0,NA,NA
2.449287,498.336025,0.014657204119932432
-512.0,NA,NA
-1.007966,548.191391,0.3139154811550484
-512.0,NA,NA
512.0,NA,NA
-0.00578,687.965754,0.9953899285120068
1024.0,NA,NA
-1024.0,NA,NA
3.49465,507.462367,5.162373949363364E-4
-13.087261,450.128836,2.1616867461361144E-33
512.0,NA,NA
-1.007966,548.191391,0.3139154811550484
0.434421,679.69921,0.6641206242186164
0.282673,681.937462,0.7775132920345049
-512.0,NA,NA
-1024.0,NA,NA
-26.508942,619.315727,4.592589335591032E-104
-0.115509,687.558045,0.908075413320456
512.0,NA,NA
0.660066,665.456858,0.5094398679903449
1.155526,415.155263,0.24853968615261257
-2.70691,639.29771,0.0069726623398157815
1.471866,516.35309,0.14166626813563576
-1024.0,NA,NA
-0.583188,616.700723,0.5599799460641057
512.0,NA,NA
-512.0,NA,NA
0.635517,666.61802,0.5253093767866124
1024.0,NA,NA
-512.0,NA,NA
512.0,NA,NA
512.0,NA,NA
-19.335092,454.349975,3.2389516190628616E-61
0.825099,670.434557,0.40960886276075037
-512.0,NA,NA
1024.0,NA,NA
0.57758,654.454184,0.5637463624037267
12.840274,570.747298,0.0
21.286544,381.97884,0.0
-1.125125,627.682641,0.2609661105215395
-0.447787,577.220372,0.6544749323045016
512.0,NA,NA
-512.0,NA,NA
512.0,NA,NA
512.0,NA,NA
-1.495678,411.324229,0.13550441919933787
-11.050591,456.20296,2.569468559240236E-25
-512.0,NA,NA
512.0,NA,NA
-39.729722,686.323209,4.301861524392256E-180
-4096.0,NA,NA
-512.0,NA,NA
1.942878,374.683794,0.052779637234196874
-7.165118,348.544794,4.660983385535482E-12
-22.805112,621.01909,4.300175194677576E-84
-1024.0,NA,NA
1024.0,NA,NA
512.0,NA,NA
2048.0,NA,NA
-11.709486,687.99707,5.243079633589843E-29
-2.933541,686.563878,0.0034629061043210344
-2.301127,687.557301,0.02168271656792316
-0.956339,609.179948,0.33928034971889587
1.323877,628.025062,0.18602555660636422
-12.872315,353.395896,2.3297939993454607E-31
512.0,NA,NA
13.540243,396.650633,0.0
-6.401364,594.993168,3.1249746905169575E-10
-35.21532,637.594138,1.1126255883042686E-151
2.530387,409.370535,0.011767567706616022
8192.0,NA,NA
-0.486638,678.665607,0.626672002902269
-512.0,NA,NA
-0.004081,687.965654,0.9967450251978188
-1024.0,NA,NA
-3.466167,397.149434,5.855640426519445E-4
-512.0,NA,NA
-1.357037,396.623805,0.17554121781157306
1.530885,621.859102,0.12630634056504642
4096.0,NA,NA
-1.54867,633.751238,0.12196026819784
1.197396,458.20574,0.23177131665517114
-23.805015,476.404196,4.207036689169585E-83
-6.637664,511.389109,8.14758199407591E-11
0.571823,597.597216,0.5676569114333767
512.0,NA,NA
512.0,NA,NA
1024.0,NA,NA
