connecting
connected
t-stat,Degrees Of Freedom,p-value
-3.044859,439.406078,0.0024678237848653256
0.386357,542.847412,0.6993836777970825
0.76076,558.012421,0.44712177106268514
-0.00694,568.020257,0.9944651622301574
-0.764677,545.538454,0.4447945441157022
0.222145,560.074579,0.8242819872368321
-0.439383,527.486175,0.6605639835859765
1.835007,325.310217,0.06741756726811965
-1.37E-4,541.682471,0.9998907401666295
-1.310422,527.754722,0.19062312198709608
0.974675,477.662902,0.3302148300265071
-0.16327,561.901394,0.870364557039391
-1.134067,566.503724,0.2572461047468084
-0.872313,564.491981,0.38340852391863456
0.802944,490.46788,0.4223960230154369
-1.026669,456.387319,0.30512017957444726
-5.548901,546.301175,4.4871067411757304E-8
-0.16667,566.957294,0.8676891351633716
-1.515155,561.269103,0.13029609512688634
-3.950746,386.921383,9.258997570302187E-5
-1.487987,527.088561,0.13735231978000462
-2.932581,530.496099,0.0035067807386509873
-0.892779,567.992541,0.3723536186660418
-4.171842,515.545472,3.545497120982969E-5
0.279259,474.707034,0.7801676921376408
1.682486,358.666401,0.09334492752551671
-1.175065,302.0,0.24089433702367713
-2.689551,427.606615,0.007434756307747361
2.326898,496.657775,0.020371917301912568
-0.025531,567.902061,0.9796403906220903
-0.080592,565.972897,0.935794917839323
1.117577,542.19835,0.2642426447245776
1.846877,321.111553,0.06568485770436361
-0.151669,559.15553,0.8795027137193353
1.400337,528.892772,0.1619987853053333
1.237321,523.421657,0.21652272564486474
2.095326,376.412517,0.0368096854964608
1.052147,550.807451,0.293193466807776
-0.985703,540.569661,0.3247198519934166
1.381408,335.222407,0.16807358924898264
1.559076,548.536625,0.11955512460886908
0.228958,529.213831,0.8189900115200106
2.61106,521.236193,0.009286163065024944
1.097835,494.816256,0.2728104737635171
-2.653371,549.809391,0.008199703815058067
-0.089519,565.24366,0.9287011638632682
1.5462,270.0,0.12322754278002379
2.399627,270.0,0.017089642956072293
1.023975,370.789361,0.306514660608622
-0.816665,468.687644,0.414534792876738
1.463189,505.566084,0.14403707927573994
-0.492218,527.523713,0.6227700164183791
0.30996,559.025252,0.7567068867200757
-0.095758,534.336363,0.9237486765177166
3.332055,525.297151,9.227691577313735E-4
0.422786,567.985775,0.6726114171907489
0.769688,525.343993,0.4418309274036907
0.08951,568.016286,0.9287081581673486
3.892474,526.218419,1.1197896819159503E-4
1.790908,409.755127,0.07404605134176112
0.561171,505.084249,0.5749298474683666
3.141365,544.786592,0.0017729512824700144
2.220218,302.560662,0.027144745943947557
0.383303,469.603948,0.7016685714351849
2.229122,476.026147,0.02627174007890898
0.242374,531.246652,0.8085839189782245
0.382411,561.218967,0.7023013058314875
-0.621331,552.686381,0.5346380358377262
2.283113,330.240923,0.023058668384490222
0.652924,522.998381,0.5140921781703489
1.82664,520.078231,0.0683269591298421
1.514006,501.763312,0.13065394420519238
0.906824,511.722317,0.3649266830599478
2.298471,503.715067,0.021943647745045647
1.223487,373.106694,0.2219179332403991
2.065707,526.644652,0.039344732408334915
2.550377,540.024506,0.011035540861699333
2.188498,557.163508,0.029047772640964364
3.103074,505.148811,0.0020224781364681643
2.767672,290.242854,0.006008716465032871
-1.42069,548.472678,0.15597513695683607
-1.621675,555.168627,0.10544070120522675
-0.92956,554.368189,0.3530035267648898
0.041307,567.926388,0.9670656699350517
-1.079488,562.977343,0.28083249550202205
-2.442511,541.175875,0.01490432795449386
-1.802147,302.0,0.07251933077260465
0.151287,564.262799,0.8798033942296657
0.033651,561.359523,0.9731674146526612
0.803413,539.391923,0.42208995695535556
0.98023,489.694526,0.32745661808739435
-0.347441,564.01108,0.7283896492700659
3.503481,550.000339,4.965947005317606E-4
0.011983,547.543576,0.9904435428635632
-1.199826,364.309569,0.23098661238989415
-1.06757,546.163677,0.286186168946152
0.30938,543.438696,0.7571510666940009
-1.008845,546.416417,0.31349550161748607
-0.911457,492.436847,0.36250058987109
-1.418456,302.0,0.15708878456388464
-1.127032,517.587468,0.26025117087574046
-0.399575,567.822591,0.6896198240571823
-0.106012,566.856765,0.9156103352735463
0.088531,567.716844,0.9294858668476405
-0.868656,560.795204,0.38540690716428627
-1.910488,311.235578,0.05698914756185656
-3.851753,538.709898,1.313831769026459E-4
-1.739157,545.65382,0.0825710994096947
-0.164256,547.806574,0.8695902046235842
-1.156951,408.033525,0.24796923980112373
-2.615743,485.544445,0.009180524306891235
-1.77303,439.157515,0.07691680525206582
-4.061292,424.86673,5.811807066052309E-5
1.400324,554.815776,0.16197528959839413
-0.372267,563.566449,0.709834009663863
0.868592,488.513834,0.3854968457254655
0.81547,461.234572,0.4152242269410602
0.627326,442.685719,0.530768984994801
-4.874824,563.370622,1.418225740810255E-6
-2.277476,484.417929,0.02319280076388652
-1.849823,546.344337,0.06487887032182371
0.206029,550.818305,0.8368443848769775
-3.412421,467.160896,6.998755862173197E-4
0.15837,545.668345,0.874223843463374
-1.968186,302.0,0.04996116940049333
6.328553,416.336699,6.405176389279177E-10
1.461211,270.0,0.1451203192911663
2.675053,270.0,0.007927918562496972
0.539371,501.654156,0.5898701917185614
5.812226,326.842844,1.4650604729382621E-8
-1.318655,560.566301,0.18782295103280822
0.510244,512.826807,0.6101000689236085
1.549731,548.076642,0.12178330854992714
1.730433,375.74632,0.08437397770435617
6.818298,365.419643,3.824163208321352E-11
5.309339,334.465139,2.009642610101281E-7
0.689494,449.293486,0.490868388018018
2.510937,553.458121,0.012324990160965221
-3.383971,530.065116,7.673220860240659E-4
-0.491621,564.261721,0.6231784751158398
1.512334,535.367183,0.13103896829115724
8.052134,363.994411,1.176836406102666E-14
3.915189,310.675537,1.1106842769126324E-4
1.932533,514.634994,0.05384214935762155
-0.139195,565.044083,0.8893456559130013
6.801345,396.903827,3.8262282231471545E-11
1.190739,543.351986,0.2342759950742801
1.961188,270.0,0.05088475610217347
3.817648,293.463224,1.643736789362915E-4
2.128907,314.676715,0.03403827135819615
0.863326,506.758297,0.38836666007439424
0.400037,493.127473,0.689302491503258
0.194597,567.806323,0.8457780562199035
1.718907,328.519826,0.0865733324880349
2.034013,270.0,0.0429277491693596
-0.821454,545.17261,0.4117467941275733
-0.447913,567.329115,0.654386974675381
2.584828,270.0,0.010267873821546702
3.681439,311.792522,2.732325223608889E-4
1.841504,409.249113,0.06627122054170242
1.86284,323.181526,0.06339186958201348
1.350532,452.266532,0.1775207614954204
0.663071,392.306253,0.5076744882850917
0.032654,562.127994,0.9739620978520724
-0.207929,506.575603,0.8353679720660331
2.423267,374.012753,0.01585551392416984
5.844549,373.902651,1.1067910143935933E-8
0.612796,567.542856,0.5402567004985221
1.170874,546.299596,0.2421598974718271
1.419084,270.0,0.15702790134889688
-2.004722,539.052232,0.04549235698328485
-0.079313,556.850618,0.9368121598212984
-0.79732,567.057863,0.42559893265451465
1.522061,324.498259,0.1289676487894651
1.269916,270.0,0.2052079044589017
1.672578,406.459837,0.0951798905038781
1.101589,443.620294,0.2712377046738732
0.164685,567.124177,0.8692506040949719
0.275492,561.636949,0.7830395970976385
2.081915,538.521508,0.03782183899845304
3.399535,554.83433,7.235183231697473E-4
1.680602,529.260141,0.09343028137294018
0.01397,567.996641,0.988858820664368
0.537089,500.865804,0.5914446445320396
0.128009,555.81758,0.8981881516151151
0.423536,567.782692,0.6720646294297099
-0.375825,562.319274,0.7071887373778516
1.769322,564.302296,0.0773802046365728
1.542877,544.015551,0.12344208998432471
1.846631,514.222577,0.06537502982980947
0.522874,561.163253,0.6012683162340013
-2.546097,345.318852,0.011327291061824927
0.980535,297.721919,0.32761821194793095
-0.412312,565.490628,0.6802670117820853
-0.993064,560.349565,0.3211073915552062
1.408419,270.0,0.16015748893643122
-0.05876,568.020367,0.9531639344087135
-0.490313,563.763616,0.624103194230429
-0.020006,567.049671,0.9840456235815048
-0.123348,566.77827,0.9018752601490057
1.455662,508.263013,0.1461034527843179
-1.737724,459.563833,0.08292933636580091
-1.397545,417.914606,0.16299117873360958
1.406129,326.569151,0.16063659481110015
0.929246,475.359564,0.3532332356604697
2.245496,507.14492,0.025166235644124235
-0.253704,559.709718,0.7998174094134483
0.671258,500.341495,0.5023659584701918
-0.904583,504.845517,0.3661178076449345
1.124946,567.034193,0.2610878693642098
1.117213,453.401293,0.2644949227592601
-1.540468,503.077318,0.12407505337412861
-2.65061,566.711018,0.008259213316447014
-6.060062,551.445007,2.522946573856232E-9
-1.798229,363.497406,0.0729703225192927
-0.541011,561.705751,0.5887144827693067
-1.406328,302.0,0.16065486160034825
-0.419538,563.133449,0.674982989001227
-3.225116,528.249578,0.0013371206798296008
-1.024919,567.911257,0.30583776541018226
-0.631249,488.472696,0.5281729917446912
-1.467482,462.225152,0.1429250669128067
-3.264298,515.292258,0.0011702386667283436
-0.759341,567.98708,0.44796361752196323
0.853331,305.06832,0.3941452741929101
-0.176669,557.044984,0.859832604878549
-0.215774,567.993293,0.8292413782020739
2.274312,270.0,0.023732051805396726
0.514013,565.747408,0.6074436065577196
-0.629917,558.070193,0.5290067041653566
-0.329945,542.820963,0.7415688106530001
0.698391,565.455611,0.4852198150914724
2.150067,446.897987,0.03208585037167855
-0.320682,567.984826,0.7485693384846115
2.010427,319.987764,0.045224747824342826
-0.300439,518.667787,0.7639627023225897
-4.857225,527.40162,1.5715618841685652E-6
-2.07622,394.185517,0.038521173251899014
-3.265946,524.590646,0.0011622773469420165
-6.039746,568.016968,2.7915679791850838E-9
-3.856771,500.81959,1.2988344565512643E-4
-4.838396,557.888411,1.6961111379729726E-6
-0.051822,511.311526,0.9586907643832783
0.286312,561.131668,0.774744841998191
0.04752,564.062485,0.9621156104876527
1.790942,563.742965,0.07383897642936854
3.49381,495.87295,5.188256151864579E-4
2.173852,525.317416,0.030162064654716936
1.812911,289.032934,0.07088284723901594
0.202286,567.864813,0.8397655933687393
3.611755,531.156472,3.329893523531524E-4
1.411387,491.580327,0.15876312845224416
-0.657359,543.01064,0.5112286399234104
0.136808,534.916552,0.8912340344512826
-1.99078,302.0,0.047406033718946944
0.032312,567.552527,0.9742345993263948
5.50848,567.481042,5.494423693797046E-8
4.976829,567.89474,8.58180750240578E-7
-1.572907,419.311315,0.11649456206394926
2.837617,508.089815,0.004726859487523605
-1.749313,475.221284,0.08088245816379618
-4.906788,451.468047,1.2949733756799385E-6
-3.941451,468.199798,9.335257688927899E-5
0.508978,558.907094,0.610968512622541
3.496998,556.798228,5.080734319131697E-4
-1.280217,555.915483,0.201002759651429
0.223453,555.388797,0.8232651237073112
-2.715084,478.89766,0.006865225007846383
-1.660289,302.0,0.09789421884091143
-3.423248,478.551953,6.719114233356459E-4
-3.448693,327.652366,6.36887821084918E-4
-0.847953,477.070126,0.3968893690492409
-5.078844,479.397352,5.447378049441376E-7
-5.160461,452.605153,3.6940230522376017E-7
-4.866731,474.833432,1.5466777613785291E-6
-2.705497,400.861901,0.007111219946467588
-6.116749,467.338754,2.0201917446989245E-9
-4.212094,379.064707,3.164619716461012E-5
-0.651597,567.886675,0.5149247863336385
-3.677645,394.655266,2.6801096077138715E-4
-2.042562,558.52814,0.041564814685872586
-1.150445,501.125509,0.25050930962569495
-0.991698,498.215677,0.32182625260085274
-0.57458,528.953941,0.5658196596223566
-0.797749,545.41068,0.4253633407099717
-2.231781,302.0,0.026362917337872174
-1.336747,316.148334,0.18226637499084541
1.265078,277.687466,0.20690394113813992
-1.977165,302.0,0.04893217478096658
2.186567,270.0,0.029632577435376728
-0.523995,536.271507,0.6004985065354633
-2.316861,559.887676,0.020871246292909058
-3.144509,511.623161,0.0017603223825108216
-1.393429,553.301478,0.16404957519253927
-1.349414,554.559215,0.17775465840522353
0.372061,554.347897,0.7099896160042263
0.26937,463.295268,0.7877648955935292
0.302024,564.031316,0.76274509908672
1.41776,270.0,0.1574138686115205
0.317675,550.907069,0.7508518468561587
3.07407,543.456907,0.00221762048161378
0.51699,568.020285,0.6053643781667917
0.880551,457.786793,0.3790229248382846
0.923837,495.861401,0.3560205177365472
-7.4E-5,529.228991,0.9999409846303886
-0.472282,427.499729,0.6369665079889452
-0.33831,562.587233,0.7352558027587132
-0.623524,552.682504,0.5331974715431624
-4.230306,524.799477,2.7540853704325084E-5
-2.175404,394.474293,0.030193026102548506
-1.499049,564.607312,0.13441982297932664
-2.06272,331.643508,0.0399174680670914
-1.355246,485.158522,0.1759698132267813
-1.103516,432.573047,0.2704166486884265
-0.995812,567.03674,0.319766249383973
0.717464,503.35188,0.47342065957815294
-0.916782,563.404071,0.35964914173338836
0.476466,567.282187,0.6339258885436296
-1.244109,566.51092,0.2139739536497144
0.302287,463.873988,0.7625687772679166
-1.238916,553.806265,0.21590143276334983
-3.189116,497.867544,0.0015169736080846792
-2.638095,523.64259,0.008585357874979146
-1.502294,561.300683,0.13358355448896808
-1.416433,507.250408,0.1572625623534034
-0.409338,567.895468,0.6824459719715339
-1.58292,558.31868,0.11400596208452562
1.374327,487.935063,0.16997108489020185
-0.704366,524.90876,0.4815172467302311
0.150134,531.995528,0.8807157985896201
-0.035865,546.385708,0.971403102636802
-0.360713,529.214407,0.7184579398670949
1.633116,387.4747,0.10325688594180482
0.985736,432.546156,0.32481373800712676
0.218308,556.904469,0.8272691138167008
0.907568,454.045548,0.3645879292149443
-2.026905,302.0,0.04355042260561023
-1.763318,450.895263,0.07852414631456621
-2.253298,338.223921,0.02488051084388662
-2.738124,415.596591,0.006444623039588548
-1.269377,556.914779,0.20483683665344
0.013478,567.739258,0.9892511722512145
-0.850642,536.483421,0.3953477406735626
-3.438307,309.771009,6.654680817590143E-4
0.808071,448.211179,0.4194783737668808
1.182465,550.847145,0.23753139116144872
0.756384,531.302854,0.44975424664110486
0.384674,542.396293,0.7006297403999497
-0.07216,557.374387,0.9425004630209083
1.107934,537.321947,0.26838601568945464
3.494907,286.087797,5.494117366651174E-4
1.398192,270.0,0.16320286657908456
1.394655,270.0,0.1642662637610346
1.040189,370.188057,0.29893098653059114
-0.07294,489.20054,0.9418836756642234
0.711552,470.200012,0.4770950950150188
2.178367,485.380993,0.029859223629822518
2.105794,475.020202,0.03574646520453184
-1.964571,340.958099,0.05027571100954269
0.008723,490.069395,0.9930436909565405
0.015635,541.978209,0.9875313368490408
-1.716253,302.0,0.08714120173134798
-2.177755,302.0,0.03019793737483471
-2.47138,319.318637,0.013980609494705205
-1.685506,351.789487,0.09277772792540528
-1.349478,555.783309,0.1777329140514733
-0.889282,542.955201,0.3742453646256011
-3.385317,338.968192,7.943757564173277E-4
-2.08396,373.388552,0.03784322504044729
4.227987,567.425119,2.748028138066516E-5
1.997381,507.491657,0.04631721176533721
0.619206,499.833511,0.5360627794778843
-1.544698,517.493704,0.12303060687663492
2.554096,468.881783,0.01096150675661911
-0.563673,530.139189,0.5732150453779998
1.712142,412.422794,0.08762221124979996
1.283842,465.62573,0.19983573393632126
0.288924,555.282421,0.7727473669089113
-1.396291,302.0,0.16365232589807754
3.343348,525.139381,8.867934616823003E-4
-0.063155,532.845293,0.9496667615599832
2.391935,516.662838,0.017116312166313152
1.614137,375.820667,0.10733696659807368
0.506718,564.119043,0.6125506936892489
0.44786,507.932362,0.6544451904973323
0.889881,337.672147,0.3741633301459646
-0.981743,562.328793,0.3266486652923286
-0.616788,507.779696,0.5376510054955317
0.092252,548.948785,0.9265314796753139
-0.601617,499.209595,0.5477022169301964
-0.992284,477.530756,0.32156153173465074
-2.056573,302.0,0.04058619836033668
-1.517639,467.609303,0.1297811829175166
-0.69526,565.861971,0.4871777810635619
-1.989559,458.986579,0.04723253335494444
-0.188055,544.858147,0.8509035517747421
-0.267761,563.91948,0.7889811988153687
-0.192246,543.350309,0.8476213425361365
-2.49813,302.0,0.01301663581224188
-1.372791,419.315984,0.17055106290922362
-2.020026,302.0,0.044263385448321195
-0.822973,564.120207,0.41087109549543277
-0.075253,531.198312,0.9400417473005436
-0.976794,483.163183,0.3291599510116401
0.537968,567.698225,0.590809975866462
7.660502,563.643072,8.126832540256146E-14
-2.24788,478.651748,0.025038287635218325
-1.06378,524.114415,0.28791823381915427
2.62644,464.612967,0.00891326965378747
3.086394,544.770723,0.002129003512140626
4.790995,537.749963,2.1496334126069883E-6
0.924391,507.597309,0.3557220055721553
-1.987029,554.801893,0.04741052923741119
0.923144,518.082061,0.356361889877566
1.555829,386.428389,0.12056734128110991
-3.522943,323.583896,4.881798125738912E-4
2.068488,305.840598,0.039434349030834204
-3.261422,302.0,0.0012354297452038358
4.782887,466.927317,2.320583389003872E-6
7.096277,564.94023,3.857802965967494E-12
7.703452,566.232461,5.950795411990839E-14
4.112344,543.030492,4.523328581274022E-5
3.90943,544.535095,1.0418640724618733E-4
7.370853,563.438199,6.077360836798107E-13
0.508224,550.404717,0.6114998831833403
4.343482,432.911793,1.7487125923310032E-5
2.987156,497.850169,0.002954730559881158
6.461337,550.476369,2.286424383157737E-10
2.518682,540.816299,0.012066859605396996
1.31376,481.752547,0.18955225389666586
-2.788759,407.216012,0.005539227624399711
0.809145,553.315852,0.4187795391797138
1.453006,352.890989,0.14711071328787928
-3.248942,302.0,0.0012889897662042658
-0.873544,563.570569,0.38273869499360036
-2.029044,312.137015,0.04330219840070278
-2.252135,302.0,0.025031864502815235
1.586657,553.270054,0.11316167211128247
2.730256,552.992805,0.006530301530312865
-1.115343,450.785832,0.26529769550604165
-1.396139,502.185436,0.16328948609565686
0.482555,395.145502,0.6296789462308903
1.672966,316.440918,0.09532225700576591
0.211881,486.141175,0.8322886748144516
0.416964,443.169841,0.6769066367565637
-1.506351,536.172469,0.13256599439542027
0.057087,561.322068,0.9544962068719385
-2.733208,532.467579,0.006480639946828142
-0.504362,532.785127,0.6142155300435749
-0.914538,505.315544,0.3608703969198711
-0.321625,543.887406,0.747860368373445
0.045942,565.648789,0.9633726928627873
-1.212934,535.726535,0.22568961514221964
-0.386703,564.890895,0.699121719991848
-2.351074,546.757299,0.019073414832621077
-0.993731,556.804605,0.32078549062446915
2.107936,338.866968,0.03577049177758718
0.383662,544.54991,0.701378725963457
-0.263332,568.019332,0.7923901920530687
0.481673,541.592811,0.630232827086826
2.773848,545.28707,0.005729531337911986
2.161664,521.996441,0.03109790496855669
1.912759,532.223368,0.05631529154973225
-1.947416,536.003549,0.05200667387696508
-1.285042,548.170216,0.19932030051779215
-4.820455,548.401342,1.8572713161797807E-6
-2.89389,302.0,0.004082047431817753
0.755799,544.974122,0.4500962658918959
3.216351,467.722561,0.0013883111286752126
2.957506,481.573392,0.003253830340163688
1.780946,531.92364,0.07549184727632774
2.734407,566.492197,0.006444827448401025
0.925956,567.415104,0.35486249825013894
0.081508,561.691818,0.935066997712791
1.458753,465.450017,0.1453075761816942
1.961102,537.088564,0.05038341017203929
-0.080653,567.527084,0.9357463484459162
1.584291,464.003075,0.11380879581013748
1.263224,548.208007,0.2070456657234585
1.541389,541.367278,0.12380643298547733
1.076493,557.475684,0.2821724625542632
1.309048,538.384398,0.19107652875597791
-0.756381,567.867031,0.4497344648335718
2.511914,488.76087,0.012329028706961065
0.319093,532.793544,0.7497810545613657
-1.068784,562.662501,0.28562531514313794
-0.001465,567.75379,0.9988316141135072
-0.683988,561.011845,0.4942651667295035
0.612697,566.951284,0.5403223805681898
-0.117838,556.957136,0.9062385029995427
-1.25445,495.022848,0.2102704719564833
-0.437275,566.704293,0.662078507619795
-2.216012,446.20178,0.02719452386422916
2.643792,513.61266,0.008448936746607183
2.226733,521.075667,0.02639174546639733
-1.883756,302.0,0.060558582905310444
-0.920383,541.784712,0.35778226636764965
1.007699,530.030577,0.3140587903716088
-4.099332,503.907528,4.829092636765317E-5
-0.582808,514.524959,0.5602778856594868
0.238517,520.721822,0.8115739658512384
-4.044806,515.581985,6.03806863080381E-5
-3.437047,549.33343,6.326223194831629E-4
-1.772752,519.847833,0.07685534873261726
-3.227653,489.111988,0.0013318635793423774
-1.165461,549.004616,0.24433853919641657
-3.40363,366.223445,7.38515488133012E-4
-2.018077,465.026227,0.04415695382978357
-2.764092,302.0,0.006058886723803356
-0.329198,568.019932,0.7421273796161499
-3.17103,302.0,0.00167509123688851
-1.587819,357.064175,0.11321235399290341
-1.610568,420.0601,0.10802505753602776
-2.047509,501.253713,0.04112881753211514
-2.180599,447.681514,0.029733029656277384
-1.879413,511.318302,0.06075658338383531
-3.081996,565.626285,0.0021562728373985323
0.372145,568.020521,0.7099236897157588
-1.201208,566.595718,0.23017241002891453
-2.530809,364.661006,0.011799780134063794
-2.866541,449.994296,0.004344505448486872
-7.591251,488.827807,1.6186375304117784E-13
-0.710736,513.880038,0.4775702889840784
-4.664994,526.126902,3.919238625760641E-6
-4.247238,565.202797,2.530475727869999E-5
-3.575003,509.085948,3.8358865734428683E-4
-5.375689,503.83274,1.1688889136662092E-7
-6.147474,435.56185,1.780957342140662E-9
-2.422921,414.623835,0.01582372325858606
-4.376483,565.946308,1.4365021874325268E-5
-3.849488,504.859007,1.3356340012574296E-4
-0.066981,568.014726,0.9466203982868465
-1.385299,339.855531,0.16686959194688056
-2.473348,410.163822,0.013789530433683878
-2.794995,439.194108,0.005417447670650621
-1.330223,494.194112,0.18405834403010501
-2.726958,302.0,0.006765877876687234
-0.965865,567.779297,0.3345229472041069
-2.002352,487.899187,0.04579981513134162
1.379981,270.0,0.16873410262143773
-7.576411,502.476235,1.7212130097512096E-13
-3.070925,566.641855,0.0022362807011037473
-2.817125,497.86237,0.0050381014201757324
-1.35755,511.03752,0.175205683193012
0.652102,464.260212,0.514658084709374
-0.518538,550.602373,0.6042912749973453
-2.373719,540.90407,0.017958199155257076
-1.990717,376.107298,0.047235263397031706
-1.657345,302.0,0.09848815037956216
-5.017636,496.566076,7.298760584354436E-7
-5.577923,540.101187,3.8527402920211956E-8
-1.820985,302.0,0.06959854662456086
-6.967379,463.571059,1.1134900406328274E-11
-2.245631,499.340652,0.025164253924575775
-0.553826,545.482204,0.5799248787088278
-3.762483,549.845117,1.863015155686336E-4
0.860931,378.513357,0.389821063672805
-1.195411,467.744904,0.2325321963732544
-2.79531,369.808488,0.0054554221038938195
-2.133575,302.0,0.03368324925044248
-0.958758,565.58139,0.33809033451855286
-2.488507,431.150444,0.013204544051820127
0.574274,488.618701,0.5660466725793514
-3.333199,405.033272,9.375145922979738E-4
-4.003801,466.850805,7.249765953865757E-5
-2.458499,425.026135,0.01434976876270471
-2.924124,541.010519,0.0035990027155639206
-1.808853,302.0,0.07146822957167924
-2.751735,367.883343,0.006221475113753414
-4.208593,366.080464,3.236545956449897E-5
-2.149007,497.608634,0.03211553276303262
-1.975536,302.0,0.049117519692972664
-1.053973,532.714208,0.29237307639569543
-1.527643,363.608928,0.12747059684658335
-0.771757,559.718625,0.44058406845190057
1.273969,553.868816,0.20320871121230288
0.077479,565.55907,0.9382698988092271
1.309352,562.969474,0.19094927206522083
-0.582133,524.564308,0.5607272019026144
-0.819482,538.531328,0.41287398552248633
-0.135131,567.976291,0.8925561747044339
5.208335,330.86615,3.3564965962185056E-7
-1.662117,302.0,0.0975268820999714
-1.873095,567.999027,0.06156863127637695
-1.478028,566.889752,0.13995565167904422
0.983614,391.935814,0.3259121317703366
-3.078294,450.2648,0.0022090621901267246
-1.711332,432.967812,0.08773603020426013
-3.119299,560.090901,0.001906049942974696
0.526703,561.977924,0.5986076761825798
-1.238736,565.738503,0.2159569925802971
-1.774512,567.203246,0.07651481467593836
-1.11583,557.159746,0.26497592383193924
-2.164823,567.949797,0.030817056799362315
-3.411746,429.41315,7.066370791129215E-4
-2.159833,565.780525,0.0312049569316396
-1.173419,568.020499,0.24111961665715886
-1.022219,566.580246,0.3071135175790035
-0.431548,563.946534,0.666234884896719
-1.182307,567.345391,0.23757917636033077
-0.590657,567.742435,0.5549853087706225
-2.051022,567.706384,0.040723237278375096
-1.478824,567.543155,0.13974214441528454
-1.338671,567.08729,0.18121420593766224
-1.343194,567.159843,0.17974638308517987
-0.344396,567.302834,0.7306761230316534
-0.924784,567.119884,0.3554715996975787
-1.113862,563.476563,0.26581329212014093
0.500752,534.111857,0.6167519548317819
-0.174841,548.410611,0.8612691002188025
1.038828,405.447332,0.2995038442017095
-1.999737,560.207158,0.04601104874323189
-1.897429,555.468473,0.05828964366679353
-1.255851,447.492105,0.20982529463660116
-2.343779,546.600245,0.01944677864466013
Gen running time:319.173510681
172622505
