tstat, df, pval
2.297957,601.065336,0.02190674241490398
1.36235,639.037336,0.17356741494288075
-0.751938,522.105682,0.45242717935802834
-2.968099,398.796108,0.0031771838738410213
-0.583521,615.295994,0.5597564510058226
-2.857201,408.353675,0.004492488220998773
-6.270551,419.431675,8.955789579173666E-10
2.009497,538.623609,0.04498274925168211
-1.0,345.0,0.31801136380136485
2.449184,492.905441,0.014665144157613774
-1.0,345.0,0.31801136380136485
-1.008255,547.564486,0.31377739183731523
-1.0,345.0,0.31801136380136485
1.0,347.0,0.3180073272010977
-0.006069,684.046043,0.9951594377845303
1.0,347.0,0.3180073272010977
-1.418726,345.0,0.15688165117922348
3.49464,501.971991,5.167230394091948E-4
-13.087276,449.998886,2.1680506120570505E-33
1.0,347.0,0.3180073272010977
-1.008255,547.564486,0.31377739183731523
0.434391,674.906588,0.6641433735426698
0.282506,678.718779,0.7776416755622206
-1.0,345.0,0.31801136380136485
-1.418726,345.0,0.15688165117922348
-26.508953,613.600955,8.832972001883373E-104
-0.115656,683.368252,0.9079591556147211
1.0,347.0,0.3180073272010977
0.660005,660.240654,0.509480791446935
1.15535,410.432992,0.24861928152725166
-2.70694,637.483574,0.006972558814346249
1.471713,510.808763,0.14171419362660398
-1.418726,345.0,0.15688165117922348
-0.583521,615.295994,0.5597564510058226
1.0,347.0,0.3180073272010977
-1.0,345.0,0.31801136380136485
0.635382,661.426956,0.5253990551766616
1.417885,347.0,0.15712170663497327
-1.0,345.0,0.31801136380136485
1.0,347.0,0.3180073272010977
1.0,347.0,0.3180073272010977
-19.335112,454.207976,3.272936054627467E-61
0.8249,665.334856,0.409724009885017
-1.0,345.0,0.31801136380136485
1.417885,347.0,0.15712170663497327
0.577527,649.045092,0.5637837877836747
12.840247,564.985931,0.0
21.286533,377.600887,0.0
-1.125285,626.093025,0.26089946920520224
-0.448005,576.326264,0.6543179474313887
1.0,347.0,0.3180073272010977
-1.0,345.0,0.31801136380136485
1.0,347.0,0.3180073272010977
1.0,347.0,0.3180073272010977
-1.495853,411.276633,0.13545890147147266
-11.050614,456.055459,2.573974733032852E-25
-1.0,345.0,0.31801136380136485
1.0,347.0,0.3180073272010977
-39.729733,682.735807,1.0531372980097181E-179
-2.673147,345.0,0.00787143439363572
-1.0,345.0,0.31801136380136485
1.942795,370.385056,0.052798405010237914
-7.16517,348.544532,4.659447419465872E-12
-22.805122,619.54445,4.815203879975377E-84
-1.418726,345.0,0.15688165117922348
1.382814,347.0,0.16761110682932223
1.0,347.0,0.3180073272010977
2.011304,347.0,0.04506622485517919
-11.709496,683.965901,5.413077789973347E-29
-2.933568,682.946399,0.0034632054081792482
-2.301159,683.367348,0.021682730156477367
-0.956362,603.428891,0.3392723571748366
1.323781,622.356451,0.18606181358720741
-12.872343,353.394959,2.329291233062256E-31
1.0,347.0,0.3180073272010977
13.540234,392.117016,0.0
-6.401374,589.217498,3.1455888930541863E-10
-35.215334,631.995533,3.63144540317665E-151
2.530267,404.706259,0.011775867317601607
3.918924,347.0,1.071559438008407E-4
-0.486743,675.636082,0.6265983254807864
-1.0,345.0,0.31801136380136485
-0.00449,684.04601,0.9964188194392131
-1.418726,345.0,0.15688165117922348
-3.466278,397.120674,5.853337963533062E-4
-1.0,345.0,0.31801136380136485
-1.357092,396.595641,0.17552381255133875
1.530863,616.156265,0.12631648365865056
1.410505,347.0,0.15928641906284202
-1.54874,628.121827,0.12194790627740393
1.197178,453.084208,0.2318631663502031
-23.805024,476.187842,4.318017151596752E-83
-6.637684,511.009509,8.151945392463833E-11
0.571756,591.824018,0.5677043749291908
1.0,347.0,0.3180073272010977
1.0,347.0,0.3180073272010977
1.417885,347.0,0.15712170663497327
