t-stat, degreesOfFreedom, pvalue
-3.520713,308.661489,4.952696877355835E-4
-1.391203,317.642486,0.1651375124905139
1.116167,502.671885,0.2648839230977327
3.169707,341.175365,0.0016640674000616418
-0.625962,491.455298,0.5316304626319872
-0.848649,445.886762,0.3965319960117145
-0.915771,416.846945,0.36031647802001665
1.497626,455.011462,0.13492381765030315
-0.374976,480.598026,0.7078437320999902
-2.88711,262.761129,0.004211341196676567
-0.635482,423.062848,0.5254576772811259
-2.79579,247.0,0.00558426171477402
-2.199217,402.249138,0.02843095618358441
-1.660873,367.496164,0.09759182701763036
0.066664,489.407121,0.946876418269142
-0.86935,483.765997,0.3850868357230528
-1.321848,505.314821,0.18681685501838852
-0.909779,487.185487,0.3633889401520024
-2.644082,247.0,0.008715831349375787
-7.013364,425.361586,9.203999470713969E-12
-1.85022,368.916807,0.06508123647108008
-2.915836,342.55105,0.00378105837663535
-3.891799,308.34412,1.2196916420120371E-4
-0.795119,366.854952,0.42705840186711386
-0.632758,495.972387,0.5271833029994875
-1.389974,342.954255,0.1654382919704912
-3.343663,462.776819,8.939489501630935E-4
-1.415029,247.0,0.15831947709188687
-1.378095,342.715592,0.1690730168954373
-1.551638,480.795919,0.12140683225258653
-1.948057,503.958411,0.05196291829874524
1.859719,232.0,0.0641910795329228
0.352071,355.595116,0.7249935700487595
-1.177748,354.604232,0.23968689940192567
-2.849029,326.78477,0.0046633843867422125
1.958302,479.681231,0.05077373692117493
-0.903404,435.917418,0.36681046352028324
0.568814,480.619076,0.5697480669319435
2.282513,430.561483,0.022945937981431186
1.452356,329.457406,0.14735432659193592
0.479475,491.123725,0.6318141852307859
1.276011,483.026625,0.2025648609457429
1.172631,497.082124,0.24150545811014523
2.265433,299.828363,0.024199315004445943
0.808899,503.988287,0.41895493037535814
0.154554,498.923573,0.877235436862017
0.938703,436.499161,0.34840237691022136
2.901428,484.040931,0.003883897685668103
0.042668,445.92856,0.9659852866969896
1.838414,503.029697,0.0665908143199434
-2.339826,374.521788,0.019817342584096547
-2.600954,483.794465,0.009581090301979081
-1.070445,288.985907,0.2853122708468937
0.124411,499.209307,0.9010399432591436
-0.003133,475.651327,0.9975015452866977
-0.611709,376.996452,0.5410990126159274
-0.099922,500.510768,0.9204462599447298
0.906918,491.855288,0.36489424972078943
-0.955633,261.799199,0.3401392647564009
0.145764,491.086882,0.8841675065282881
1.038138,444.176108,0.29977060957129753
4.457744,473.052376,1.0354120709932246E-5
0.264142,490.046266,0.7917815476485894
2.35557,328.660778,0.019081413397010527
1.374513,497.595147,0.1699011676172253
3.245499,495.537404,0.0012517308064468047
0.144242,499.421359,0.8853675626094648
3.911641,491.6859,1.0456670555769598E-4
-0.367879,486.161452,0.7131235686093509
0.330048,475.038725,0.7415091905154547
4.041621,363.32805,6.482296290677425E-5
-0.846533,272.81213,0.39799741662698096
0.636134,504.260958,0.5249777032496847
2.757535,232.0,0.006287583673102004
-0.105544,502.0318,0.9159863145577362
2.253012,362.280458,0.024856065398478844
1.024128,457.510725,0.30631600760653654
1.847592,491.0355,0.06526264298087403
1.160207,459.450477,0.24656705358564723
0.12282,493.312758,0.9022996562647734
2.582786,453.667084,0.010112735092731251
1.218251,359.282627,0.22392798704096628
3.172732,478.387677,0.0016072747931359377
2.438552,493.48901,0.015097851747921442
2.200995,502.858657,0.028190071605571854
3.016866,471.917043,0.002691984757236199
2.05949,356.713872,0.0401725928522374
0.636648,487.9579,0.5246526903863518
-2.179443,461.017376,0.02980420114418539
-0.490758,500.039187,0.6238129112026515
-1.226194,456.312026,0.22075807000515413
-2.263323,433.378038,0.024109669611670066
-2.133056,491.990683,0.03341438074417094
-1.696284,247.0,0.09109198574735078
1.21908,500.434772,0.22338813827474446
-1.883849,304.547617,0.060537911130431325
1.01856,494.955072,0.3089095091011198
1.715073,420.582588,0.08706841471308913
0.462016,505.546875,0.6442686024423872
4.255851,499.904178,2.4874210597047863E-5
0.727775,350.798901,0.467236794971186
-0.546196,440.173146,0.5852079407319242
-1.516275,385.851594,0.1302686278129731
0.235623,495.301062,0.8138226166681599
-0.51428,504.925437,0.6072812510539334
1.087599,437.050319,0.27737158724618904
-1.039403,438.446739,0.2991901910961805
1.337189,426.005073,0.18187450291454654
0.780787,499.767504,0.43529744908963663
-1.3129,280.432551,0.19028999614321462
-2.062689,283.657849,0.040052376216885024
-1.558256,441.274791,0.11988944539854307
-1.928514,262.777786,0.05486840396381094
-3.11321,465.688477,0.0019645991695814904
-2.25782,403.345273,0.02449078919490179
-1.050273,377.982468,0.2942636412091243
-1.895447,452.31696,0.05867045611425559
-0.988394,464.906771,0.32347384671650226
-3.841688,344.700224,1.454291688096442E-4
1.706483,445.158006,0.08861560866304341
0.509293,497.629632,0.6107726192085656
-1.410946,462.236604,0.1589331975732995
0.711947,450.259433,0.47686631045652916
0.247594,451.011876,0.8045612300512928
-5.338108,490.469678,1.438568249413416E-7
-2.206456,389.603503,0.027934869089796255
-3.515066,354.269993,4.966956791352124E-4
0.402815,497.903374,0.6872572214336556
-3.20229,352.733081,0.001487413556061861
-0.422186,488.992164,0.6730748186969222
-1.990893,247.0,0.047594497414899246
4.980926,431.37575,9.171706607524754E-7
1.371885,232.0,0.17142438024540407
1.820035,232.0,0.07004227868004742
2.682042,232.0,0.007843461182490907
2.364479,500.620805,0.01843609532828583
-0.726013,491.990135,0.46817602806281167
1.422827,232.0,0.15612954235108112
1.957472,494.763125,0.0508537785629406
1.348059,361.157483,0.1784842964645761
2.212307,380.168266,0.02753927462711192
4.015386,429.78646,7.003495701352058E-5
3.452496,387.517901,6.166661419428898E-4
0.472415,484.091085,0.6368434959385683
2.711639,503.736603,0.006923904802218717
-1.239218,453.310554,0.2159059880879033
0.466064,500.777858,0.6413723422170619
1.31475,503.398119,0.18919257925486122
5.095409,422.207514,5.258726802903624E-7
2.198297,364.108789,0.028556691613486507
0.865811,502.477949,0.3870070139283812
-1.123953,406.922491,0.26169556831670515
4.819571,403.586345,2.0404494947001695E-6
1.84957,492.090772,0.06497496109472589
1.780227,373.571052,0.07585150345549918
-1.417637,247.0,0.1575570226236287
0.733792,381.856933,0.4635258037248997
1.610167,471.74439,0.10803029896453564
-0.300328,503.94337,0.7640508279137688
1.366082,504.612669,0.172521713591963
1.633131,360.704355,0.10331399745114678
2.296764,274.078085,0.022386482763301352
0.76369,504.586256,0.4454089321295087
0.08079,502.96891,0.9356410972233924
0.916728,441.042175,0.359786181721266
1.113919,488.488425,0.265861722549799
1.679915,392.947893,0.09376864950372132
1.487488,433.9527,0.137612210229342
2.138571,346.177069,0.033169912130723844
0.844384,436.839566,0.3989170392258621
0.457694,415.808178,0.6474113650437714
-0.225553,418.919035,0.8216590929064124
2.007401,424.008935,0.04534106916907743
3.909256,375.810536,1.0982143366633501E-4
0.260897,500.053606,0.7942793462622812
1.314433,232.0,0.1899985212730244
1.677916,490.14862,0.09400095545650888
-2.750011,373.75413,0.006248954249341479
-0.806104,491.058776,0.42057307837797553
0.129527,504.207219,0.8969923160915996
0.029543,504.69748,0.9764432032979835
1.038563,411.555693,0.29961779634465513
2.378817,504.680334,0.01773929605745006
3.305486,489.926995,0.0010176473242768935
1.031708,504.443649,0.30270331523167915
4.048234,500.846951,5.977577627191977E-5
2.583042,498.734945,0.010076986800661825
1.131493,477.545786,0.25841552406067336
-0.403506,489.323007,0.6867522856609363
-1.214413,317.62698,0.22549214898336978
1.212263,404.349448,0.22611956832598
-0.439668,495.140062,0.6603694157545638
-0.658823,475.141344,0.5103285686985346
0.185204,503.828555,0.853143562563851
2.839197,501.904263,0.0047061399404386695
2.163683,488.947387,0.03097232894095714
2.206008,482.176853,0.02785429399960493
2.592641,463.440059,0.009825188742527358
-2.494229,267.11554,0.013228002481632063
-0.770425,378.724899,0.4415281480962261
0.403011,444.308724,0.6871339823647524
-1.587932,485.242596,0.11295306514448988
-0.452703,457.622013,0.650977159218739
0.144659,491.696674,0.8850393861035242
-1.288729,302.350359,0.19847751656640666
-0.356607,461.46636,0.7215490312242053
0.088038,502.989679,0.9298815128117401
1.793886,475.994605,0.07346592347626646
-1.587017,351.968139,0.1134067225944233
-1.428761,372.507191,0.15391090680048325
-0.587215,451.190558,0.5573530455150059
0.26766,495.811366,0.7890723494337495
0.42942,503.559168,0.6678012734150451
0.9828,399.40323,0.3263008362667805
1.087325,410.084454,0.27753186406206365
0.20887,505.705912,0.8346338285594079
-0.26468,504.248403,0.7913641384338324
2.922552,497.438839,0.003629793298456141
1.370016,422.57772,0.17140935343853836
2.779755,325.391473,0.0057564169572952295
-1.982121,274.102407,0.04846428792907811
-4.816429,469.34912,1.9753156231117588E-6
-7.3748,422.270479,8.779500724560692E-13
-1.822691,465.299564,0.06899181958788571
-1.416162,247.0,0.1579878974732447
-1.385008,247.0,0.16729965700357508
-4.341406,371.624957,1.8277966094148018E-5
-1.916207,388.302082,0.05607264580237975
-0.130065,489.650409,0.8965684146602686
-1.742716,393.074906,0.08216525984973434
-3.325713,431.381498,9.573278040858166E-4
-1.618324,476.105286,0.10625503377652556
1.739457,285.102432,0.0830336575186521
-0.183277,504.389464,0.8546543289086378
0.391027,473.909703,0.69595301066449
0.744205,504.945141,0.45709864121340926
2.628904,384.213914,0.008909798088813758
1.348132,415.54016,0.17835033431918834
-1.773493,351.144369,0.07701371979692977
0.549464,502.084278,0.5829313640711211
0.676274,505.583629,0.4991759416871493
2.978688,379.672263,0.0030808174637497743
0.866291,502.356311,0.386744152167799
1.689175,395.312153,0.09197440297836601
-3.879396,357.203616,1.2466605802871972E-4
-7.07772,412.379593,6.342690893423556E-12
-1.820092,381.173073,0.06952912843455097
-3.898275,422.587456,1.1263908119035387E-4
-6.850645,491.338076,2.2069515447132385E-11
-4.439456,330.819702,1.2305839592516855E-5
-5.424687,448.256138,9.5161786555901E-8
-0.490822,413.540043,0.6238126950837313
2.089373,498.658728,0.0371804071924422
2.597112,505.510535,0.009675032119507376
4.232842,423.005498,2.8322208990294584E-5
3.307685,477.668394,0.0010116792239127648
2.338815,286.063958,0.020033569308555155
0.427949,496.884454,0.6688736716390506
5.07589,460.257736,5.608751829644376E-7
2.175608,377.360389,0.03020460556455462
1.377483,442.571733,0.1690591591912638
1.001903,282.4989,0.3172478480216534
-1.737053,247.0,0.08362443209198603
0.717555,494.610327,0.4733704600850439
3.894351,498.631199,1.1187252745403775E-4
4.764018,502.453196,2.4873643242884214E-6
-0.423065,481.561688,0.6724367002959297
1.581123,500.781056,0.1144812725221791
-1.568571,408.43183,0.11752231289983006
-3.541159,408.41041,4.442882505196588E-4
-3.453525,367.575437,6.17817451873477E-4
1.05132,505.549321,0.29361390758118056
2.720681,504.960381,0.006739510472688837
-1.396312,447.50223,0.16331277371748487
0.291955,505.552008,0.7704407957782491
-2.235489,413.925042,0.025917814512555693
-0.935538,407.455753,0.3500652342126128
-3.249113,380.087193,0.0012607450436491006
-2.615012,294.686221,0.009381530634553553
0.789863,382.972489,0.4300965557085372
-5.926579,407.426522,6.594044288174044E-9
-3.91978,406.395936,1.039892751709932E-4
-5.624867,329.179622,3.9700371233615334E-8
-2.409798,357.18472,0.016466348092552863
-0.72069,461.853919,0.4714648750053281
-5.562203,361.19539,5.1928211772982896E-8
-3.23606,340.842753,0.0013307699141558644
-2.087574,476.646067,0.03736672721579975
-3.443094,330.095243,6.491724039334788E-4
-2.673133,454.353486,0.0077851436571996484
-1.93265,311.3006,0.05418622785356129
-0.5945,434.134276,0.5524874324225691
-1.487929,392.208045,0.13757315506011858
-0.971728,431.147445,0.33173071544228594
-1.789974,247.0,0.0746829390686627
-1.202018,247.0,0.23050769295264706
-1.973409,247.0,0.04956369781338544
0.919178,426.020606,0.35852260892505994
1.167507,484.900059,0.2435794512088938
-2.564981,483.257604,0.010618956794848797
-3.055727,412.63843,0.002390945701129485
-0.698843,501.270261,0.4849742585951228
-1.737421,413.097283,0.0830581832261389
-0.846967,391.612173,0.39753080550085773
-0.832673,499.990032,0.4054267259601475
-0.303045,458.347735,0.7619930608309787
-0.239556,505.247177,0.810771628623943
0.49536,409.209868,0.620611919414302
-0.090241,505.000892,0.9281314836922038
3.825214,469.910932,1.482907938110678E-4
-0.737546,488.233211,0.46114469055611806
1.849125,340.018868,0.06530757079026528
0.424114,505.500371,0.6716630991556491
0.367298,486.835863,0.7135563547164203
-1.359248,474.080445,0.17471422983173746
0.704628,499.90503,0.481369901893131
-3.275967,460.122062,0.0011325808361329003
-2.760296,247.0,0.006207895374411484
-2.11865,247.0,0.03511864396995254
-1.656454,247.0,0.09889964988546351
-1.993649,412.053758,0.04684919845308163
0.08958,482.27456,0.9286581669636367
-0.519008,501.441098,0.6039841399802394
-0.277505,476.818289,0.7815126417139892
-0.817776,335.564622,0.4140653812741827
2.348621,269.569284,0.019565615373293044
-1.825251,443.993937,0.06863483526209614
0.341116,458.45101,0.7331725339640811
-0.582765,497.778675,0.5603154002773445
-3.978098,415.275717,8.195938269168478E-5
-0.184891,499.405157,0.8533895898331758
-1.564805,397.207455,0.1184249503932584
-2.473142,247.0,0.014066842825914156
1.517323,505.378017,0.12981041273885063
-2.095927,457.943811,0.036637000168259215
-0.769503,481.357268,0.441972195714219
-0.328549,462.986553,0.7426451482059071
-3.399276,430.227866,7.386387841844111E-4
-2.506714,426.055194,0.01255738010780743
-3.464697,295.237225,6.095247526745944E-4
-0.819691,473.744211,0.4128044726796507
-3.628747,290.618846,3.363717344242138E-4
-2.160875,294.075381,0.031512232118766206
-1.247576,255.683924,0.2133277963019382
0.372663,502.099901,0.7095565328643378
-1.123914,342.991945,0.26183549854935795
-2.703804,247.0,0.0073314082186695505
-2.350633,351.701124,0.019293212500705387
-5.364866,445.574113,1.3046681510050026E-7
0.761847,496.400505,0.44651312972832025
-0.00534,505.1017,0.99574142503895
-2.581972,310.478014,0.010281733219497555
-0.335977,504.514733,0.7370278908488008
0.728733,504.886366,0.4665028806139895
2.531194,473.696893,0.011689961279939931
-1.536645,473.561708,0.12504810735048755
1.257156,419.562177,0.20939651398896375
-0.29562,505.131581,0.7676417777280825
3.917334,310.664797,1.1013218572153427E-4
-0.241237,505.283709,0.8094692956620377
-0.290442,456.454949,0.7716100236658076
-2.092864,372.977316,0.03703650076510724
2.201539,403.856789,0.028262788222377377
2.787676,344.671808,0.005603121985550352
-1.469592,401.469624,0.1424554746062645
-0.489866,459.17942,0.6244626784164362
1.167415,393.204573,0.2437502520085053
-1.887224,247.0,0.060302772622095706
-1.885737,247.0,0.060503882781533895
-1.82244,261.20231,0.06953156258191488
-0.793174,362.314433,0.4281955567411848
-1.493326,463.111252,0.136032832719575
-2.348891,369.120782,0.01935606184657227
-1.94155,247.0,0.0533288294965281
-3.390599,297.501345,7.916441652025525E-4
-2.695189,273.265835,0.007470959494463649
6.273046,491.51154,7.77039321775419E-10
2.479959,476.30983,0.013484386071723087
1.317398,443.24581,0.18838582105309376
-1.51165,412.371763,0.13138884875400658
3.467376,369.767957,5.874175548947758E-4
1.174283,461.670679,0.2408870564165866
-1.869406,328.214689,0.06245663903752984
0.465001,486.474084,0.642138806645864
0.568738,482.529257,0.5697985571277817
-2.534746,301.742454,0.011758108160664443
4.242331,486.952327,2.6486275188641883E-5
2.921814,474.774691,0.0036459018702683643
1.442597,407.794093,0.14990164712964837
0.105663,481.734622,0.915893720069964
-1.099111,429.263568,0.27233570120911665
-2.908151,334.777238,0.0038784978146636064
-0.928487,404.469133,0.35370876101826554
0.267901,453.743963,0.7888972641486074
-0.291099,424.981242,0.7711176211779501
0.845709,325.507196,0.3983363396312152
0.237151,489.393361,0.8126388871295036
-0.460289,487.489408,0.6455140350442101
-2.077209,382.947019,0.03844834432092819
0.154907,482.509103,0.8769594117191346
1.261684,358.367451,0.207883099936236
-0.325123,410.360052,0.7452536753331958
-2.210945,247.0,0.027956256183883216
-0.050504,501.732073,0.9597408610894664
-1.095913,413.378431,0.2737549032630978
0.71013,485.188635,0.47796468697994987
-0.752086,373.418458,0.4524731292871419
0.06334,505.356012,0.9495208092630958
6.892469,500.902372,1.655098280650691E-11
-1.329151,407.726099,0.18454141978539151
1.973256,232.0,0.04965343229373165
2.219951,464.566995,0.026904051222278236
3.661114,495.793831,2.780926364751579E-4
4.231834,482.678939,2.7749953587230536E-5
1.777837,287.573169,0.07648729857466141
-3.177686,352.707587,0.0016156965801564442
0.335619,502.672931,0.7372982233749099
0.734402,421.4719,0.46311214519250044
-3.432279,247.0,7.015829097681342E-4
1.813787,392.981052,0.07047309553403958
-2.178811,247.0,0.03029136302503485
4.676158,395.533477,4.017138313328061E-6
6.75572,501.229742,3.9534597817691974E-11
6.832196,505.341198,2.4127588815758827E-11
4.263148,497.835748,2.412049315103637E-5
3.358482,493.371028,8.443472025034815E-4
7.179376,499.554946,2.552402733613235E-12
-0.182136,504.855647,0.8555491058245279
3.452646,381.42066,6.173449192217184E-4
3.031238,426.208475,0.002584029185214609
6.814223,478.60309,2.8590685374751956E-11
1.586901,502.579392,0.11316398977724718
1.381878,413.788271,0.16775472448493067
-2.558327,299.778837,0.01100914079251976
0.603385,504.17401,0.546523946622488
-1.949517,247.0,0.052365430886893403
0.030614,504.509207,0.9755894837155403
-1.940852,261.510412,0.0533507314676877
-1.41409,343.981655,0.158239909570698
1.471328,496.056805,0.1418365037300191
1.934714,504.906464,0.05358364442051511
-1.405387,338.680313,0.16082285642456384
-0.186896,468.234923,0.851823126651063
1.584881,270.71997,0.11416076869476166
-1.486588,313.817244,0.13812763301745
-0.705757,399.740869,0.48075034907501746
1.951765,417.798367,0.05163385405933396
-1.302174,416.390617,0.19357674382176215
0.203299,501.565084,0.8389837869704073
-2.195732,406.980542,0.028674887552513708
-0.702225,400.779541,0.48294648107183613
-0.795227,318.620155,0.42707345825851983
-2.217298,338.019631,0.02726749716320494
-2.691338,297.636642,0.007519089069126418
-1.417403,247.0,0.15762531851545725
-3.068914,359.033299,0.0023117527868116716
-1.669417,448.584705,0.09573242455390274
-0.144391,478.672119,0.8852524949218549
-1.022922,388.157417,0.30698181327478136
1.10951,480.805399,0.26776485082395984
2.910032,287.872816,0.003895976397590095
3.536799,471.483691,4.450611007356109E-4
4.113311,427.864231,4.678685952930195E-5
2.092454,464.624816,0.0369399240793844
1.681011,434.229409,0.09347986255321317
2.491604,322.279803,0.013219194269225909
-6.033485,465.670483,3.2755219263517654E-9
-2.950374,258.767481,0.0034646899247086564
2.330605,481.649127,0.020186179532812876
3.219848,421.226627,0.001381920838173345
2.700752,462.711521,0.007172070299900968
2.14214,476.029162,0.03268892819213565
2.695733,486.792111,0.007266541639633806
1.839653,501.080954,0.06641054963263171
0.718991,505.632538,0.4724786033997619
1.29584,447.129142,0.19569913338658917
2.485006,483.355061,0.013292166547038242
-0.089478,502.629766,0.9287376790549258
1.053175,458.749838,0.2928151881289274
1.781001,498.201181,0.07552147570036793
1.715527,502.067217,0.08686560891773532
2.746992,492.473846,0.0062348327024672745
2.578109,463.69716,0.010241754670344605
0.300985,501.989985,0.7635505574516195
4.061807,330.238341,6.0878208776982135E-5
0.774077,476.869363,0.43926884663971144
0.089224,505.451355,0.9289392340390175
1.468065,504.232527,0.1427100716384433
-0.636586,494.612769,0.524689036343067
1.168823,505.580781,0.24302575203733467
0.483822,505.626855,0.6287216686730843
1.838752,353.602341,0.06679010588476153
-1.257266,480.852849,0.20926763447601326
-1.669502,267.813683,0.09618635622679883
3.201423,460.637126,0.0014621013839453134
1.882302,474.352891,0.06040688984119358
-0.385391,500.484592,0.7001114904579135
1.603957,424.782138,0.10946675084207835
-5.828037,399.355922,1.1568347774406112E-8
-1.679202,247.0,0.09437716924796502
-5.710232,371.483984,2.31263215806137E-8
-4.875637,424.810057,1.535153058094646E-6
-3.04059,247.0,0.002615385001538063
-4.172968,391.157246,3.7075983580635104E-5
-1.636142,446.023903,0.10251527456744614
-2.448672,389.32214,0.014778668582780622
-0.236385,487.470544,0.8132332269098752
-1.520784,290.90584,0.12940020841778466
-0.25047,456.565271,0.8023365724903241
-2.512132,247.0,0.012638937090624563
-2.353964,309.315219,0.019199626841805716
-2.840994,356.352858,0.004755817248358689
-1.979998,247.0,0.04881365950892602
-1.691868,478.679134,0.09132195137042842
-1.705893,450.724601,0.08871691002417514
-1.899955,496.168343,0.05801850842561127
-2.89042,454.460658,0.004031495435138078
-2.249951,341.980232,0.025087382368457777
-2.61241,392.801423,0.009335541306288535
-6.750691,419.03299,4.919912104379741E-11
-0.540327,505.603559,0.5892094654197491
-4.276397,480.030585,2.2927647354702554E-5
-5.087348,492.598739,5.171847722038229E-7
-3.683178,440.815126,2.5895528115847606E-4
-5.267192,440.71099,2.170796908936741E-7
-3.997456,417.136006,7.571240135359682E-5
-1.371854,451.617315,0.17078997878137991
-3.989132,502.599069,7.617585128225498E-5
-4.306693,434.005163,2.050954054978393E-5
-1.697414,247.0,0.09087796931013625
0.815721,442.664371,0.41509842383963513
-0.876914,431.490722,0.3810213047561051
-3.411494,266.062354,7.46549988622257E-4
-1.696502,328.499866,0.09073815259209128
-3.103518,247.0,0.0021349649788840273
-1.000102,482.072304,0.3177628777672842
-2.983016,303.209618,0.003086026007473974
1.411493,232.0,0.15943899915512083
-6.390861,457.191478,4.071754158856823E-10
-3.792101,497.079482,1.6774724731982176E-4
-3.841563,367.134466,1.439992700340877E-4
-1.414202,376.087716,0.15812989222596296
-0.122284,491.125277,0.9027241231358443
-2.218379,463.248367,0.027013103381451794
-2.054532,308.505151,0.04076629305375151
-1.646268,247.0,0.10098034800889866
-5.518166,404.296173,6.129896578165864E-8
-5.050418,468.887449,6.324274221563279E-7
-1.16384,322.166433,0.24535005681855082
-1.862143,247.0,0.06377040788799285
-7.766876,360.874595,8.416631616842922E-14
-1.405759,503.390981,0.1604126049853165
-0.504387,494.738112,0.6142140085771217
-3.724015,401.954279,2.24085985312316E-4
0.191336,448.444874,0.848348956298272
-1.325423,247.0,0.18625552631618403
-2.837362,290.256732,0.0048692727570574
-1.901312,426.277468,0.05793520862149438
-2.06604,429.857778,0.0394232941416738
-0.156829,505.610603,0.8754422195502304
-2.694451,387.615774,0.007357069719038671
-3.921819,394.469963,1.0363325423696843E-4
-1.762661,435.962119,0.07865831218990114
-3.588449,448.883481,3.692664308595737E-4
-2.067936,247.0,0.039687351795455614
-3.84021,314.382329,1.4867117975252906E-4
-1.536147,425.570668,0.12524544086096545
-1.413124,247.0,0.15887818207286986
0.109482,498.439765,0.9128642606385116
-0.431135,395.588465,0.6666050497615557
-1.386378,440.142436,0.16633336474258797
0.364353,504.771561,0.7157470068159337
0.471596,329.134926,0.6375276440737125
2.371325,492.36741,0.018108267782591225
-0.249011,505.668894,0.803453379856713
-0.408517,505.727425,0.6830670702473823
3.508759,382.640246,5.03759351321742E-4
-0.925759,419.386987,0.35510363522815636
-2.5696,487.744923,0.010477586121253477
0.099605,505.720818,0.920697394872994
0.764832,430.528932,0.4447906104137833
-2.257844,373.069929,0.02453275098234191
-1.965237,247.0,0.050507421101169854
-4.500797,503.648309,8.41688056510759E-6
1.264196,496.796878,0.20675248964601867
-2.120689,503.251093,0.03443644380643588
-0.863102,503.637112,0.38849220729472944
-0.9785,458.284819,0.32834333527419546
-2.222069,498.144649,0.026727075813873204
-2.83667,287.526274,0.004882645724369481
0.843113,478.554221,0.3995864482405713
-1.581255,489.770174,0.11446528595058714
-1.704125,497.908401,0.08898163297389772
-2.199637,478.863185,0.02830977572971591
-0.951512,505.385788,0.3417993550432442
-0.704747,498.589183,0.48129676020814527
-3.102067,496.562671,0.002031127408659712
-1.102896,488.743437,0.27061509385490823
-0.18623,459.132474,0.8523466507478747
-1.685588,485.211406,0.09251810576360842
-1.238207,501.612901,0.216218496695185
-1.071372,504.102527,0.284514856628463
-1.361361,504.992082,0.1740067351158513
-1.485614,302.288394,0.13842337111022895
-0.764567,378.650084,0.4450056351535614
-2.235637,477.53492,0.025836926935379183
-1.475084,486.801015,0.14083641114410994
-2.588841,434.573044,0.009952917061155912
