t-stat, degreesOfFreedom, pvalue
-3.393688,94.0,0.001011010330273445
-1.3467,94.0,0.18131494036867535
1.998266,99.999113,0.04840294703757775
1.698956,110.0,0.09215408579375683
-1.965428,100.558241,0.05212298609229012
-2.00512,107.557659,0.04746201140980652
-1.581306,106.702814,0.11676787441178638
-0.37881,163.17937,0.7053213804363174
0.986365,149.459014,0.32554813902910795
-0.736018,152.603668,0.46284957523245396
-0.523816,164.048247,0.601113467516354
-1.401661,117.123692,0.16366097166120375
0.166406,169.548783,0.8680357306751469
-0.696084,140.407187,0.487526869640169
-0.852555,151.72629,0.3952499026549583
-2.249804,103.138415,0.02658542488106448
-1.632877,107.62083,0.10541733082808202
-1.0,94.0,0.31987780624076745
-2.872932,161.608101,0.004613303930105154
-0.310885,156.853981,0.7563008001438956
-1.727953,136.233927,0.08626260750126225
-2.527857,112.387327,0.012865262500271259
-1.0,94.0,0.31987780624076745
-1.43081,94.0,0.15580071639788606
-2.357747,158.001299,0.019610904448827484
-1.189379,129.202983,0.23647173247460918
-1.880539,108.631268,0.06271291132013247
-0.577968,158.082601,0.5641081050271248
-0.551966,170.447734,0.5816946294160438
1.649417,110.0,0.1019151797655895
-1.677625,105.850535,0.09637082472039438
-1.940851,94.0,0.05527220166232569
-2.012643,94.0,0.047013159707179945
2.019167,92.250183,0.04637212575846328
-1.363978,128.072603,0.17496682490111226
0.495686,166.746442,0.620768627077317
0.491297,156.358896,0.6239053099806438
1.796445,94.064572,0.07563374825653368
1.0,110.0,0.3195052347699079
0.093469,170.248699,0.9256408822400561
0.52803,162.277407,0.598199816352033
0.302728,170.101848,0.7624670365057633
-0.339927,169.471583,0.7343324363894469
2.27222,121.468733,0.024831858357683645
-0.100034,170.381492,0.9204349397816423
0.363129,164.388405,0.7169750317016839
1.421128,110.0,0.15810828217301331
3.194166,155.196259,0.0016985709342141053
-0.043386,170.576064,0.9654445831839241
1.810743,137.594237,0.07236236121619721
-0.17434,160.75126,0.8618176357082777
-1.039425,149.182721,0.30028882239702415
-1.523737,129.340426,0.13001577273029385
-0.546955,150.422667,0.5852201422531631
-1.430574,94.0,0.15586821818143481
-1.0,94.0,0.31987780624076745
-1.829954,94.0,0.0704262349101858
2.199596,140.899753,0.02946554890004749
1.788987,90.04037,0.07697968378074016
1.667743,89.745596,0.09885259258269663
-0.478469,130.822582,0.6331150894538096
4.372695,166.275379,2.157584841300242E-5
0.437846,117.991803,0.6622983952931829
0.661316,112.334629,0.5097638125831523
-0.20621,169.737009,0.8368740110469848
0.888211,169.028447,0.37568945650583174
1.213046,139.636483,0.2271603267610094
0.289179,166.404637,0.7728043587109128
1.389476,160.417093,0.16661357066494675
1.687178,99.448623,0.09470345577411532
2.129695,110.0,0.03542653084006897
1.196326,114.151895,0.23404827465166989
3.17975,149.973694,0.001791099129301088
0.735841,113.328482,0.46334774311597826
0.732737,158.879831,0.4647984965493235
-0.173692,162.610004,0.8623235611139493
0.994679,156.772723,0.32142518390582353
2.034838,113.752238,0.044192176926545645
-0.589368,160.23893,0.556444468287081
1.933884,145.306572,0.055071121703155645
2.786353,109.961528,0.006280181355570402
0.272704,149.677281,0.7854566257806566
1.872249,110.293348,0.06382088209897763
1.862634,146.67933,0.06451394163948088
0.299277,169.299478,0.765095778678123
1.977585,146.002915,0.04985834485763907
3.29635,150.429027,0.0012219851885841848
3.265291,163.469643,0.0013321406377375666
3.647812,143.372858,3.694298533143403E-4
0.591561,169.382084,0.5549332801343374
0.26211,161.157991,0.7935713658156962
0.081272,168.079404,0.9353223361670548
1.422456,110.0,0.15772349552240494
0.367473,168.009529,0.7137287114914677
0.542293,170.884027,0.58832316405523
1.218392,166.634696,0.22479724792527778
-1.0,94.0,0.31987780624076745
-1.0,94.0,0.31987780624076745
2.433291,92.18619,0.016891114314930622
1.554036,131.40574,0.12258100973593944
1.518875,110.0,0.13166299063324183
2.850822,96.571422,0.005332043855637236
3.163636,164.668476,0.0018558569301876382
-1.413457,94.0,0.16082446801364336
1.373056,110.0,0.17252745257000024
-1.0,94.0,0.31987780624076745
-2.370278,109.06419,0.019530892628545495
-1.464833,115.446931,0.145684482497337
-1.527587,147.430613,0.12875770257493946
-1.820006,97.225419,0.07183501310026653
1.0,110.0,0.3195052347699079
-0.334634,149.727493,0.7383695006428441
0.180787,170.71709,0.8567492108341037
1.672134,110.0,0.09734010612629085
0.257904,169.716803,0.7967934603508859
-1.753997,94.0,0.08269021071140513
-2.132689,94.0,0.03555591246792039
-2.404267,94.0,0.018165476374290643
-1.784701,94.0,0.0775358358156862
-1.0,94.0,0.31987780624076745
-3.987945,121.299136,1.1437091917962788E-4
-0.142185,159.805893,0.8871129799327474
-2.137702,94.0,0.035135310690773684
-1.0,94.0,0.31987780624076745
-1.170414,149.068191,0.24370212589616602
1.0,110.0,0.3195052347699079
-0.891691,113.782144,0.3744403903440997
-0.819851,134.268208,0.4137540519871229
3.582391,140.210732,4.686739848918098E-4
0.127386,170.405533,0.898785093128343
-0.628354,170.888786,0.5306109588770895
-1.397332,94.0,0.16560331338625034
-1.561073,129.850262,0.12094046275810832
0.478986,157.357405,0.6326135209971375
0.0925,163.412303,0.92641409448547
0.288531,138.723409,0.7733709832307663
-0.638029,170.061741,0.5243129884762545
-3.025808,165.348557,0.002876428416559574
-0.220754,165.790321,0.8255556079175035
1.0,110.0,0.3195052347699079
-0.71787,165.342773,0.4738505106938622
0.204932,150.353875,0.8379024238550745
-2.135273,147.986604,0.034385015252837256
1.381268,150.548881,0.16924326410845159
1.0,110.0,0.3195052347699079
3.047081,163.865951,0.002694174564653151
-0.965742,119.956137,0.33611625735079986
0.87883,149.548224,0.38090332519328696
2.188859,165.177468,0.030010457052292994
0.241004,167.962352,0.809845957039806
1.678922,124.984062,0.09566567859959774
1.573503,155.734658,0.11763176810534604
3.509395,112.600081,6.467397975613576E-4
1.584827,170.255627,0.11486130432389197
0.961418,170.567772,0.33770297640725877
1.548445,82.585186,0.12533899510203472
3.156956,163.312903,0.0018990162291530055
0.396338,170.800836,0.6923504031590801
1.788205,110.0,0.07649598713909
1.039291,132.467087,0.30056268288089916
3.006648,168.625399,0.003045534337944744
-0.158519,169.435711,0.8742366273355466
2.489328,141.453768,0.013957296946191411
2.792789,129.569317,0.0060180182607421084
3.978343,145.074154,1.0919421760768877E-4
-0.129134,170.915016,0.8974034562870203
0.312003,135.410286,0.7555181495727716
3.438049,110.0,8.282914470152392E-4
1.961932,110.0,0.052296649722761934
0.215747,170.869839,0.8294422867164633
0.387313,170.472888,0.6990076196841835
2.775917,121.618621,0.00637562853134388
1.023221,125.523253,0.30817129896968654
2.178924,161.62363,0.03078530208740049
1.0,110.0,0.3195052347699079
0.962239,170.86542,0.3372893351181192
-1.055158,139.616506,0.2931755634340899
1.678219,104.092705,0.0963042978824944
2.003449,110.0,0.047587721056073784
-0.098605,164.015093,0.9215723065464925
2.152846,110.0,0.03351557590281917
1.422979,110.0,0.15757215433335414
4.2371,90.01827,5.461546454488264E-5
3.219608,82.839819,0.0018340566819743387
-1.758661,94.0,0.08188953516704803
-0.901897,102.780764,0.36922025715329954
-1.433486,94.0,0.15503689074190796
1.834743,98.006086,0.06957723887215006
0.369097,166.558196,0.7125242095060629
1.0,110.0,0.3195052347699079
3.694998,105.187357,3.5098139295053343E-4
0.287789,164.835807,0.7738697694472743
0.617211,141.501156,0.5380874745210251
2.578307,114.723283,0.011194183842082372
1.440023,145.142858,0.15201436045505234
-0.566712,130.149973,0.5718858928217143
0.181343,162.49062,0.8563243619206218
0.203574,168.390066,0.8389322158094523
1.0,110.0,0.3195052347699079
-0.860751,130.440352,0.3909545870461394
1.346365,110.0,0.1809526780207502
-1.0,94.0,0.31987780624076745
1.907211,102.351928,0.05929684529669177
1.672179,110.0,0.09733121132288614
3.986438,163.929024,1.0078275155689376E-4
3.407051,141.241357,8.556522022529212E-4
2.844503,108.22193,0.005320179970318417
4.132844,156.835156,5.816102546174484E-5
2.727264,121.179262,0.007334965623218448
0.11616,133.085475,0.9077008354532772
1.0,110.0,0.3195052347699079
-1.0,94.0,0.31987780624076745
1.421271,110.0,0.15806681347763885
-1.244952,147.122156,0.21512877300321176
0.410286,170.917879,0.6821099986388177
2.397162,166.187223,0.01763201394466063
1.268438,147.890433,0.20663460680649504
2.797932,125.98683,0.005951580442975057
3.193856,152.487055,0.001705842435447913
-1.0,94.0,0.31987780624076745
-1.312591,94.0,0.19251661548961274
0.458476,159.349582,0.6472351697167915
-2.093999,99.128949,0.03881118974354297
-1.0,94.0,0.31987780624076745
-1.0,94.0,0.31987780624076745
-1.039263,153.701387,0.3003145368057515
-0.937272,117.289012,0.3505446300460757
-1.0,94.0,0.31987780624076745
0.895804,125.831835,0.37206793510478153
1.635681,120.38868,0.104518262638849
-0.517012,170.808403,0.6058165970703515
0.52793,170.799285,0.5982331189499972
1.563557,110.0,0.1207940747815921
1.199098,138.244566,0.23254110929308913
1.316444,82.115772,0.1916877163890358
1.48086,143.922025,0.14082979641357918
-1.0,94.0,0.31987780624076745
1.0,110.0,0.3195052347699079
-1.252091,113.45457,0.21311177533892367
3.00782,169.858524,0.003031381787649945
-1.07795,98.74176,0.2836824465112394
1.527285,102.92691,0.1297574369572252
3.112861,85.166577,0.0025228184778334217
-1.907152,124.049334,0.05881318842730239
-0.527918,143.182487,0.5983734381907868
-0.816634,170.218443,0.4152790436871394
-2.946364,154.60034,0.0037133184792747563
-0.21413,164.995979,0.8307100778231368
-1.944625,101.956838,0.054575274994576234
1.9581,110.0,0.05275054432678372
-0.289749,155.456686,0.7723943653393648
-1.0,94.0,0.31987780624076745
-1.543481,170.325029,0.12457002119646643
0.431935,141.270192,0.6664471863825283
1.0,110.0,0.3195052347699079
-0.201534,164.512579,0.8405300228009898
-2.269094,143.818128,0.02475048611982384
-0.456571,170.196018,0.648561560403742
1.0,110.0,0.3195052347699079
0.190839,170.872102,0.8488782881695718
-0.47101,131.541388,0.638413765696387
0.166511,169.691847,0.8679530667125561
-0.189044,170.817717,0.8502827563972313
2.570117,129.910046,0.011294364818280833
-0.431985,160.580841,0.6663318027169447
-0.887483,155.969825,0.37618540587943927
0.409019,169.216639,0.68304292355474
-0.940405,161.253668,0.34841644729601984
1.98674,110.0,0.04943757217519695
3.106693,157.762053,0.002244099556378387
-0.336341,166.749809,0.7370366137769749
0.978583,144.408983,0.32942259643449123
-1.434353,162.285053,0.15339570208997821
-4.024947,138.858911,9.327180950407888E-5
-1.744405,94.0,0.08435715031486173
-3.308964,118.882756,0.0012396087793316254
-6.443278,170.527565,1.1513129117783858E-9
-1.462074,167.441654,0.14559522967233784
-2.701021,169.733006,0.007613772998187755
1.392588,110.0,0.16655292838986968
1.0,110.0,0.3195052347699079
1.0,110.0,0.3195052347699079
2.609245,157.369392,0.009949378935404818
2.194229,168.176023,0.029590066158970085
1.621783,165.58464,0.10675237811213734
3.208601,128.140854,0.0016853176585021057
-1.427824,103.027062,0.1563667475520122
3.846677,83.774038,2.3276653324622032E-4
0.749456,166.639496,0.4546391077022385
2.352561,110.0,0.020422384605058186
2.713782,164.764627,0.007359685647089664
0.904067,126.91919,0.36767268760952043
1.798452,159.309848,0.07399868476753335
1.358875,110.0,0.17696601001520174
-1.0,94.0,0.31987780624076745
-0.520068,105.625559,0.6041044859215579
0.483903,167.613793,0.6290863313299635
4.612651,169.154293,7.815557288903818E-6
3.36694,170.488558,9.394059134606447E-4
1.621263,110.0,0.10782430009844135
5.015109,119.635721,1.860175599333047E-6
-1.0,94.0,0.31987780624076745
-1.448563,170.59163,0.14929522639240733
-2.376965,151.106148,0.018707766853688326
1.467381,164.375519,0.14418319325979145
1.337521,170.770374,0.182831275237064
-1.841691,151.48061,0.06747601254280089
0.938693,93.912993,0.3502963691214973
-1.507514,168.566912,0.133550795653276
-0.051597,170.890931,0.9589100715137805
-2.225199,157.42253,0.027489291790794675
-0.768406,169.691884,0.4433140682354645
-0.1045,155.60687,0.9169071415455696
-4.687415,134.729103,6.691343181679104E-6
-1.927517,143.580565,0.05588968025771951
-4.655351,129.87663,7.879049839860948E-6
-1.613569,94.0,0.10997316127880596
-0.416389,169.297351,0.6776527842392344
-5.686305,92.364277,1.50893912207851E-7
-0.67162,154.911732,0.5028259689123747
-4.742402,137.101775,5.231427751720916E-6
-2.546775,111.621894,0.012234466871753951
-4.561302,126.82512,1.183063122679974E-5
-2.139469,94.0,0.03498808744591282
1.287769,110.0,0.20052900878366797
-1.228768,94.0,0.22222616367890025
-1.0,94.0,0.31987780624076745
1.0,110.0,0.3195052347699079
1.0,110.0,0.3195052347699079
-1.0,94.0,0.31987780624076745
-2.510542,97.527159,0.01369950665966216
0.479979,157.26885,0.6319092096363459
0.613471,170.849177,0.5403808296427688
-0.712289,170.676029,0.477258398515368
-0.118805,170.262251,0.9055699008706709
-1.031539,142.313118,0.3040379988017591
-0.314168,164.408108,0.7537917421765544
0.091956,170.898149,0.9268406997912935
-0.730088,163.81247,0.466379174939176
1.0,110.0,0.3195052347699079
1.732003,110.0,0.08607620176140984
-1.0,94.0,0.31987780624076745
-0.032737,170.654059,0.9739225752343974
1.914544,163.605075,0.05729587064273001
-0.643577,163.906241,0.5207492203114494
1.853528,90.651375,0.06705926888307712
1.0,110.0,0.3195052347699079
0.354516,170.756884,0.7233896449942527
1.796075,102.128063,0.07543935941177282
-1.378198,102.204129,0.1711518806405482
-0.585611,170.869051,0.5589096084128475
-1.0,94.0,0.31987780624076745
0.770451,168.764745,0.4421096120262946
-1.922634,94.0,0.057553497838123774
-0.382557,163.176142,0.7025460871982445
1.227904,101.978513,0.22230964158883637
-0.248217,163.774575,0.8042774722846666
0.800956,170.870857,0.42426943007749895
-1.0,94.0,0.31987780624076745
-0.198509,128.446265,0.8429606981964026
1.0,110.0,0.3195052347699079
0.950538,103.003854,0.34406398780949177
-0.456923,167.349394,0.648318936481785
1.329903,110.0,0.18630127179963973
1.0,110.0,0.3195052347699079
0.470759,163.741411,0.6384393580615093
-1.0,94.0,0.31987780624076745
-1.180882,152.896125,0.23948330580666388
2.092108,154.426481,0.038064965447139
-0.133108,160.200811,0.8942750211501895
1.0,110.0,0.3195052347699079
3.988581,161.290078,1.0058669055146297E-4
-0.13022,170.507334,0.8965458723885125
0.983091,148.645657,0.3271600734457736
-0.486441,166.406252,0.6272945495408477
-2.30165,141.286221,0.022817127288380503
-0.029365,169.589623,0.9766080150074069
0.086223,170.245976,0.9313904699209559
-0.890017,164.251646,0.3747584900991898
1.173629,133.478078,0.24263357634044036
-0.85319,158.833909,0.39483874113637096
-2.010033,94.0,0.04729382514280053
-1.377898,94.0,0.171506188452497
-1.375637,94.0,0.17220320860006155
-1.0,94.0,0.31987780624076745
-1.992919,94.0,0.049169869236849406
-2.471262,166.028127,0.01447298354270597
-1.430448,94.0,0.15590426650061073
-0.998445,149.557013,0.3196763198421434
-3.057122,108.87215,0.0028119785962614874
-1.674045,94.0,0.09744617771108588
-1.408705,126.774531,0.16137032933110862
-1.0,94.0,0.31987780624076745
1.481239,155.745542,0.14056318504893506
2.713039,147.663699,0.007459607425912118
1.888605,122.898531,0.061301855835989905
1.143833,136.514164,0.2546946535118284
1.310284,148.061108,0.19212883075245202
2.076927,98.799178,0.04040311174270039
1.0,110.0,0.3195052347699079
-1.752744,94.0,0.0829064102623114
0.791491,137.787444,0.43001792360402513
-1.0,94.0,0.31987780624076745
-0.872431,139.675759,0.38447056714705075
-1.0,94.0,0.31987780624076745
-1.428759,94.0,0.15638810638180856
0.463883,169.873995,0.6433254444493546
1.900085,116.931552,0.059884663697445495
1.843403,98.838367,0.06826664338976429
-0.813601,135.007859,0.4173061526236679
-0.191126,163.787234,0.848663593334688
-0.49402,167.38112,0.6219397350490391
-0.961201,119.689359,0.33838893708725715
-2.315084,94.0,0.022784428124551913
-1.0,94.0,0.31987780624076745
-1.0,94.0,0.31987780624076745
-4.306277,116.682647,3.477130821393417E-5
-1.741252,104.974325,0.08456906320114871
-2.241994,94.0,0.027313473773665088
-3.337953,94.0,0.0012105298813375354
-1.244422,94.0,0.21643819391739727
3.812779,163.465459,1.943871136191877E-4
0.755956,168.413198,0.45073164804858656
1.005009,164.931623,0.3163646990364044
-1.941709,94.0,0.05516667047319612
1.0,110.0,0.3195052347699079
0.829656,115.971506,0.40843781933361556
-1.021938,166.126113,0.30829611400035384
-0.85192,140.971013,0.39570343242042816
-0.680579,162.573691,0.4971060415627844
-1.0,94.0,0.31987780624076745
1.974457,168.920927,0.049959867477297415
2.288749,153.220367,0.023460489593957412
-1.061017,110.254138,0.29100086736529696
-2.033233,94.950051,0.04482016786819382
-1.432897,94.0,0.1552047638553603
-0.170486,169.263599,0.8648315572433973
0.025686,162.669232,0.9795392736738817
1.0,110.0,0.3195052347699079
1.141169,130.159549,0.2558948397094485
-0.148197,168.101876,0.8823649154399518
0.261345,170.701757,0.7941415185077481
1.0,110.0,0.3195052347699079
-1.533946,141.070492,0.12728260472100772
0.725821,166.678532,0.4689664244192453
-0.633445,132.494502,0.5275350163437681
0.275264,164.684081,0.7834584786526813
-1.424979,99.260017,0.15730004940048936
-1.423936,94.0,0.1577760986903496
1.422351,110.0,0.15775389295938513
1.0,110.0,0.3195052347699079
0.422161,162.296782,0.6734662134965661
1.419167,110.0,0.1586777971811688
1.034936,88.28416,0.303525403710601
-0.207715,166.631433,0.8357051510231503
3.348296,168.148057,0.0010034900325062157
1.778048,89.046533,0.07880950087544569
1.0,110.0,0.3195052347699079
2.346482,110.0,0.02074194732344914
2.533762,141.370881,0.012374804784826665
1.643839,149.172497,0.10231542398587701
-1.0,94.0,0.31987780624076745
0.380541,150.202378,0.7040814986013428
1.385707,128.120694,0.1682437791619078
-1.371431,94.0,0.17350555768588716
2.213842,124.385732,0.028662330709552375
2.828456,165.387578,0.005255941063724956
2.647049,167.001814,0.00889687116784188
1.938425,156.076262,0.05437588364025814
1.171764,152.767991,0.24311603775760915
3.314902,164.663533,0.0011275898628042569
0.033557,169.104842,0.9732699875818906
1.723589,118.92988,0.08738072035435662
1.525629,155.340473,0.1291357129005819
2.507528,163.746286,0.01313208914270625
-1.552768,117.258753,0.12317348580356346
-0.160928,162.961919,0.8723494350037209
1.0,110.0,0.3195052347699079
-1.687858,94.0,0.09475390908202408
1.153572,125.97546,0.2508596277241999
-1.002682,147.549082,0.31765584945215153
0.687599,170.875463,0.4926375924841615
0.627302,170.41812,0.53130085355351
-1.149763,148.851016,0.25208545019140094
0.063332,150.774965,0.9495860182462135
-0.349096,148.081322,0.7275131418887556
-0.078037,169.702212,0.9378905565973961
-0.62708,162.011255,0.5314895092280527
0.495383,170.91757,0.62096609324448
-0.443666,135.708524,0.6579906371327174
0.629188,142.476343,0.5302335250546708
-2.312686,127.852326,0.022337704741690764
-0.276125,156.760236,0.7828157526762829
-1.0,94.0,0.31987780624076745
1.0,110.0,0.3195052347699079
-1.058716,153.862278,0.2913884037563418
-1.823709,138.033896,0.07035927955845746
-0.140897,168.746838,0.8881193642327672
0.261268,168.247476,0.7942053858624041
-0.573942,165.168656,0.5667877969215633
-1.03742,138.137674,0.30135271806365227
0.300258,166.641068,0.7643546089702031
1.172935,116.199356,0.24322072698392416
2.151865,165.458104,0.03285797788962608
2.14912,147.837067,0.03325272720914296
2.887718,117.647336,0.00461953718511432
-1.0,94.0,0.31987780624076745
0.834486,110.651581,0.4058051714912001
-3.842384,163.493715,1.740779512767244E-4
-1.694314,125.458237,0.09268667188972235
0.340522,169.786909,0.7338844131048443
2.570511,119.9644,0.01137773808981346
1.934682,142.564682,0.055009596267204586
1.29541,141.987265,0.19728097923525545
4.755252,169.988435,4.2071457941883494E-6
1.262628,170.862008,0.20844340895189672
1.45547,153.984164,0.1475748756274371
1.810433,131.201402,0.07251704978166962
1.700982,136.665235,0.0912206011164085
1.831712,160.712762,0.06884570116028454
1.804317,110.0,0.07391802376888346
2.585168,145.948638,0.010712884428484948
1.442312,160.318702,0.15116514387530278
3.519397,135.475563,5.894818120593115E-4
2.231797,146.428408,0.0271471862639161
-1.292388,154.791328,0.1981487642752383
1.840157,125.014283,0.0681169611303607
1.508147,110.0,0.13438371712177988
-1.330181,119.227262,0.18599750709641194
2.232818,158.999452,0.026957370741819586
-0.607573,162.026757,0.544321301291947
1.604866,170.783649,0.11037088420270269
-0.420836,154.162544,0.6744609269947024
0.519664,151.488141,0.6040562730433274
-2.53602,128.312474,0.012411604753914268
0.343852,130.845527,0.7315095314947859
1.10638,140.563425,0.27045197925770315
-1.0,94.0,0.31987780624076745
-0.477931,170.887633,0.633310107783747
-1.0,94.0,0.31987780624076745
-1.741821,94.0,0.08481090322751282
2.117681,121.794511,0.036235346964659465
-2.994869,140.394988,0.003246232392899302
-1.0,94.0,0.31987780624076745
0.109748,161.783821,0.912745246175259
-3.98446,117.721446,1.1762343083903332E-4
-3.255418,150.296302,0.0013991036043048547
-0.906619,148.607984,0.3660759982378359
-2.427807,134.156575,0.01651633650443013
-0.682727,151.206643,0.4958240184428847
1.0,110.0,0.3195052347699079
1.0,110.0,0.3195052347699079
-1.702255,124.562279,0.09120196958524895
-2.387712,124.351664,0.018459004334279088
-1.37789,106.529463,0.17112478599556313
-2.21498,106.11206,0.028898727306648057
1.276736,97.623836,0.20472408136802756
-1.726665,94.0,0.08751285449015571
1.379555,110.0,0.17052173293175432
-1.317816,94.0,0.1907679222903339
-1.029332,166.120769,0.30482006069808065
-1.317583,94.0,0.19084564837188733
-1.683385,115.279087,0.09500682772193514
1.0,110.0,0.3195052347699079
-1.690722,94.0,0.09420334109925999
-1.752043,94.0,0.08302756755847805
-2.045699,103.512196,0.043321829783474104
0.287851,170.61417,0.7738101542919007
-2.624832,167.80414,0.009469637534139172
1.0,110.0,0.3195052347699079
-3.260755,127.304909,0.0014258806570890585
-1.00613,127.091899,0.3162647896167661
-2.789106,104.429412,0.006282689162651542
-0.698191,170.796837,0.48600723728706297
-5.946937,137.11996,2.1532313554425016E-8
-0.959081,162.167381,0.33894566645359026
-3.968725,120.386646,1.2329766971755693E-4
-4.735058,168.384992,4.624412324944374E-6
-1.0,94.0,0.31987780624076745
-3.22674,132.502576,0.0015777714643044093
-3.419677,150.37527,8.071966776533885E-4
-2.490224,141.844295,0.013920428578489411
-0.818574,152.966088,0.41430290077715115
-2.751121,166.648758,0.006596289739179452
-2.8493,125.015797,0.0051256746096419595
1.0,110.0,0.3195052347699079
-1.0,94.0,0.31987780624076745
-1.975717,94.0,0.05111913100028738
-2.275536,98.017776,0.025050937564054607
-3.316196,125.339757,0.001194049513862868
-2.244936,108.812416,0.026794394133508082
-0.188953,168.988728,0.8503563929052328
-4.855207,125.348744,3.5097690034186894E-6
-1.376264,170.689301,0.17054276050230366
-2.856085,102.129258,0.005196522404421012
-1.319929,94.0,0.19006413079372952
2.23765,83.332959,0.02791233941596949
-1.648218,130.218529,0.10171868157405761
1.421665,110.0,0.15795260026972624
-1.0,94.0,0.31987780624076745
-3.394328,135.511621,9.026395269616706E-4
-4.196896,133.333676,4.9101298894285254E-5
-1.0,94.0,0.31987780624076745
-2.888729,125.217031,0.004559301675288639
-2.876036,117.225505,0.004784959759978682
-0.764289,157.826042,0.4458362031201556
-2.640183,117.891055,0.009407685387263543
-1.431166,94.0,0.15569893431974002
-1.631961,94.0,0.10603349639135062
-2.585715,118.447074,0.010929370962309799
-2.204498,94.0,0.02992974573412139
-2.666827,108.422751,0.00882990747389065
-2.979385,97.364436,0.003646584073248117
-1.0,94.0,0.31987780624076745
-3.138255,107.032872,0.0021961047964801344
-1.0,94.0,0.31987780624076745
-2.569812,106.450209,0.01155884402600377
-1.085989,150.846737,0.27921625655527504
-1.145077,118.170082,0.25449112114502614
-1.830753,102.540493,0.07004155967836061
-1.420092,94.0,0.15888912297782498
-1.39398,94.0,0.16661021449733482
-0.197149,152.995356,0.8439726062713653
-1.0,94.0,0.31987780624076745
-1.712845,147.924623,0.0888362363885905
-0.369844,145.307751,0.7120372037707012
1.0,110.0,0.3195052347699079
-0.724844,151.444519,0.4696661602619545
0.333309,166.439182,0.7393205545659078
-1.760045,169.650589,0.0802023900469174
0.560974,163.542552,0.5755830544911973
-1.142971,115.984387,0.2554044193784748
-1.263058,131.682305,0.20880019383976
-2.40179,167.312206,0.01741060458051591
2.128338,164.759937,0.0347959396489681
-2.298859,164.094223,0.022774091342901787
-0.585105,160.086498,0.5593009259043498
-1.03632,170.917255,0.3015168420480635
1.426592,116.656932,0.15636840982763034
-0.647343,170.915634,0.518278493823344
-1.880078,94.0,0.06319418929716729
0.010918,170.689197,0.9913016197919946
0.282549,159.716351,0.7778884120272753
-0.13258,169.236812,0.894683052678094
-1.277046,168.558797,0.20334236091382085
-0.715508,168.791245,0.47528378920247216
-0.008926,170.916131,0.9928885869905214
-1.585417,170.467724,0.1147249208795027
-2.322675,166.921703,0.021403483450491954
-1.425689,170.106731,0.15579057959908782
0.331102,169.951314,0.7409753271554387
-0.339894,166.3305,0.7343651856780516
-1.708437,166.54789,0.08941825968694805
-1.088135,167.266304,0.27810090151619515
0.057292,170.900661,0.9543795228277572
-1.023826,159.297563,0.30746972016680874
-1.363647,94.0,0.1759355073725577
-1.3208,129.350616,0.1889000353898238
-0.073579,170.856989,0.9414314508815167
-2.53026,161.695757,0.012353622221844327
-1.867005,160.200874,0.06372816757673092
-1.0,94.0,0.31987780624076745
-0.702903,166.348851,0.4830987243839756
1.0,110.0,0.3195052347699079
