t-stat, degreesOfFreedom, pvalue
-0.384816,351.410316,0.7006065324933142
-1.0,164.0,0.3187836876947139
0.714214,349.813274,0.47557115161300434
0.389082,336.923294,0.6974612732124195
-1.249235,258.591547,0.21270872772516647
-0.545447,313.899666,0.5858334922132942
0.435208,343.602043,0.66368469156563
1.698552,227.049051,0.09077347647946077
0.536516,330.325939,0.5919631150419034
-0.704655,242.944357,0.48169991635571496
0.9907,316.301388,0.32258934886367063
-0.64425,346.984836,0.5198389757829369
-1.001076,343.774218,0.31749417617797926
-0.320162,300.336784,0.7490681490126179
0.736918,333.457599,0.46169037190683726
-0.822422,348.924773,0.41139842216573697
-0.721258,267.039976,0.4713817792041549
-3.626339,331.873211,3.3262223917094393E-4
0.277121,351.402754,0.7818501410438023
-0.584342,347.206952,0.5593697111409485
-2.34995,201.667318,0.01974218716304158
-1.393099,164.0,0.1654752601684506
-1.084596,321.585988,0.2789130546342391
-0.143111,350.963249,0.8862846456638357
-3.144275,256.244526,0.0018611613894699403
-1.0,164.0,0.3187836876947139
-1.179727,225.647474,0.23935107630445362
1.129538,280.929123,0.25963448566407044
-1.0,164.0,0.3187836876947139
-2.360291,177.973571,0.019343305729194384
1.958651,297.893706,0.051086481139975826
-0.260033,341.685333,0.7949949385795261
0.516705,347.321996,0.6056909491085529
-0.570962,331.037279,0.5684127895997368
1.419823,140.0,0.15788215303519126
-2.164301,164.0,0.03188770312387473
0.558984,351.1764,0.5765289168988263
0.369249,343.450255,0.712169677819928
1.202213,291.554014,0.23025651982596518
2.545897,284.41694,0.011427445096399591
-0.41974,247.218138,0.6750399380494634
-0.492446,314.529888,0.6227476472918356
1.0,140.0,0.31903578015195344
1.62578,345.593428,0.1049079683794274
1.430899,140.0,0.15468750055886882
1.626736,345.603021,0.10470455660415157
-0.436532,350.967678,0.6627192097104742
1.797984,297.933387,0.0731918511243852
-1.708996,325.990693,0.08840343922708693
1.0,140.0,0.31903578015195344
1.327204,140.0,0.18660157860723814
2.254434,140.0,0.025721468794907665
-0.097823,334.315195,0.9221314654016906
-0.228149,302.28462,0.8196846594756926
1.168826,325.736316,0.24332839999985723
0.230847,316.013485,0.8175830475629327
-0.295766,292.558772,0.7676186070068624
-0.264905,240.767573,0.7913092933735264
2.997123,331.934075,0.002930825608359111
0.269789,350.36751,0.7874814127798297
-0.414822,327.870997,0.6785435055477713
-0.942305,322.233707,0.3467424228967396
2.958014,323.775181,0.0033241668774364186
2.058684,253.151183,0.040547852102251536
0.651128,319.355277,0.5154320981397813
0.993069,350.600433,0.32136120427518877
2.346338,195.630311,0.019959473711288256
1.0,140.0,0.31903578015195344
-1.0,164.0,0.3187836876947139
1.551753,331.805533,0.12167459879950515
1.061339,224.792224,0.2896748094596726
-0.479822,335.864068,0.6316662824744395
-1.060307,180.575132,0.29042110068851223
-0.497236,295.844658,0.6193919676745432
-0.582771,325.871473,0.5604505041284331
1.762105,290.972619,0.0791015434282969
1.196106,334.358316,0.23250271240815135
1.162601,224.441505,0.24622610354853758
-0.319616,350.240197,0.7494500049059558
0.37625,351.088612,0.7069583085785092
0.579418,345.983451,0.5626842314339051
1.426265,349.984646,0.1546832457769951
1.672154,350.126173,0.09538730322150668
2.457029,312.336019,0.014552597710064452
0.519063,337.457405,0.6040570451755376
-2.013703,282.068602,0.04499019624497972
-0.321756,345.587266,0.7478320772218554
0.345485,351.146845,0.7299366568436567
0.395408,349.341622,0.692783149696593
0.069565,351.19188,0.9445794882049479
-0.040403,343.621207,0.967795302918001
-1.484465,164.0,0.13960508801209348
-0.562032,315.458363,0.5744933302873276
-0.78543,281.654532,0.43286169735204294
-0.684853,257.442851,0.49405280330888246
1.033442,324.511089,0.3021666413713573
0.113357,351.415465,0.909812258979847
0.273541,323.826416,0.7846117622407376
3.290647,329.422079,0.0011078259352836906
0.340521,339.534929,0.7336747977036129
-1.153091,184.239405,0.2503668301289296
-0.960874,329.206774,0.337320723864066
-0.259971,350.702901,0.795038699138666
-0.565086,335.391184,0.5723930515744549
-1.411724,164.0,0.15992572941853367
-1.0,164.0,0.3187836876947139
0.357672,351.404506,0.720803517365906
-1.401464,285.882036,0.1621600498396245
-1.065595,309.446724,0.2874374725378259
0.372463,297.33441,0.7098134989150942
1.029809,300.127272,0.3039288578424624
-0.215972,351.012759,0.8291350214618525
-1.688553,164.0,0.09320565477325304
-2.779115,303.319833,0.005790881889581814
-0.113839,350.940451,0.909430518709635
-0.295306,350.295285,0.7679350887366104
-1.0,164.0,0.3187836876947139
-1.237373,313.857502,0.21687357489246273
-1.830533,164.0,0.06898542856818579
1.0,140.0,0.31903578015195344
-2.94889,180.217192,0.0036120474095837703
1.021598,351.400295,0.3076739940713673
-0.722957,346.153086,0.4701944932584924
-1.0,164.0,0.3187836876947139
1.195944,317.9435,0.23260955744169087
0.784652,338.324112,0.4332066931523131
1.328288,140.0,0.1862442598601921
0.85906,322.909539,0.39094467493326235
0.881243,256.987487,0.37900974928562636
-0.672932,259.348631,0.501589712871562
0.042797,336.391704,0.9658887466347283
-3.64247,338.56589,3.123106201755479E-4
-1.553251,292.298893,0.12144521833093702
-1.820428,197.894469,0.07020441495390939
-0.40221,351.130727,0.6877742091404317
0.631794,232.142111,0.5281431678230097
-2.288687,276.155846,0.02285282159886812
0.56039,331.242254,0.5755922638622528
-1.0,164.0,0.3187836876947139
4.721533,255.161217,3.8648519875561504E-6
1.430315,140.0,0.15485469492402393
2.115131,140.0,0.036190051593581574
-0.735809,257.15607,0.4625175501374682
4.529542,208.740389,9.936604771443314E-6
-0.076746,350.127173,0.9388694451441096
-0.505646,316.154255,0.6134575311207103
1.261553,339.280746,0.20797633022447126
1.713053,230.484369,0.08804749635568676
5.52382,235.135755,8.767379844343282E-8
4.545841,203.992053,9.369168272987949E-6
1.0,140.0,0.31903578015195344
2.378126,348.857405,0.017938892795808847
-3.147329,296.804886,0.001815199763202588
-0.478724,351.392428,0.6324327275443529
1.641689,294.508308,0.10172184719095378
6.3569,228.794624,1.1035294900096915E-9
3.116123,206.576101,0.0020930814132527065
2.031601,293.071395,0.043096046757982176
1.908185,311.397877,0.05728674743749007
5.37559,262.92856,1.6846013850546626E-7
1.609064,330.86171,0.10855604802948138
1.0,140.0,0.31903578015195344
2.983315,211.732294,0.003186120910322998
2.172027,140.0,0.03153757830826254
0.851173,305.43858,0.3953400639330127
1.0,140.0,0.31903578015195344
-0.940195,327.506747,0.3478104650367233
1.680482,140.0,0.095093473022418
1.80068,140.0,0.07390604522404298
-0.906093,321.928205,0.3655642901582684
1.348412,338.978585,0.1784261458984151
2.40641,140.0,0.017414712791164355
3.46823,140.0,6.963982780945344E-4
1.944327,231.131436,0.05306940719534192
1.379037,212.4667,0.16933332019811909
1.960307,140.0,0.05194544650011923
0.615476,235.337764,0.538835152234959
1.0,140.0,0.31903578015195344
1.0,140.0,0.31903578015195344
1.0,140.0,0.31903578015195344
1.866042,203.669864,0.06347309137514556
0.31572,351.401721,0.7524024716094582
4.999523,251.675577,1.0779640169378268E-6
-0.288834,334.495315,0.7728873277782495
0.61491,350.586382,0.5390130549983119
1.0,140.0,0.31903578015195344
-0.379226,346.181742,0.7047525461640745
2.026244,140.0,0.04463907854762894
-0.020256,350.531063,0.9838506804884898
-0.295111,305.137746,0.7681097802530892
-0.817078,335.204206,0.4144641932236842
1.308213,207.159692,0.19225074903972672
1.414376,140.0,0.159471647192873
1.0,140.0,0.31903578015195344
1.202501,302.590858,0.2301096013499393
1.744293,140.0,0.08330272413986872
-0.677429,348.462589,0.49858330828533337
0.01175,348.552796,0.9906317945109957
1.834518,333.968728,0.06746656835690845
2.553321,350.351475,0.01109314591071442
0.876071,301.948606,0.3816878376531654
-1.153344,179.139341,0.25030574957907614
1.0,140.0,0.31903578015195344
-0.591489,242.055371,0.5547448057110254
0.062047,345.259822,0.9505613063751195
0.444032,346.706402,0.6572964532631385
0.497565,346.476462,0.6191063006571365
0.366491,351.090391,0.7142194866008047
1.930904,337.265079,0.05433280619048553
-0.76629,321.316166,0.44406635232863423
-2.136881,164.0,0.03409032444149896
0.679079,310.960038,0.49759292648177045
0.327633,310.342841,0.7434100737930494
-2.390644,180.948669,0.01784508558302221
0.763616,208.117343,0.44596090651892206
-1.181133,281.340684,0.23854739345243103
0.195231,346.108646,0.8453266689875747
1.0,140.0,0.31903578015195344
-0.523808,313.298611,0.6007824206719328
-0.266915,351.146551,0.7896912890971205
0.556557,340.844782,0.5781953578887475
0.948601,318.259553,0.34354331702644614
1.191419,312.748845,0.23439249783048632
-0.306279,350.530841,0.7595740608411452
-1.085193,217.871583,0.2790354849698684
1.471527,214.592551,0.14261358969119908
0.259683,337.618324,0.7952665869212325
1.958703,280.223387,0.051139253641647064
-0.61728,279.689942,0.537552258987964
-1.0,164.0,0.3187836876947139
-1.0,164.0,0.3187836876947139
-0.200264,343.770332,0.8413925346725926
0.811521,271.108899,0.4177784422999917
-0.995005,335.891354,0.32045007724104924
-1.552102,346.788769,0.12154991792339576
-3.472326,340.399623,5.824996581167669E-4
-1.232879,214.824723,0.21896835331472608
0.024918,347.792033,0.9801346604058663
-0.753586,249.043459,0.45180970128723297
-1.0,164.0,0.3187836876947139
0.128775,348.267102,0.8976100211026288
-2.272953,317.087437,0.02369778683900106
-0.031245,343.078314,0.9750923211525525
1.0,140.0,0.31903578015195344
-1.0,164.0,0.3187836876947139
-1.636302,329.38849,0.10273148222600781
-0.100669,351.384057,0.9198706345182713
1.0,140.0,0.31903578015195344
1.510574,269.121303,0.13207025388651683
-0.432705,335.798928,0.6655068648787492
1.0,140.0,0.31903578015195344
0.880057,345.849751,0.37943953312490586
-0.100266,339.679572,0.9201923007675306
-0.700879,299.61541,0.4839224808707411
1.517666,283.001496,0.13021488625491617
2.475671,244.564808,0.013976802446078684
0.103974,348.998193,0.9172497054048661
0.911681,255.107968,0.3627973509355322
0.905006,310.289933,0.3661643557475944
-2.668101,321.435926,0.008014841323209836
-0.907726,278.490591,0.364807797316119
-2.54736,299.886109,0.011353325938919462
-4.218143,350.611834,3.139651767992297E-5
-3.399943,290.811955,7.682672437045977E-4
-3.366304,341.62116,8.485792864950097E-4
1.751969,140.0,0.08196871793051619
-0.494918,315.16397,0.6210028499286941
-0.427882,348.448521,0.6690013604395999
1.055298,350.956787,0.2920149752484562
1.943797,334.637415,0.05275789594985758
0.125514,349.005581,0.9001889108807988
1.0,140.0,0.31903578015195344
-0.536895,340.261611,0.5916910259033034
1.36544,348.881314,0.1729945213056472
0.069298,350.147975,0.9447919753625142
-1.507441,231.276468,0.13306237797156129
-1.005768,282.15249,0.3153889369502023
1.0,140.0,0.31903578015195344
-1.39719,164.0,0.16424393498467282
1.0,140.0,0.31903578015195344
-8.01E-4,336.402434,0.9993613693268218
5.094132,351.216815,5.730524716973662E-7
4.019781,351.29773,7.131458594855644E-5
-0.819114,273.021797,0.4134357954147393
3.277365,279.216996,0.0011803355276582828
-1.28429,164.0,0.20085176983385378
-3.544439,225.392128,4.7829334845081857E-4
-2.225482,312.651715,0.02676186508642524
0.138732,351.147375,0.8897414564154242
2.750496,348.493732,0.0062611200799749245
-0.89022,339.558336,0.3739780557371545
0.908409,256.382887,0.36451526845363613
-1.68998,254.369821,0.09225687920565306
-1.0,164.0,0.3187836876947139
-1.17347,334.331675,0.24144267894090776
-2.594037,164.0,0.010344216469697874
-1.112734,192.187587,0.2672125596940327
-2.35141,269.46421,0.019422847189909248
-3.694531,228.432889,2.7572993088273873E-4
-2.532177,296.764899,0.011851341032982965
-1.888266,164.0,0.06075611037493708
-4.049512,248.866741,6.859595803006537E-5
-3.522969,167.964597,5.497727608627612E-4
-0.070222,345.215709,0.9440576243118787
-2.399578,189.908895,0.017380561499834517
-1.269503,325.366031,0.20516899070697936
-0.267454,321.710896,0.7892910058074913
-1.175025,240.886445,0.24114487968753096
1.765108,237.222688,0.07883225329704979
-0.297559,346.783507,0.7662179452875353
-1.655052,164.0,0.09982638695475043
1.0,140.0,0.31903578015195344
1.0,140.0,0.31903578015195344
-0.913317,313.491377,0.36177770789316566
-1.0,164.0,0.3187836876947139
1.74494,140.0,0.08318960076191884
0.272795,323.653339,0.785184772224738
-0.894197,293.645591,0.3719488050473275
-1.006593,340.954901,0.314844222221491
-1.438574,328.529268,0.151223218075752
-1.704559,164.0,0.09017038413573342
-0.582481,338.735329,0.5606302469320924
-0.052858,350.540829,0.9578751580863103
0.422679,350.285369,0.6727888262335504
-0.047472,350.634703,0.9621640727742014
-1.0,164.0,0.3187836876947139
-0.05868,343.434308,0.9532411177102036
1.0,140.0,0.31903578015195344
2.015064,140.0,0.045812441093557865
0.813364,350.984256,0.4165608015292763
0.760021,350.973571,0.4477522500247555
-1.386637,164.0,0.16743448196104083
1.416187,287.670841,0.15780261949762808
1.413689,140.0,0.15967298713525668
1.0,140.0,0.31903578015195344
0.45784,342.878841,0.6473573931481695
-1.282711,241.551634,0.20082282688421293
-3.522537,275.707972,5.001130446729298E-4
-1.797078,226.101341,0.07365773709939871
-1.208049,345.229653,0.22785529612781974
-1.577362,197.519797,0.1163124567009921
-1.194387,262.134991,0.23340624099325413
-1.390371,181.886124,0.16611521626302184
-1.20387,225.432351,0.2299023969786208
-1.363538,330.812809,0.1736401825374595
1.777407,223.261911,0.0768626263476373
-1.0,164.0,0.3187836876947139
-0.701561,343.331808,0.4834282469322647
-0.259881,294.223231,0.7951373285539218
-1.604668,338.844199,0.10949847682140379
-1.643954,164.0,0.10210134706901475
-1.112062,260.639463,0.2671361764801622
-1.0,164.0,0.3187836876947139
-1.406112,282.925385,0.16078817826820002
-1.137883,181.700009,0.2566675321666827
-0.898212,193.96774,0.37018613042259985
-2.653315,230.264742,0.00852560408052189
-2.667853,282.447979,0.008074683338646763
-1.889733,333.386854,0.0596610580820526
-1.158486,303.660272,0.2475760346823167
-0.131221,343.880564,0.8956772185257519
-0.62404,333.719295,0.5330276557866929
2.389692,282.032218,0.017519353379298108
-0.70369,291.549851,0.4821874543948156
1.624626,319.740536,0.10522758210615457
1.044861,334.774711,0.2968410789282432
-1.394379,164.0,0.16508924949294523
0.049073,332.044656,0.9608906245275355
0.942161,293.245147,0.34688573236633635
1.850149,238.742216,0.06552767543593618
1.0,140.0,0.31903578015195344
-1.0,164.0,0.3187836876947139
-1.8095,164.0,0.0722045059954121
-1.38907,260.714602,0.16599679294261627
-1.412767,214.911494,0.15917079609669516
-2.138599,187.296332,0.03376361609854484
0.769065,347.70847,0.44237680172642646
1.029579,209.296069,0.3043960165999926
0.48862,335.479352,0.6254299976397635
0.010114,343.818877,0.991936199061358
0.60761,323.623087,0.5438722843756771
-1.381544,164.0,0.16899098794609846
-1.826882,177.592779,0.06939627488884388
-0.791538,254.232294,0.4293679757301414
-0.158657,349.442533,0.8740307686442814
0.094097,349.122853,0.9250860826454712
0.455037,350.884731,0.6493640331774775
0.998714,335.430258,0.3186531658621914
-1.416824,164.0,0.1584311741338449
2.504452,329.438675,0.012746849194512633
1.914822,140.0,0.05755490270073271
0.541154,351.07437,0.5887446496217212
1.0,140.0,0.31903578015195344
0.004359,348.990994,0.9965245227936579
1.0,140.0,0.31903578015195344
0.810406,336.348794,0.41827988272937455
-0.470324,299.192506,0.6384662117344236
0.816067,303.44537,0.4151019528384765
1.980024,326.144741,0.04854104168773743
1.506978,326.232174,0.13278399516695893
-1.0,164.0,0.3187836876947139
0.456895,274.69732,0.6481076060928621
0.0102,338.927503,0.9918677197575279
-1.549392,164.0,0.12321510646533662
-1.407525,164.0,0.16116430222902345
-1.356397,164.0,0.17683725767865688
-2.16519,164.0,0.03181840039114497
-1.748534,164.0,0.0822427140151309
-0.627401,330.220399,0.530829985267804
0.306163,334.657434,0.7596709196154035
-2.251052,174.432382,0.02563063619285842
-1.049253,193.735493,0.29536882695816824
2.236941,344.955171,0.025928629040764095
-0.155787,346.867613,0.8762915396576986
1.0,140.0,0.31903578015195344
-0.997194,310.296193,0.3194473415398733
0.915701,346.312016,0.36046091387165813
-1.077562,238.959243,0.28231586355400495
1.967105,254.599843,0.050256913611872456
1.680517,253.549715,0.09408827413640752
-0.276839,345.733926,0.7820691681037468
-1.0,164.0,0.3187836876947139
1.639355,342.282214,0.10205808624724533
1.0,140.0,0.31903578015195344
0.722126,345.485518,0.47070549367991843
1.361916,140.0,0.17541180926781785
0.895691,300.711517,0.3711342322947013
1.0,140.0,0.31903578015195344
1.0,140.0,0.31903578015195344
0.831492,282.841237,0.40639715496666495
-1.38853,164.0,0.16685872828164627
1.0,140.0,0.31903578015195344
0.283158,321.661229,0.7772378665600079
-1.736277,164.0,0.08439281262650201
-1.600874,164.0,0.11132936073810029
-1.182574,249.721433,0.23810274212785343
-1.516597,197.758407,0.13096531947110002
-0.628442,198.436168,0.5304370904007927
-1.732465,164.0,0.08507078895708374
-0.37573,349.029114,0.7073458851011609
-1.67966,164.0,0.09492750096499192
-0.124488,328.678896,0.9010050005699212
-1.0,164.0,0.3187836876947139
-1.605674,164.0,0.11026938067957026
-1.227722,211.018941,0.22091909046239
1.492817,283.615853,0.13659665552678346
-1.478643,164.0,0.141153857389539
-0.877599,344.972306,0.38077214702856566
-1.210204,348.452003,0.22702092415728437
-0.108428,347.916955,0.9137186957615554
0.306312,345.483755,0.7595516139854614
4.648924,351.384447,4.728527402964033E-6
-2.080061,244.478798,0.03856188193622206
-1.497216,275.503489,0.13548183267264124
2.012184,280.611518,0.045155985446538205
0.524405,350.386241,0.6003284669988225
3.179295,342.707348,0.0016109131912334096
0.273565,351.394437,0.7845796556135691
-1.300776,343.844047,0.19420620307354497
1.198243,309.25341,0.23173990523862176
2.022401,140.0,0.04503948559433946
-1.532109,228.694505,0.12687766964696723
0.918875,255.035215,0.3590291784125452
-2.59601,164.0,0.010287384741247046
2.625896,323.541542,0.009052887734752213
4.767911,349.143657,2.73763863001264E-6
4.707862,351.29818,3.6082464207609632E-6
1.474337,348.651155,0.141293231132823
2.060588,349.44918,0.04008210270628121
0.318682,327.925736,0.7501705442577715
4.735205,350.314727,3.1829722615395184E-6
0.623444,351.214111,0.5333974516885607
3.07797,306.533673,0.0022725107178735993
0.900411,350.704569,0.36851944136292447
3.098571,348.591146,0.002102581741578735
1.574901,348.641324,0.1161862603575794
1.136887,334.903752,0.2563983154574867
-1.972777,164.0,0.05020189548860028
-1.68802,246.745846,0.09267086749433162
0.67513,350.398377,0.5000384233650639
0.370074,297.922951,0.7115902986504186
-2.778316,164.0,0.006101715869317623
-1.615009,291.525437,0.10739047678267999
-1.641099,164.0,0.10269327341679613
-1.0,164.0,0.3187836876947139
0.250055,349.709407,0.8026916430082358
1.781875,349.948888,0.07563665308392764
-0.688515,284.692138,0.4916891953410043
-1.378173,270.318978,0.169289529893919
0.741267,245.906686,0.45923886306671724
1.526794,220.677067,0.12824421878270598
0.117433,307.022506,0.9065937194121001
0.584836,268.876492,0.5591484299087932
-1.579019,272.628099,0.11549122495603203
-0.073307,349.320895,0.9416037785584405
-1.846516,315.837552,0.06575273186290323
-1.0,164.0,0.3187836876947139
-0.096253,331.898758,0.9233777303207868
-1.232704,260.363584,0.21879812182902358
1.428902,140.0,0.15525979896537256
1.035866,321.943309,0.3010420878789777
-2.055664,212.117355,0.04103962591176378
-0.118849,344.018486,0.9054643552180092
0.069634,350.664005,0.9445246664511955
-0.162742,347.19616,0.8708162539844402
1.147744,242.919662,0.25220332254925437
-0.15155,351.348051,0.8796288511658227
-0.756301,350.162528,0.4499772581426017
-0.643263,350.184376,0.520474459662843
1.9553,238.130259,0.05171740247905232
0.549082,333.794109,0.5833162910030694
-0.463967,346.047842,0.6429631108995388
-0.695908,338.109994,0.48696451247630035
1.748208,349.781989,0.08130535916163684
-0.087445,350.906167,0.930367680292808
1.062255,349.333571,0.2888537249924217
-2.746479,275.006427,0.006421442128288375
-2.069256,297.724528,0.03938468882324289
-2.095,332.886181,0.03692634671190967
-1.402873,164.0,0.16254501855406234
-0.149509,350.765205,0.881237933323958
1.386181,346.589886,0.1665827582219399
1.859652,282.595365,0.0639738297646879
1.324695,341.80176,0.1861573081564334
2.624712,348.591065,0.009053912925356622
-0.076563,343.631128,0.9390157509165881
0.966874,315.015236,0.3343487260398015
0.811576,279.572656,0.41772538882911814
1.541569,282.51008,0.12429770186141931
0.675121,344.749021,0.5000514261343829
0.081367,350.168558,0.9351965783484988
2.144428,252.910848,0.03295188430745988
1.590289,330.832581,0.11272477246386625
1.07093,344.917944,0.2849497007061981
-0.34995,350.679928,0.7265863016014089
1.532145,342.750401,0.12640910666306437
-0.979215,344.036396,0.3281618275847399
1.186012,340.312879,0.23644495204682592
-0.658289,322.443668,0.5108221758270248
1.0,140.0,0.31903578015195344
-1.114005,329.400588,0.2660892270607481
-0.798221,336.064261,0.42530594584451087
-0.359049,331.845857,0.7197867738934721
0.522248,348.897267,0.6018290886161193
1.0,140.0,0.31903578015195344
-1.310708,265.701544,0.19108820320095132
0.492386,349.514212,0.6227556380414765
-1.817936,284.229956,0.07012655599068449
1.730595,316.327103,0.0844992365199555
-0.245007,331.859662,0.80660244236501
-1.375245,164.0,0.17093119056060002
1.263074,202.40763,0.20801563102673915
1.721316,346.653506,0.08608567492116803
-1.373064,164.0,0.17160688631886756
-1.354867,164.0,0.17732333939873912
0.788172,346.131595,0.43113554598509296
-1.479111,314.345568,0.14011203801790983
1.0,140.0,0.31903578015195344
0.869958,261.862285,0.3851200988060737
-2.079868,319.986867,0.038333328594184896
-1.65024,338.185529,0.09982224376765181
-1.614404,305.745703,0.10747132515321578
-2.787572,269.821028,0.0056878811944271615
-0.005939,348.083059,0.9952647936639892
0.22173,351.357097,0.824652888622323
0.168761,345.433676,0.8660834087144651
1.0,140.0,0.31903578015195344
-0.636581,307.86956,0.5248708139033338
-1.648784,250.106937,0.10044738214362137
-2.228799,196.828459,0.026958385379877974
-2.621575,164.0,0.0095759409374861
-1.0,164.0,0.3187836876947139
-1.0,164.0,0.3187836876947139
-2.160117,164.0,0.03221562667304989
1.411119,140.0,0.16042790363043635
-1.285445,250.146662,0.19982561601579873
-1.443727,280.907436,0.14993009327027518
-1.0,164.0,0.3187836876947139
-1.796215,249.260887,0.0736711985930163
-2.302866,345.360488,0.02188024251156501
1.734548,140.0,0.085021853089984
0.022756,350.41957,0.9818578580676829
-1.97867,164.0,0.049527665666728934
-1.31226,294.207375,0.19045529208126222
0.0074,346.321688,0.9940999688920287
-4.722141,271.361675,3.746148724414194E-6
1.429313,140.0,0.15514188237326865
-3.857878,249.462841,1.4567149098335127E-4
-1.290351,347.627751,0.19778642761779275
-1.0,164.0,0.3187836876947139
-3.078476,265.891133,0.002298318392614174
-3.83441,275.679004,1.560144433204826E-4
-5.49404,180.776691,1.319162055516477E-7
-2.22796,164.0,0.027243409507438296
-1.808713,351.189013,0.07135071903255351
-2.653062,212.462781,0.008579057912558145
1.418509,140.0,0.15826447807606225
-1.354543,164.0,0.17742640308241664
-2.129909,217.166413,0.03430432312557467
-1.523421,259.783956,0.12886977126278243
-0.583431,351.164469,0.5599777079151675
-1.951117,164.0,0.05274714070119592
-0.600955,350.38814,0.5482585058639923
-1.002794,295.535983,0.31678060471991565
1.0,140.0,0.31903578015195344
-4.652896,257.765795,5.238153340030862E-6
-1.218782,350.81979,0.22374584998215785
-2.421368,232.151294,0.016230036104675948
-0.662895,321.162479,0.5078732737103948
-1.0,164.0,0.3187836876947139
1.0,140.0,0.31903578015195344
-0.545453,339.917002,0.5857997359874056
-0.792558,228.339516,0.4288580564279443
-1.0,164.0,0.3187836876947139
-2.531722,292.998725,0.011873087037420786
-3.649444,322.546706,3.0643129687723744E-4
-1.53099,164.0,0.12769851974307445
-3.997356,273.960395,8.241599664852372E-5
-1.579544,226.545504,0.11560653653165642
-1.383467,164.0,0.1684020046325967
-2.175584,335.944536,0.030283073350903154
-1.0,164.0,0.3187836876947139
-0.946553,273.12443,0.3447032758732981
-1.598684,192.818527,0.11152818634033923
-1.91457,164.0,0.05728831716728024
-0.606054,350.271765,0.5448714308730261
-1.328876,211.138611,0.18532318456244923
1.0,140.0,0.31903578015195344
-1.974765,213.488899,0.049583701919088174
-2.993785,200.325083,0.0031023822483397774
-1.566548,257.677801,0.11844758012852885
-1.338956,337.922665,0.18148498684360015
-1.405324,164.0,0.16181644200110168
-2.334475,179.769935,0.02067566684045234
-3.136764,175.065197,0.0020043449534949006
-1.383206,316.613101,0.1675762977966342
-1.698429,164.0,0.09132321419872558
-0.861329,315.535391,0.3897109233035968
-1.660096,192.670308,0.0985217779940667
1.0,140.0,0.31903578015195344
0.299935,336.175071,0.7644121085646287
1.772835,340.580599,0.07714981175587243
-0.653458,194.068529,0.5142345220119645
-1.035315,319.26223,0.30130537553027703
-1.40957,164.0,0.16056018126936378
-1.0,164.0,0.3187836876947139
-0.392012,337.704657,0.6952966180442326
3.854187,211.773449,1.539515743882447E-4
-1.0,164.0,0.3187836876947139
-0.077536,349.937827,0.9382414668794701
-0.277311,347.275634,0.7817063137564196
-1.0,164.0,0.3187836876947139
-1.29406,313.059007,0.1965985178364832
-0.91888,277.727454,0.35895568811289114
-0.258652,350.802155,0.7960554514405525
1.378805,346.388398,0.16884460494122466
0.138395,349.207029,0.8900080184508237
-1.0,164.0,0.3187836876947139
-1.627832,347.662277,0.10446637670893177
-0.145906,351.239832,0.8840792934806517
-0.735235,350.691754,0.4626877863737777
-2.268263,269.280664,0.02410525762402613
-2.552226,261.141507,0.011273661688957437
-0.191141,351.103781,0.848525607921766
2.375198,209.494432,0.018441674639995798
-0.750022,342.206464,0.4537567885429866
0.860836,337.67573,0.38993918579166165
0.214855,351.174131,0.8300050850098231
0.550489,349.276589,0.5823359122773912
-0.299962,350.155695,0.7643841320515734
-0.177648,351.36366,0.8591017939443893
-1.718869,196.419497,0.08721375380612961
-0.720639,338.589789,0.4716288800104448
0.110444,344.415779,0.9121215870338406
-0.770234,349.326212,0.44168166914985796
-0.336723,351.382485,0.7365267376693772
1.706208,244.274165,0.08924032292536177
-1.0,164.0,0.3187836876947139
-0.566689,295.725794,0.5713553354137246
1.416504,140.0,0.15884922335854457
-1.754578,334.07515,0.08024826711990905
-1.980986,321.181134,0.04844551035571142
-0.803517,261.905562,0.42240461916963834
-1.189743,334.432816,0.23499135662147907
0.542692,252.698082,0.5878201914378094
