t-stat, degrees-of-freedom,p-value
-1.0,85.0,0.32014883321402565
-15.600273,142.473035,1.259757832801122E-32
-1.131079,166.74384,0.2596460157035497
0.524711,163.805075,0.6004934999030846
-0.933965,166.933407,0.3516709246687575
0.662396,166.725669,0.50863206955627
-0.665772,166.453931,0.5064784054618947
-0.708791,166.595436,0.47944484297812795
0.51222,115.737369,0.609473126749841
-1.405154,85.0,0.16361980343100013
-0.349901,155.681246,0.726885903742841
0.761784,127.671865,0.44759386414340696
-0.305998,141.295605,0.760056563392892
-1.063069,146.40841,0.28950093699374246
-0.085378,166.130039,0.932063688712705
-0.370279,166.984918,0.7116438595628212
-0.883031,144.197063,0.3786892938261128
-1.73877,144.043296,0.08421181067204607
3.347806,160.559286,0.001014764378482358
-0.573952,166.358173,0.5667754684988988
0.110953,166.99999,0.9117868504242437
0.457528,140.545505,0.6479980727024475
-1.597424,85.0,0.11388237803661294
1.0,84.0,0.32018252154415383
-1.430109,85.0,0.15635137928373155
-0.551439,164.573256,0.5820807041594671
-7.057831,157.446755,5.0810415153244777E-11
-0.792503,120.36449,0.4296266909521075
-1.0,85.0,0.32014883321402565
0.697407,142.703543,0.48668278646570995
1.0,84.0,0.32018252154415383
1.163714,117.88471,0.24688989224180835
-1.676134,137.572483,0.09598310678142374
0.459522,154.00125,0.6465073756441608
-0.779199,163.015294,0.43699220441896613
0.885907,130.663272,0.3772951637728261
1.0,84.0,0.32018252154415383
-0.573221,151.21622,0.5673465235359152
1.0,84.0,0.32018252154415383
-0.330549,166.990704,0.7413995321998553
1.0,84.0,0.32018252154415383
0.315602,139.589243,0.7527759785552326
-1.0,85.0,0.32014883321402565
0.012427,167.029175,0.9900997744036859
0.009151,167.029037,0.9927095809070003
1.0,84.0,0.32018252154415383
-0.281923,167.033082,0.7783515457574466
-1.0,85.0,0.32014883321402565
-0.745542,128.163725,0.4573092656508967
-0.082246,166.096144,0.9345501238388918
-1.578029,85.0,0.11827350025810013
0.009151,167.029037,0.9927095809070003
-1.0,85.0,0.32014883321402565
1.0,84.0,0.32018252154415383
-1.0,85.0,0.32014883321402565
0.038804,167.025536,0.9690929974326252
0.789354,133.589825,0.43130388055544255
-0.442974,123.004386,0.6585626077664245
-0.052519,166.220233,0.9581782202178083
-1.0,85.0,0.32014883321402565
-0.461468,163.806141,0.6450750763157505
-1.347963,94.48771,0.18089312471324148
-0.382722,165.317294,0.702417522425373
-0.416079,166.958275,0.677886539837335
-0.831118,163.309582,0.4071204662606853
-0.753624,155.71693,0.4522130255632172
1.088467,113.555499,0.27869371466102333
-1.146827,166.842114,0.25309512099197795
-0.883072,161.011791,0.37851393729819127
-0.951776,166.662135,0.3425888641880047
-1.394218,85.0,0.1668855773481479
0.166247,164.71144,0.8681664700592213
-1.0,85.0,0.32014883321402565
-1.415455,150.983016,0.1589945294009878
-1.287614,167.012044,0.19966174562546768
-0.66222,166.217061,0.5087473516241782
-1.762384,85.0,0.08159926888042467
0.865839,163.78346,0.38784499758655766
0.009151,167.029037,0.9927095809070003
1.304458,104.997126,0.1949295930673558
1.32075,118.304254,0.18913392312805977
-0.941414,166.951795,0.34785292716157956
-0.651293,164.648786,0.5157653474436963
1.02538,151.269838,0.30682082663296084
-6.19826,149.941762,5.2583743006577484E-9
-1.410364,153.550097,0.1604547754436768
-5.088164,127.387122,1.2639096345384263E-6
-0.706095,148.813126,0.48123303002963325
-1.40219,85.0,0.1645000499989161
0.204564,164.435758,0.8381657649063088
-0.129807,165.963723,0.8968763162255796
0.051341,165.932536,0.9591155502271489
0.009151,167.029037,0.9927095809070003
-0.121895,165.725281,0.9031298558627103
1.295436,123.095677,0.1975939683188046
-3.895613,162.614147,1.4281516488067025E-4
-1.0,85.0,0.32014883321402565
-0.375087,166.210516,0.7080739572186777
-0.253351,160.192485,0.8003218385093289
-1.0,85.0,0.32014883321402565
-1.727702,85.0,0.08767341170800659
-0.127316,164.879559,0.8988454372911425
-1.0,85.0,0.32014883321402565
1.813652,160.775228,0.07159608464162504
1.0,84.0,0.32018252154415383
0.892602,137.633219,0.37362833099459536
0.321909,140.539637,0.7479999474785393
-0.463837,166.930532,0.6433687974465736
0.009151,167.029037,0.9927095809070003
-1.414578,93.275659,0.16052181366173257
0.662502,163.578835,0.5085819059362764
1.0,84.0,0.32018252154415383
-7.698315,102.091229,9.106689718117277E-12
-1.394218,85.0,0.1668855773481479
1.018635,126.633164,0.31031845704164907
-4.015342,137.763762,9.708919279842106E-5
-1.638507,112.823204,0.10410183074267065
1.431983,84.0,0.15585931356524085
1.356602,84.0,0.17854254876820796
-0.063292,166.818249,0.9496097605307365
1.0,84.0,0.32018252154415383
-0.324336,165.396231,0.746093481359904
-1.0,85.0,0.32014883321402565
-1.165525,154.364983,0.24560434026134392
0.661255,100.170861,0.5099668908742798
1.395666,84.0,0.16649347505790701
-0.422165,153.965909,0.6734935023863499
0.142166,166.598098,0.8871206676137784
-0.357407,167.026066,0.7212383351113665
-0.848426,156.775721,0.39749430434350674
1.0,84.0,0.32018252154415383
0.146228,166.544231,0.8839182473860576
0.009151,167.029037,0.9927095809070003
-0.215183,128.497418,0.829965802529202
0.761784,127.671865,0.44759386414340696
6.822589,160.610462,1.7290391340907263E-10
-0.20279,166.538209,0.8395467152528007
0.492742,163.750814,0.6228549573220095
-2.116766,136.545075,0.03609352295473858
-2.85489,138.686849,0.004966692453701361
0.053294,158.167771,0.9575649132543407
-1.0,85.0,0.32014883321402565
-1.417095,85.0,0.16011013994414502
1.0,84.0,0.32018252154415383
-1.0,85.0,0.32014883321402565
3.748011,108.666656,2.873739467808001E-4
-1.0,85.0,0.32014883321402565
-0.226124,166.790255,0.8213818447856694
1.356602,84.0,0.17854254876820796
-0.454204,162.540493,0.6502879420478689
-0.39082,166.533821,0.6964298040770578
1.412547,84.0,0.16148332439005753
-0.573221,151.21622,0.5673465235359152
-1.093109,133.749998,0.2763108437059786
1.0,84.0,0.32018252154415383
-0.519853,113.510977,0.6041783612546274
0.009151,167.029037,0.9927095809070003
1.290415,84.0,0.20044738415050012
-0.754644,163.728368,0.4515466900349554
0.009151,167.029037,0.9927095809070003
-0.700878,165.726804,0.48436204788487114
-1.0,85.0,0.32014883321402565
-0.069137,166.671889,0.9449634463360522
-0.631306,101.694799,0.5292569013405264
-1.334639,100.375906,0.18501408964065835
-1.402113,150.332238,0.1629429914130065
-0.068716,162.572122,0.9453001273003506
1.695347,95.729141,0.09325999013016961
0.615179,104.492873,0.539773975016923
-0.820501,161.194752,0.4131422544931428
-1.468643,91.848817,0.14534625323374895
-0.835499,166.879387,0.404631418970559
1.432638,156.413045,0.15395689311776084
-0.56595,166.948008,0.5721876881763577
0.615179,104.492873,0.539773975016923
-0.58022,167.014981,0.5625482492832353
-0.217488,166.838957,0.8280938112544546
-0.077603,164.847827,0.9382379672649634
-0.527505,164.579494,0.5985533500986135
-1.359781,124.282093,0.1763609924008871
-1.0,85.0,0.32014883321402565
-0.172059,166.842053,0.8635996706908164
-0.280106,164.89039,0.7797472742389908
-0.359253,166.939578,0.719859825720016
-1.0,85.0,0.32014883321402565
-1.708484,165.977918,0.08941592031140044
0.893373,166.686926,0.3729454684364
-0.652041,99.788553,0.5158738080784446
-0.606319,164.169349,0.5451404175453131
2.060197,135.231824,0.04129709425994155
-0.798212,134.189418,0.4261578370926732
1.0,84.0,0.32018252154415383
-1.56519,164.769068,0.11945691562837069
-1.0,85.0,0.32014883321402565
0.704972,162.409648,0.481837442416464
-1.179234,159.452869,0.24006154578272587
-0.025771,166.452004,0.97947086287871
-0.603837,166.846398,0.5467721247002197
-0.94262,164.759548,0.34725542051167346
1.0,84.0,0.32018252154415383
-1.148744,160.73896,0.2523681245025847
-1.0,85.0,0.32014883321402565
-0.934124,165.393081,0.3516017007432075
-1.0,85.0,0.32014883321402565
1.246949,148.728904,0.21437631803297297
1.210539,142.997134,0.2280692025790434
1.0,84.0,0.32018252154415383
-0.275001,163.416846,0.783662848149118
-1.074863,167.034117,0.28398626250640147
0.172943,164.563273,0.8629087591344313
0.269992,164.468175,0.7875048829569655
0.747688,152.146664,0.45580243548586497
0.028027,165.037573,0.9776744787133889
-1.223256,166.90231,0.22295731554710618
1.0,84.0,0.32018252154415383
-0.44084,161.280825,0.6599191805528397
-0.409481,166.976247,0.6827115093347258
1.0,84.0,0.32018252154415383
1.016925,104.4338,0.31153925210437783
-0.805561,166.857549,0.42164250772688416
-0.91935,165.552778,0.35925010402362867
-0.172443,164.987315,0.863300620905748
0.647345,162.418016,0.5183225927346489
-0.110861,166.292426,0.9118602599224026
1.0,84.0,0.32018252154415383
1.0,84.0,0.32018252154415383
-0.569634,107.917861,0.5701098166020054
1.0,84.0,0.32018252154415383
0.009151,167.029037,0.9927095809070003
1.0,84.0,0.32018252154415383
-1.838536,97.529086,0.06902674271562599
-0.111733,159.997626,0.9111751620570335
-1.331189,110.981421,0.1858549421683816
1.0,84.0,0.32018252154415383
3.889204,158.552358,1.476378730622674E-4
-1.861302,163.600778,0.06449574782391242
-0.790459,164.823215,0.4303955995819815
-1.0,85.0,0.32014883321402565
1.41973,84.0,0.15938694169897727
0.009151,167.029037,0.9927095809070003
-2.212162,165.141851,0.02832771717440242
-1.81986,144.85495,0.07084490956940007
-1.0,85.0,0.32014883321402565
1.0,84.0,0.32018252154415383
0.964103,148.85953,0.33655787084708066
0.301118,166.831372,0.7636994823605399
0.040525,151.004651,0.9677281073440456
-1.099595,161.136341,0.2731487211637983
0.845082,166.28828,0.39927932673230515
-0.855086,162.214802,0.3937647035998596
-1.0,85.0,0.32014883321402565
-1.557704,165.019744,0.1212191932287372
-1.016176,159.878227,0.31108089932547234
1.065369,132.834142,0.28864163906130713
-1.391526,163.037563,0.16596167767634273
-0.573221,151.21622,0.5673465235359152
-0.573221,151.21622,0.5673465235359152
-0.028011,158.520567,0.9776886107142969
1.0,84.0,0.32018252154415383
-0.44084,161.280825,0.6599191805528397
-1.0,85.0,0.32014883321402565
1.172488,108.519499,0.24356861920756412
1.32111,134.973701,0.18869997813541017
0.520038,159.128286,0.6037598000555304
-1.075274,166.907487,0.2838039836506492
0.119788,163.028118,0.9047985784255341
-0.957188,166.247064,0.33986225939181447
0.117926,149.270199,0.9062848266699923
0.025211,165.638754,0.9799170100062926
-1.07081,167.031374,0.28579971861368925
-0.336215,166.113099,0.7371330668494622
-1.0,85.0,0.32014883321402565
-1.790928,154.077378,0.07526802663875129
1.797031,122.546302,0.07479364259147503
0.426407,126.541619,0.6705358014377776
-0.092868,166.967502,0.9261197656234526
-1.01755,159.387119,0.3104339428731132
