t-stat,Degrees Of Freedom,p-value
-1.0,85.0,0.32014883321402565
-15.600311,141.970141,1.3825057317278046E-32
-1.131135,164.922122,0.25964042839070467
0.524647,161.330237,0.6005487679094594
-0.934004,164.8506,0.35166788616069944
0.662318,164.909153,0.5086919823007734
-0.665842,164.702408,0.5064435610633193
-0.708852,164.81253,0.4794177886366391
0.51198,113.129651,0.6096630149734108
-1.405577,85.0,0.16349447635251135
-0.350057,154.75164,0.7267718985033771
0.76123,124.901896,0.4479545378831611
-0.306627,140.820154,0.7595802150832982
-1.063155,145.803607,0.2894693207763195
-0.085428,163.868333,0.932025419002616
-0.370539,165.065019,0.7114559848654823
-0.883232,143.651554,0.3785866469591135
-1.738849,143.501711,0.0842059244519214
3.347691,157.927748,0.0010187209026961686
-0.574009,164.625809,0.5667451359223914
0.110824,164.95614,0.9118906374791078
0.457083,137.685522,0.6483317420663568
-1.597696,85.0,0.1138217376203019
1.0,84.0,0.32018252154415383
-1.43095,85.0,0.15611084089443183
-0.551502,162.152519,0.5820487833728634
-7.05789,156.435286,5.173381997232494E-11
-0.792867,120.213112,0.42941734237442375
-1.0,85.0,0.32014883321402565
0.697171,139.840474,0.48685319170947006
1.0,84.0,0.32018252154415383
1.163402,115.243488,0.24706961570691788
-1.676233,137.175821,0.09597024179897207
0.459262,151.210205,0.6467055753634312
-0.779279,161.662003,0.4369546666299454
0.885703,127.863125,0.37744027056012674
1.0,84.0,0.32018252154415383
-0.573905,150.46108,0.5668890043870072
1.0,84.0,0.32018252154415383
-0.330738,165.0667,0.7412618402631521
1.0,84.0,0.32018252154415383
0.315405,136.731924,0.7529350455231101
-1.0,85.0,0.32014883321402565
0.011835,165.018722,0.9905715526391379
0.008319,165.01831,0.9933725234261144
1.0,84.0,0.32018252154415383
-0.282079,165.057481,0.7782363102730205
-1.0,85.0,0.32014883321402565
-0.7461,127.921704,0.45697590781292996
-0.082524,164.410328,0.9343304184601827
-1.578434,85.0,0.1181804439566313
0.008319,165.01831,0.9933725234261144
-1.0,85.0,0.32014883321402565
1.0,84.0,0.32018252154415383
-1.0,85.0,0.32014883321402565
0.038747,165.066697,0.9691389232042873
0.788936,130.765098,0.43157746197628377
-0.443502,122.825557,0.6581829222228444
-0.052805,164.513287,0.9579513432095546
-1.0,85.0,0.32014883321402565
-0.461507,161.331372,0.645056543985436
-1.348261,94.477029,0.1807979948079994
-0.383115,163.740911,0.7021314141605428
-0.416196,165.054796,0.6778072575599721
-0.831529,161.932334,0.40689933463942785
-0.754071,154.785753,0.4519522081886913
1.088137,110.983504,0.2788919905896763
-1.146862,164.724163,0.25310177242067
-0.883134,159.801365,0.3784905020553754
-0.95182,164.494999,0.34258474376164305
-1.394853,85.0,0.16669459636022554
0.166174,162.301605,0.8682268484064462
-1.0,85.0,0.32014883321402565
-1.415599,150.235953,0.15896263484053674
-1.287651,165.069899,0.19966981572344122
-0.662317,163.968107,0.5086979215781083
-1.763075,85.0,0.08148187074690119
0.865761,161.307235,0.38790706668676433
0.008319,165.01831,0.9933725234261144
1.304207,102.579732,0.1950818618893777
1.320397,115.656687,0.18930954600841288
-0.941484,165.051859,0.347832812226072
-0.651428,163.147689,0.5156867893442187
1.025097,148.44435,0.306984981738079
-6.198314,149.229706,5.305060158876642E-9
-1.410651,152.708827,0.1603813588571672
-5.088279,127.155481,1.2658272806782621E-6
-0.706215,148.137171,0.48116366333205174
-1.40252,85.0,0.16440186763903586
0.204424,162.004568,0.8382787683040442
-0.129887,163.679471,0.8968153131171409
0.051268,164.2726,0.9591742537826624
0.008319,165.01831,0.9933725234261144
-0.122073,163.412013,0.9029911959420449
1.295323,120.38064,0.19768735835953444
-3.89568,161.292081,1.431960286135334E-4
-1.0,85.0,0.32014883321402565
-0.375122,163.960577,0.7080545346877962
-0.253445,157.547835,0.8002547849344874
-1.0,85.0,0.32014883321402565
-1.728189,85.0,0.08758561763355548
-0.127628,162.483575,0.8986011893877903
-1.0,85.0,0.32014883321402565
1.813559,158.151742,0.07164143789341071
1.0,84.0,0.32018252154415383
0.892457,134.783644,0.3737386148879267
0.321283,137.679667,0.7484831476737523
-0.463979,165.041357,0.643274179970448
0.008319,165.01831,0.9933725234261144
-1.41486,93.267236,0.160439622487906
0.662446,161.089801,0.5086320798462063
1.0,84.0,0.32018252154415383
-7.698395,102.059029,9.116876769818454E-12
-1.394853,85.0,0.16669459636022554
1.018517,123.874775,0.3104174349533968
-4.015461,137.363328,9.71749892494628E-5
-1.638777,112.734601,0.10404765540303795
1.431151,84.0,0.1560969212527854
1.356076,84.0,0.17870918306891315
-0.063419,164.692665,0.9495097641938159
1.0,84.0,0.32018252154415383
-0.324737,163.810062,0.7457944630048075
-1.0,85.0,0.32014883321402565
-1.165745,153.491141,0.2455258415842939
0.660903,97.849446,0.5102275982926794
1.395038,84.0,0.1666821306222852
-0.422466,153.108194,0.6732775991869773
0.142131,164.814558,0.8871501267495967
-0.357513,165.010057,0.7211646504371866
-0.848487,155.796413,0.39746856951370735
1.0,84.0,0.32018252154415383
0.146142,164.35171,0.883988385965853
0.008319,165.01831,0.9933725234261144
-0.215483,128.250837,0.8297330747226441
0.76123,124.901896,0.4479545378831611
6.822478,159.425355,1.7625478854199628E-10
-0.202981,164.344485,0.8394009705833961
0.492664,161.272508,0.6229200905586716
-2.116881,136.1682,0.036088629237183714
-2.854917,138.267806,0.004968368756289022
0.053188,155.461602,0.9576504024883012
-1.0,85.0,0.32014883321402565
-1.417351,85.0,0.1600355363582201
1.0,84.0,0.32018252154415383
-1.0,85.0,0.32014883321402565
3.747915,106.180334,2.9045317913745095E-4
-1.0,85.0,0.32014883321402565
-0.226259,164.954482,0.8212801045155604
1.356076,84.0,0.17870918306891315
-0.45424,161.223996,0.6502670318358894
-0.390879,164.765105,0.6963916329350399
1.41228,84.0,0.16156165587224347
-0.573905,150.46108,0.5668890043870072
-1.093403,133.423101,0.2761870733796419
1.0,84.0,0.32018252154415383
-0.520321,113.417525,0.6038540731857132
0.008319,165.01831,0.9933725234261144
1.290021,84.0,0.20058351007256836
-0.754684,162.31527,0.45153217645817645
0.008319,165.01831,0.9933725234261144
-0.701028,164.096885,0.48427843345795285
-1.0,85.0,0.32014883321402565
-0.069217,164.507037,0.9449009555191942
-0.63168,101.664061,0.5290138460474157
-1.334867,100.349746,0.18494048665342433
-1.402239,149.607253,0.16291541609602767
-0.068813,160.027161,0.9452243788171161
1.695043,93.500787,0.09339528156361898
0.614786,102.085235,0.5400639828871163
-0.820558,159.972472,0.41311911587209094
-1.468906,91.842678,0.14527525520391682
-0.835542,165.01234,0.4046207871522579
1.432562,153.665426,0.15401422116383423
-0.566019,165.05008,0.5721496208392103
0.614786,102.085235,0.5400639828871163
-0.580285,164.984785,0.562514138469239
-0.217642,164.719969,0.8279774257550216
-0.077881,163.325553,0.9380180434320631
-0.527549,163.085561,0.5985293737984858
-1.360317,124.088839,0.17619565106919144
-1.0,85.0,0.32014883321402565
-0.172103,164.988955,0.8635674754041646
-0.280194,163.363464,0.7796831600459789
-0.359304,165.045971,0.7198269529525503
-1.0,85.0,0.32014883321402565
-1.708537,164.311003,0.08942503050359984
0.893274,164.52566,0.37301520826429657
-0.652396,99.764295,0.5156461479339371
-0.606386,162.715888,0.5451035181668552
2.060139,132.395655,0.041343983124900285
-0.798377,133.855021,0.4260659594651084
1.0,84.0,0.32018252154415383
-1.56524,163.255284,0.11946296644364618
-1.0,85.0,0.32014883321402565
0.704847,159.856597,0.4819311327602258
-1.179291,158.336135,0.24005128934030084
-0.025825,164.241875,0.9794282721289108
-0.603883,164.991749,0.5467508221018273
-0.942661,162.353608,0.34725492789787427
1.0,84.0,0.32018252154415383
-1.14879,159.545845,0.2523619483802736
-1.0,85.0,0.32014883321402565
-0.93423,163.807307,0.351560360096415
-1.0,85.0,0.32014883321402565
1.246851,145.882521,0.21445032634793004
1.210435,140.133977,0.2281496839331809
1.0,84.0,0.32018252154415383
-0.275048,160.918056,0.783632193242251
-1.074942,165.053758,0.2839695652564378
0.172623,163.071003,0.8631618346197789
0.269867,162.039416,0.7876059505022477
0.747421,149.33075,0.4559847845818661
0.027898,162.655257,0.9777777028988774
-1.223319,164.806164,0.22295548721240965
1.0,84.0,0.32018252154415383
-0.441372,160.052898,0.6595393935711329
-0.409525,164.915963,0.682685840420759
1.0,84.0,0.32018252154415383
1.016532,102.027309,0.3117806417279092
-0.805601,164.998837,0.42163239999123725
-0.919406,163.946489,0.3592339973870744
-0.172573,163.449623,0.8632005799636995
0.647258,159.865375,0.5183933185778495
-0.110941,164.055152,0.9117987411587031
1.0,84.0,0.32018252154415383
1.0,84.0,0.32018252154415383
-0.570061,107.859302,0.56982185517151
1.0,84.0,0.32018252154415383
0.008319,165.01831,0.9933725234261144
1.0,84.0,0.32018252154415383
-1.838773,97.511383,0.0689920982928813
-0.111996,157.346285,0.9109693245244761
-1.331473,110.905011,0.18576370684614762
1.0,84.0,0.32018252154415383
3.889096,157.484718,1.480604152830356E-4
-1.861404,162.198838,0.06449678941532234
-0.790497,163.303611,0.4303840345701706
-1.0,85.0,0.32014883321402565
1.41937,84.0,0.15949150764133435
0.008319,165.01831,0.9933725234261144
-2.212202,162.768936,0.028345035155888102
-1.819942,144.292368,0.07084040490555886
-1.0,85.0,0.32014883321402565
1.0,84.0,0.32018252154415383
0.963959,146.013993,0.3366602382011381
0.300928,164.982017,0.7638483075973259
0.04039,148.176521,0.9678365724463331
-1.099652,158.526907,0.2731509040445569
0.845014,164.050347,0.39933372338023476
-0.855127,159.652343,0.39376228990082485
-1.0,85.0,0.32014883321402565
-1.557753,163.478393,0.12122561672530607
-1.016351,158.737114,0.3110088676950242
1.065091,130.015264,0.2888087516878639
-1.391575,161.682492,0.16596272012686453
-0.573905,150.46108,0.5668890043870072
-0.573905,150.46108,0.5668890043870072
-0.028301,155.823946,0.9774582964886199
1.0,84.0,0.32018252154415383
-0.441372,160.052898,0.6595393935711329
-1.0,85.0,0.32014883321402565
1.172305,106.035868,0.24370171875590918
1.320906,132.139213,0.18881566572812214
0.519984,156.449202,0.6038097121942281
-1.075405,165.028819,0.283763168489403
0.119619,161.673802,0.9049334800766551
-0.957251,164.535349,0.3398450016650587
0.117634,146.427476,0.9065188680920437
0.025074,164.020971,0.9800264180954237
-1.070873,165.061013,0.2857898832306376
-0.3363,163.848992,0.7370749514849815
-1.0,85.0,0.32014883321402565
-1.790993,153.215194,0.07526859970380803
1.796658,119.838512,0.0749089155967495
0.426061,123.784276,0.6708033403349962
-0.092958,165.058713,0.9260496619205557
-1.017606,158.274082,0.31041822938460106
