t-stat,Degrees Of Freedom,p-value
-4.469116,584.390621,9.43506248187574E-6
-0.39897,969.9389,0.6900031301624107
-0.300916,855.122801,0.7635516987887971
-1.468937,616.134907,0.1423602445643316
1.263081,976.993255,0.20686142064481494
3.326267,613.618706,9.327230822273602E-4
-1.394663,917.995661,0.16345486945185317
-1.947171,775.263934,0.05187497675909069
-0.713666,942.942822,0.4756103329623157
0.545658,956.807172,0.5854282329389133
0.163141,760.981073,0.8704507325174902
-1.23378,862.162616,0.21762111954847774
1.21535,683.688956,0.2246521452063619
-1.653437,924.968845,0.0985812772068273
-2.610594,749.978835,0.009218986465119478
-0.154425,984.146788,0.8773063049393726
-0.302101,985.522357,0.7626388111503641
-1.481977,955.161179,0.13867623783048677
-1.409876,984.893279,0.1588920020714818
-0.478931,982.195088,0.6320943182247976
-0.948762,984.815014,0.3429744278473733
-2.553761,647.025429,0.010884741003604965
-7.821505,909.476806,1.4433379402092228E-14
-0.372541,983.89996,0.7095703234318733
-2.118286,943.376662,0.03441178155113869
0.142966,956.418786,0.8863471465072148
-4.880165,616.70371,1.35129682574681E-6
-0.832387,826.868413,0.40543087609154227
-1.011111,942.679202,0.31222275680047107
-1.895709,650.612688,0.058441424390364496
-4.127095,873.719593,4.0253921713990636E-5
0.69192,557.127685,0.4892758206444685
-1.592553,707.194364,0.11170734782917069
-1.379273,698.739216,0.16825188222394005
-2.45343,866.903456,0.0143459868906269
-3.118571,945.924473,0.0018722789523489282
0.796141,783.154159,0.426191342545573
1.579602,524.694206,0.11480066950185663
-2.188217,597.481692,0.0290403176713397
-1.308918,779.960737,0.19094763850322116
-1.132799,507.0,0.2578340936012691
-4.007115,592.596182,6.929689828826076E-5
2.777957,897.044976,0.005584354323889151
-1.445772,879.814058,0.14859726798774997
0.97435,980.113334,0.3301231956503514
0.384543,872.115882,0.7006697802573649
2.043024,858.417599,0.041354998761940376
1.838701,540.568798,0.0665075550199461
-0.033873,975.762865,0.9729853513025201
1.330995,948.702246,0.18351043090113617
1.130099,948.609753,0.2587201712898004
2.061764,754.306617,0.03957226818394011
2.691981,908.932974,0.007233473142117752
-0.47339,769.562505,0.6360692158930599
0.075876,980.936057,0.9395332224844968
1.108618,766.273654,0.26794283683568043
4.589473,892.048646,5.080251537670222E-6
0.451489,817.104442,0.6517569567450339
2.616522,960.11186,0.009022617349381035
0.060674,951.937588,0.9516315739397787
-0.861095,956.336421,0.38940156047589947
-3.540396,914.554925,4.196760999179692E-4
-0.301875,983.397351,0.7628111816247228
-0.180856,975.894785,0.8565181577342132
2.28194,483.0,0.022927016810505352
-0.131873,864.225613,0.8951154391804806
0.239648,983.302912,0.8106530949872828
-0.437933,870.09028,0.661543546074395
-1.822418,598.622295,0.06889033172806364
0.057894,980.845006,0.9538448542945623
2.435428,883.194428,0.015071094960241505
0.442077,984.635744,0.6585305661566581
0.6526,981.060926,0.5141670675277594
0.119233,869.966927,0.9051182896152659
7.343641,882.920945,4.722888746755416E-13
0.213024,968.106318,0.831353091449649
1.819875,646.865793,0.06924008547074534
0.062529,978.202562,0.9501543423359897
4.124874,922.403207,4.044392053259571E-5
2.17853,742.866531,0.029680286318368942
0.888937,838.553631,0.37429186466824915
3.79427,944.012827,1.5750829878768968E-4
2.580841,532.66632,0.010122359093536648
0.89972,910.570085,0.36850714822453123
0.96304,786.430657,0.3358234689006008
4.94821,793.439313,9.1487027420456E-7
1.067895,746.263488,0.28591320103016393
0.611979,985.156953,0.5406928598702792
2.270335,558.371501,0.023567447474838188
0.384261,975.115473,0.7008687898847121
2.751481,672.572106,0.006092403452103712
0.420432,941.024944,0.6742658825748302
2.783146,908.509507,0.005495145200423712
3.158838,748.054008,0.001647696289184708
-0.301875,983.397351,0.7628111816247228
1.887845,791.137611,0.05941249328232456
2.927303,864.052451,0.003508860744479314
1.000299,826.58138,0.3174585666399823
3.395531,892.394189,7.151803161165038E-4
4.034778,926.436856,5.915973846271072E-5
4.10129,952.105961,4.459664495293225E-5
4.998927,835.110011,7.026004837928923E-7
2.023334,823.237463,0.0433614065754544
-0.367894,985.135307,0.7130313027599648
-1.842339,927.228487,0.06574471284319695
-0.255934,981.499394,0.7980554283925954
-0.877142,902.094237,0.3806430437221484
-1.339079,964.524909,0.18086043856314948
-1.677211,963.549849,0.09382556333752201
-2.414127,507.0,0.016126205671040745
-1.508392,507.0,0.1320771029872876
1.25676,976.83566,0.20914098636373524
-1.834684,694.842325,0.06697989404629479
-0.780812,717.940234,0.43517044754973333
1.734569,929.103077,0.08314882301834303
1.775119,772.471425,0.0762719469298323
2.69377,715.999116,0.00723033778515636
6.023295,921.679482,2.4668003195671417E-9
0.460222,622.889389,0.6455174911218657
0.427146,966.375276,0.6693681402901781
-1.237331,707.645704,0.21637464086090086
-2.760119,779.021199,0.0059137852500811845
-0.42031,983.802397,0.674350789763657
-0.840255,983.779224,0.40096958664321225
-0.615805,959.46016,0.5381692779598894
-0.723807,958.488666,0.4693608433816636
0.216472,985.959707,0.8286646279448084
0.738747,891.973403,0.4602549786768093
-0.659541,908.512221,0.509715573164639
0.378908,980.858186,0.7048381867952784
-0.901577,985.424347,0.36750191167775503
-2.341876,654.61942,0.01948595827363887
-2.542655,832.603813,0.011181385383001263
-2.967682,523.726495,0.0031377589828537815
-0.69595,582.592185,0.4867376752057304
-5.190833,876.076978,2.603395254989651E-7
-2.163934,864.500137,0.03074266564170153
-2.030326,819.20817,0.04264601780293702
-1.379273,698.739216,0.16825188222394005
-2.307623,893.318882,0.021247880206454815
-1.281365,912.599458,0.20039097530194538
-0.071835,981.228541,0.9427478575766058
-4.489092,654.655268,8.451586151602664E-6
3.860625,837.048954,1.2180866235422805E-4
0.700188,756.416441,0.4840251970052476
-0.230184,967.096142,0.8179974734522075
-1.467608,633.686022,0.14270687472099042
-0.393369,977.071981,0.6941327793923204
0.406604,954.464795,0.6843900125678162
1.15788,523.287575,0.24744120931024605
-0.131873,864.225613,0.8951154391804806
1.008785,782.674743,0.3133895187835214
-0.423704,923.807504,0.6718803293770299
0.429116,838.739451,0.6679490060026596
-6.625922,962.087661,5.736438670792308E-11
-1.579573,953.350017,0.11453639743153443
-1.368644,828.773054,0.17148144362124296
-2.142967,964.642357,0.03236538260618381
0.204875,983.670225,0.837712172301144
-4.004401,833.134712,6.772566077940375E-5
1.292492,901.628227,0.19651794540695722
-1.201397,923.769938,0.22990516240379455
6.991634,809.716316,5.685674153710352E-12
1.716665,483.0,0.08668152196182843
0.301627,854.844678,0.7630097823791142
2.265048,675.022349,0.023825893562751776
5.133975,823.938637,3.5417253907432666E-7
-0.664717,964.083187,0.5063904805084558
0.405395,949.78532,0.6852784838679646
2.37918,590.697692,0.017667870901237448
3.123695,878.057887,0.0018445516490797065
1.365432,690.786139,0.17256177238572912
4.44463,605.794082,1.0471182858129424E-5
5.887245,873.621613,5.595708119088272E-9
4.317858,879.304414,1.7547425786634818E-5
1.76353,520.133366,0.078398212890195
4.249802,970.128399,2.3459559239658034E-5
-2.670932,899.320114,0.007700723445588784
0.475888,937.420913,0.6342650533322987
2.055286,923.503099,0.04013215724043406
7.726958,791.952229,3.3306690738754696E-14
2.934473,762.615057,0.0034414492512606643
2.414049,918.578986,0.015970991505436904
1.953718,949.271058,0.05102796552363209
7.870016,716.824426,1.3100631690576847E-14
1.720348,953.129657,0.08569378209973522
1.566819,654.148795,0.11764059362719759
4.586048,530.726825,5.640604014089945E-6
1.080511,707.551644,0.28028284563907535
0.596851,810.322655,0.5507735798922577
1.237641,946.377315,0.21615617245918983
3.261539,718.197176,0.0011604447827266995
0.481007,935.775772,0.630623967572483
1.820643,963.111961,0.06897134862011822
2.306599,645.274239,0.02139307212766739
1.922546,982.248766,0.05482602526136637
-0.523206,939.543714,0.6009542743965025
1.223398,927.328403,0.22149018644566842
3.183125,515.042637,0.0015449778569993633
2.00947,978.811619,0.04476141000071232
3.348786,602.70278,8.6229443925534E-4
2.275591,597.495876,0.023223706060436333
4.533186,538.591058,7.164593286645982E-6
3.3072,545.771153,0.0010043571217668301
-0.782711,936.730494,0.4339946634448245
-0.932208,563.22932,0.3516284646062413
-1.066919,553.382039,0.28647364900959427
1.904933,594.981073,0.05727066283456694
1.879509,972.344074,0.06047388187330616
1.280555,733.683537,0.20075468777952987
7.094482,601.339585,3.664846204287642E-12
0.08935,985.338453,0.9288219160777742
1.43861,636.927658,0.15075224420481703
1.924532,954.696563,0.05458486477381874
1.951623,597.117822,0.05145011513129272
-0.189446,738.43543,0.8497953335879905
-2.971845,777.553396,0.0030514604440067105
1.647995,624.939654,0.09985632820015433
-0.71386,952.174107,0.47548869505566427
-0.233828,801.280936,0.8151782377514506
-0.596375,985.662438,0.5510616735064107
1.150785,516.543016,0.25035313219404576
2.001359,521.81784,0.04587102892554906
-1.0,507.0,0.3177875322620498
1.181249,483.0,0.2380851273143021
2.180571,644.337639,0.029576180969619115
2.307523,618.548745,0.021354902977068768
3.233985,971.082989,0.0012619358175340878
0.47787,931.31172,0.6328548753070498
1.251211,483.0,0.2114631946590002
4.962656,878.933338,8.349673545904324E-7
2.097501,967.588418,0.03620820845073425
6.303633,917.696065,4.510303242000191E-10
3.45681,913.711662,5.718083315229272E-4
0.530747,981.874806,0.5957141324604338
0.270961,918.24085,0.7864819247782286
-0.395936,970.130009,0.6922393018800943
-0.072668,943.092009,0.9420857217063733
-0.255809,904.182369,0.7981565069789534
0.500098,919.324666,0.6171257564089081
-1.193192,917.167206,0.23310274769024608
0.51375,954.728423,0.6075456652399489
2.911425,979.389711,0.003679412889035172
2.102384,935.253409,0.035786469205406846
3.945264,839.931227,8.63699912183602E-5
3.643952,865.357522,2.844758446054474E-4
-2.402618,507.0,0.016636645766597895
-0.574827,894.985865,0.5655527685334079
0.794497,880.225328,0.42712030584881444
-3.659869,539.125747,2.7716814443100134E-4
0.134931,743.390671,0.8927029536089885
-1.007142,954.096287,0.3141218904080604
-1.060766,973.889525,0.2890592476759709
-0.012015,923.900445,0.9904162415365321
-1.291979,863.760523,0.19670998072602963
-0.529547,873.508843,0.5965606039221913
-0.081545,970.38392,0.9350253547700446
-0.917631,966.111113,0.3590410997501048
0.159391,985.744734,0.8733934806527934
1.215034,939.652182,0.2246583387497405
1.790716,900.883878,0.07367453719743322
-1.102344,846.062352,0.27062561717585065
-1.065898,781.593007,0.2867989008326255
1.610071,744.346307,0.1078063282067423
1.189099,697.653853,0.2348052721607634
2.520819,804.961653,0.011900386758027626
0.965833,721.15501,0.3344515242971482
0.555232,820.653914,0.5788872934721372
0.901181,830.301749,0.3677534112665928
-1.177525,803.741395,0.2393345816129392
3.431179,986.011429,6.258978638524759E-4
-1.121668,542.635206,0.26249973157313466
1.724213,721.234633,0.08509788514902228
3.975582,553.068202,7.95238197939252E-5
-2.388673,744.067624,0.01715763441230437
-1.86305,855.526955,0.06279773178883782
-3.084348,985.803774,0.0020968113478582527
-7.984677,900.932718,4.280770468333953E-15
-1.206583,888.653759,0.22791387780660877
-1.634547,954.000335,0.10247395343958543
-0.071963,962.173617,0.9426463085958721
-1.310601,762.148315,0.1903873958933039
-1.450342,659.612506,0.1474385055615116
-4.162376,925.836617,3.4431855147570644E-5
0.189394,767.937807,0.8498340720350326
0.546266,972.23016,0.5850084341132162
-1.617724,869.859804,0.10608462411289621
-3.817331,897.029821,1.4416855637159443E-4
-0.483096,977.459251,0.6291357589295219
1.152371,483.0,0.24973868174939318
1.624533,637.294757,0.10475654074293139
-0.147604,981.663445,0.8826856083349406
1.077071,901.870462,0.28173656330126384
0.466667,985.116257,0.6408413271090925
3.665552,647.581694,2.67034329919813E-4
0.65229,983.840842,0.5143664750865096
-1.679177,826.89732,0.09349533311352898
0.442807,982.987015,0.6580027631333012
0.31666,986.00565,0.7515686320040857
2.247708,483.0,0.025045240354921505
4.770741,728.182856,2.2181511722951797E-6
0.421778,981.658557,0.6732794109006754
1.732229,702.245281,0.08367188134116943
-1.642188,977.561879,0.10087266713676646
-7.996314,828.365342,4.302448577244855E-15
-2.63013,719.807008,0.008717637265272336
-5.256962,850.784227,1.8533143506729616E-7
-9.434374,980.385457,2.7616266411264456E-20
-5.12685,824.197619,3.6737940150414564E-7
-6.133158,961.002369,1.2569364869969056E-9
0.996541,906.91993,0.3192531637766445
-1.137195,721.826298,0.2558341303177274
-0.69932,783.95903,0.4845595005576212
3.141434,924.435993,0.0017347104092089172
3.350535,976.667608,8.374454220463345E-4
4.617649,854.332414,4.477699769189769E-6
4.471671,787.913121,8.901190627685907E-6
0.057894,980.845006,0.9538448542945623
4.237854,494.654348,2.6926996965936922E-5
-0.096048,969.348809,0.9235023028363093
2.417006,483.0,0.01601825587811967
5.651501,897.881796,2.1357057233828414E-8
2.248289,756.205572,0.02484502119601162
-1.67199,650.446468,0.09500722788596849
1.607221,920.454072,0.10834884920265431
1.678339,492.966355,0.09391469854703427
-2.464085,507.0,0.014067104958113077
-0.40692,587.775258,0.6842148817163598
0.976136,958.27697,0.32924342088185066
7.813887,986.010513,1.4210854715202004E-14
6.641829,985.231406,5.1142423629357836E-11
-0.457364,934.152329,0.6475157820455947
5.104951,849.431662,4.085150895338785E-7
-2.004478,718.347624,0.04539375129221371
-4.491333,839.035788,8.068569050873278E-6
-4.375732,827.366924,1.365001689483232E-5
1.086667,982.674437,0.27745047939345646
3.673724,975.578003,2.520423979384123E-4
-2.319172,909.120223,0.020606565312994752
1.486148,663.09708,0.13771526007019586
-3.256925,859.20749,0.001170405951279583
-1.402631,649.430007,0.161204754295888
-3.586324,869.298239,3.540791562579209E-4
-3.304904,692.71747,9.990280308628452E-4
-0.12093,985.667801,0.9037711266015357
-7.380783,750.281498,4.185256378210873E-13
-5.819823,700.031045,8.968375030133837E-9
-7.226004,690.861442,1.319601271424078E-12
-3.207427,638.100376,0.0014062688189702994
-0.764366,938.171936,0.44484136758154347
-8.463624,652.95074,1.7046474535226066E-16
-4.27037,622.083729,2.2565829620308485E-5
-3.607635,912.351933,3.2578534787912897E-4
-4.654375,602.27504,3.99948665912109E-6
-4.760035,854.617126,2.272450429377405E-6
-2.378075,706.353094,0.017668336462174843
-0.661031,909.090397,0.5087599153278993
-0.968691,849.295154,0.3329751586249353
-1.189971,848.130389,0.23439078052866547
-2.396946,507.0,0.016893401626422874
-1.322865,507.0,0.18647661401063886
-1.370748,533.678033,0.17102973611938777
1.513529,495.572574,0.13078280871853032
-0.79131,979.030041,0.42895477508836777
-0.104645,910.89377,0.916680542699839
-2.285776,507.0,0.022679148478306443
-0.390472,976.052419,0.6962727590961036
0.603879,871.651921,0.5460812153455201
0.676939,985.874343,0.49860345819796525
-1.979588,979.411076,0.04802947339743184
-2.16663,958.014338,0.03050900674523481
-2.111549,591.250818,0.03514411630059183
-0.619607,983.953263,0.5356600029535284
-0.691135,985.200179,0.4896435197304755
0.012933,983.334351,0.9896838700024213
-0.324968,932.28941,0.7452781985927395
-0.301418,985.640015,0.7631593485539805
0.120758,975.714161,0.9039075798294667
0.239679,828.823538,0.8106383763063774
0.5837,643.707068,0.5596266319539449
0.57185,973.354321,0.5675556331500917
3.639711,944.989097,2.8774213212146016E-4
-0.111193,970.926054,0.9114862832883075
1.768567,769.0064,0.07736254946333632
0.810152,952.418464,0.41805519238736855
0.823408,979.237256,0.41047649835112
0.901683,930.944163,0.3674585030407491
0.456486,930.851392,0.6481470266895264
-0.61267,908.952666,0.5402478095548534
-4.067907,920.651182,5.150166190926221E-5
-3.297894,577.053159,0.0010340612640186012
-1.082116,977.133188,0.2794679584455032
-2.790453,547.531887,0.005446949797369113
-2.1394,700.158615,0.032748446388949984
-0.472583,830.604951,0.6366348595074622
-0.475236,963.331784,0.6347265009980836
-0.614737,981.224227,0.5388709428125292
1.11541,834.246178,0.2649959626596865
-1.681166,507.0,0.09334654134544984
-0.907665,897.34656,0.364298924020518
2.237897,507.66188,0.025660681779664518
0.98425,822.691953,0.32528197260156455
-2.215716,945.712112,0.026948439174186295
0.48359,651.098985,0.6288394625386098
-1.064316,791.991426,0.28750995212925423
0.627335,750.631937,0.5306304376849516
-1.159971,937.752801,0.24635585494694667
-1.243801,528.389927,0.2141243260159008
-1.136372,571.104303,0.2562775165509378
-4.638551,782.855288,4.11125212423294E-6
-0.81692,971.998137,0.41417432367841334
-2.140752,913.600589,0.032558165805521476
-1.592096,921.726049,0.11170600194943947
2.962753,982.665359,0.003122466870510543
-1.989223,936.500388,0.046967150030885654
1.543777,907.339397,0.12299104742039257
-0.539248,967.727408,0.5898397819349526
-1.517438,972.950794,0.12948097386828183
-0.323844,982.109556,0.7461250927547399
-0.851456,855.849607,0.39475426634089084
-1.703089,985.34285,0.08886676807338101
0.657866,912.542207,0.5107901532469747
-0.730698,960.413122,0.4651418485459441
-2.926254,535.406948,0.003576362486584641
-0.593891,819.839241,0.5527488448768465
-0.547305,959.282773,0.5842965113398753
-2.027489,507.0,0.0431349972840095
-2.151148,646.168565,0.03183458661079558
-3.132132,542.039883,0.001829113456389415
-3.358816,622.169852,8.305837836439612E-4
-3.067565,985.659167,0.0022170255146874342
0.503963,620.659742,0.6144662141264055
-0.280165,980.054343,0.7794100408935686
-1.932449,777.470446,0.05366705557967891
-0.800096,698.221937,0.42392730741483764
-1.468937,616.134907,0.1423602445643316
-0.702549,942.007576,0.48251042038210246
-2.899558,663.422283,0.003860437232216987
-1.014286,790.680411,0.3107565719165941
-0.128475,971.153162,0.8977996812642379
1.204785,982.611886,0.22857640097810705
3.95391,878.522315,8.306893703569074E-5
0.48152,961.784325,0.6302565059738685
0.909457,955.546952,0.3633382775310381
1.028247,967.565194,0.3040906299992183
4.616046,532.581205,4.907309476775978E-6
1.299011,771.97016,0.19432800156707275
0.051115,894.302353,0.9592452976399977
0.92867,738.687379,0.3533634847085567
-0.395936,970.130009,0.6922393018800943
-0.395936,970.130009,0.6922393018800943
0.280768,733.490008,0.7789675244168817
-0.10511,717.919076,0.9163178836652033
-0.332138,979.896353,0.7398560887076564
3.34887,789.741462,8.49881227628746E-4
3.367666,715.889299,7.98622233063373E-4
-1.484817,813.624923,0.13797962086988302
-0.773064,908.368732,0.4396856171384441
0.839516,880.239204,0.4014077583672644
-1.647532,641.796607,0.09993821007745152
-2.449957,546.758221,0.014599799156605463
-3.089797,507.0,0.0021129122179276176
-2.748244,519.973608,0.006199716264683722
-2.062539,555.704603,0.03962060838042085
-3.515638,833.201996,4.623788656370999E-4
-2.663226,694.751791,0.007918831774942185
-2.71199,507.0,0.0069152020905808706
-4.994685,529.074134,8.017461833218216E-7
-3.204767,534.13765,0.0014324578466417444
8.352467,964.593134,2.220446049250313E-16
2.153789,914.698338,0.031517408365249855
1.453651,831.436327,0.14642043137254102
1.0,483.0,0.3178112230547847
-2.844324,645.211222,0.00459160435940062
3.006378,828.529297,0.002723616751589608
1.115862,739.987354,0.26484343205998284
0.624521,794.970072,0.5324646720348403
0.94982,928.856958,0.3424507833005186
-0.259287,985.225824,0.7954679749427065
-2.57692,681.561061,0.010177659696792645
4.877804,925.532238,1.2624359690960318E-6
-0.204889,829.89928,0.8377090895926451
3.559964,893.513796,3.9046558430277933E-4
2.041757,637.821421,0.041586533114155166
0.004645,953.116981,0.996294811546967
-0.48453,985.529778,0.6281174426717341
0.969651,519.719372,0.3326715139065586
-3.062561,704.821633,0.002278043272819358
-1.310601,762.148315,0.1903873958933039
-0.395936,970.130009,0.6922393018800943
0.441552,929.466987,0.6589161267611838
0.447317,933.942792,0.6547499164348214
0.879714,702.882865,0.37931492415290946
-1.390901,635.393835,0.16474232985195925
0.772769,789.108392,0.43989049990549267
-0.250847,985.963541,0.8019846670129214
-0.476931,964.258871,0.6335193224309861
-0.709252,604.624634,0.47844150658494666
-2.895783,687.417909,0.0039022046623485014
0.757956,904.905578,0.4486746640500163
0.426479,861.946519,0.6698653356293736
0.064993,984.356558,0.9481927699647352
-1.430686,560.818915,0.1530771637632682
-2.684175,507.0,0.0075087838491698635
-0.452068,922.259943,0.6513262977362986
1.113018,833.611205,0.2660215427713939
-1.776866,572.104194,0.07612156640659618
-1.613497,846.680385,0.1070091892852918
0.124927,931.581465,0.9006082950405405
0.239217,967.096079,0.8109880068457751
0.36113,985.471384,0.7180796704982146
8.63378,961.805325,0.0
-0.777563,985.762772,0.43701324662175167
-0.767699,852.845657,0.44287852183141263
3.576175,774.547513,3.702964057028524E-4
3.74001,942.261362,1.9511920341130917E-4
5.714236,866.073268,1.5153131638356854E-8
-1.0,507.0,0.3177875322620498
0.834774,951.809451,0.4040544385065301
-2.015863,980.871631,0.04408657472280065
1.302103,931.449062,0.19320307084875443
1.778167,680.513849,0.07582285739825156
-3.875195,523.033759,1.2007682132430613E-4
1.914352,689.256822,0.05598894650520192
-3.303985,507.0,0.0010205930134407034
5.45835,789.36846,6.438834310174002E-8
7.965674,963.129571,4.6629367034256575E-15
8.463294,962.904748,0.0
4.563386,941.624385,5.699230584133019E-6
4.005561,935.454469,6.677910110686192E-5
0.280639,895.638963,0.7790521115254965
8.674883,954.379813,0.0
0.059676,985.653009,0.9524257836996395
4.510868,761.134128,7.475487542096815E-6
3.205023,884.771514,0.001398906919963805
7.342584,926.917417,4.583000645652646E-13
1.532188,979.0618,0.12579909204843798
1.684228,837.856224,0.092510063076497
-1.467608,633.686022,0.14270687472099042
-3.402231,585.781887,7.139662024164623E-4
0.804241,976.422349,0.42145356473729345
1.476517,556.783586,0.14037048927282836
-3.251559,507.0,0.0012240992490722686
-1.382388,938.270755,0.16718155786179245
-2.291181,525.980406,0.022347457440959565
-1.606052,717.065284,0.10870273936488928
1.201349,980.856415,0.22990584860100727
2.460074,971.629427,0.014064001356488776
-1.942414,646.621912,0.052520812856943135
-0.813627,983.63476,0.4160555702750973
1.59651,503.738031,0.11100208244318166
0.394812,776.9897,0.6930899906901153
1.095349,656.505941,0.2737654386280264
1.831376,864.669185,0.06738836415175387
0.472882,722.53499,0.6364401815538758
-2.024925,777.598515,0.043216302708667616
-0.03175,979.615782,0.974677888153713
-3.784732,793.440598,1.654658612676384E-4
-0.959249,791.367155,0.3377262937737596
-0.926655,809.105521,0.35438200773552087
-1.585152,660.735248,0.11341026029107382
-1.014117,722.186582,0.3108665572310746
1.594702,667.012972,0.11125258092532042
-2.165006,577.205614,0.030796291209591268
0.111214,815.387783,0.9114740192347335
-1.077668,972.397745,0.28144921092402797
-2.602038,836.67781,0.009431014194498516
1.42793,571.067476,0.1538586360434544
-0.184486,945.123195,0.8536717858527141
-1.571411,973.974585,0.11641199339478336
-1.187074,972.878622,0.23548820066033538
0.812886,937.77343,0.41648974076636636
-0.264625,984.905172,0.7913537257480576
-0.03192,985.385591,0.9745423130909686
2.195304,772.433147,0.02843859830358575
4.159144,945.878344,3.484860713953708E-5
3.918976,843.0697,9.613436700717237E-5
3.087174,882.476049,0.002083838660651427
-1.23947,970.74366,0.21547105598886118
-0.890534,954.277412,0.37340367845440936
-6.549591,910.41746,9.634482933663746E-11
-3.444577,582.206872,6.131054836958157E-4
1.56685,957.204027,0.11748026445523108
4.559876,721.409342,6.012251787756995E-6
3.541516,831.89124,4.199535062803239E-4
2.557112,914.38818,0.010714933485922895
4.90566,985.914322,1.0887480592636223E-6
1.575485,984.203685,0.11546590236431298
1.585471,956.74249,0.11318980466938622
0.930219,819.757011,0.3525315518867558
2.900779,680.133215,0.0038425656048179935
2.794405,872.08162,0.00531359268459064
0.409222,985.239334,0.6824656940257123
2.396277,731.29146,0.016812804479041432
3.383334,875.187318,7.479083974553102E-4
2.471525,942.982315,0.013629498363444847
4.226763,808.441102,2.6411213928101418E-5
3.894335,848.292052,1.0620732506261277E-4
-0.926154,975.51972,0.354595015297261
4.119542,727.075856,4.232678314908256E-5
0.310376,978.182993,0.7563411596815288
1.698574,483.0,0.09004347943026314
-1.314859,956.512107,0.18887244246981372
2.083651,974.684765,0.03745197222336172
-1.154759,945.913932,0.24848076619661363
1.330852,985.703777,0.1835454712099831
1.070035,899.574864,0.28489057280738894
-0.19866,957.334614,0.8425708958723982
-1.373938,973.78523,0.1697770978991856
-2.112325,701.097686,0.035011598019332665
3.771843,813.845379,1.73783819366502E-4
-0.547495,878.799328,0.5841777192561657
-1.379273,698.739216,0.16825188222394005
1.228655,519.387963,0.21975759203798972
1.805864,942.174502,0.07125863460598292
-1.998893,507.0,0.046153292775486805
-2.348249,605.917415,0.019182424261929263
2.104869,842.420234,0.035598334552279454
-5.809568,833.974776,8.907174642539374E-9
-1.468937,616.134907,0.1423602445643316
0.387661,849.854039,0.6983639908798656
-6.54954,796.009484,1.0348716043664702E-10
-5.589922,870.221867,3.040151520977981E-8
-3.20272,740.226466,0.0014196253887887819
-5.2866,743.706228,1.6394821081649034E-7
-1.3384,902.464439,0.1811031661000968
0.257341,979.481622,0.7969695953524965
0.168112,912.035337,0.8665324402411039
1.454958,483.0,0.14633046307240383
-0.620684,856.067651,0.5349727648975562
-2.827286,837.080591,0.004806415639570109
-2.575413,804.724535,0.010189479250012427
-3.047464,538.768939,0.002420980317164278
-1.911233,701.723151,0.056381761727998796
0.708742,718.830361,0.47871437541954887
-1.960259,507.0,0.05051276651774691
-0.923541,733.012035,0.3560292458095088
-3.446181,507.0,6.157819532431703E-4
-2.368952,677.594219,0.018118015401759925
-2.035966,630.553156,0.04217121940988544
-3.059933,710.841102,0.002297140851917764
-1.255552,585.751084,0.2097790602864702
-1.310601,762.148315,0.1903873958933039
-2.467256,507.0,0.013944633834184818
-2.601926,838.366824,0.009433738029731879
-2.471386,805.256592,0.013664900856042881
-2.963902,979.632691,0.0031111646041362454
0.695933,981.298117,0.48663557636376575
-3.36225,848.248192,8.077030928147746E-4
-2.956553,661.752419,0.0032217582015134616
-3.690875,733.61693,2.4003748117836025E-4
-0.028246,943.487571,0.9774719224784147
-9.706196,742.078187,4.752305522883101E-21
-0.76995,980.432533,0.4415150220599444
-6.178048,862.456277,9.993024093595838E-10
-5.426576,962.714224,7.270388341405725E-8
-2.198957,507.0,0.028331864438946038
-5.395316,806.737778,8.995740556184429E-8
-6.970295,825.820667,6.4722188181148E-12
-6.262633,751.301976,6.366261336314179E-10
-2.061334,814.831313,0.039587924877818516
-3.811317,984.739198,1.4680661256541276E-4
-5.712494,752.332525,1.603620995863011E-8
-0.395936,970.130009,0.6922393018800943
0.116278,985.851488,0.9074559021694004
-2.483244,640.997148,0.013273807786715355
-3.726823,581.938893,2.128291901204778E-4
-2.783452,660.688739,0.0055321590365990745
-3.630577,507.0,3.115141313115082E-4
-2.423682,947.308869,0.015550449977990835
-3.641909,650.131716,2.921693141966167E-4
1.253813,741.779495,0.2103049806939512
-8.955856,791.053505,2.3774091067872387E-18
-3.393121,979.528871,7.186828846440519E-4
-5.260209,664.554795,1.94305704625372E-7
-2.157815,653.003785,0.03130616290341641
-0.395936,970.130009,0.6922393018800943
-0.395936,970.130009,0.6922393018800943
2.134659,503.171632,0.033271432309985194
-2.216147,899.8943,0.026930914504824384
-1.740517,657.1304,0.0822363658225863
-2.188347,507.0,0.029099913960848905
-7.043858,719.421329,4.379699368091002E-12
-7.115548,878.96831,2.3131550586135305E-12
-1.468937,616.134907,0.1423602445643316
-2.22654,507.0,0.026416612178583525
-8.952119,651.769077,3.6062303730963474E-18
-2.556653,957.236798,0.010721771930356462
-1.00899,985.934622,0.3132269859030631
-4.894398,816.066337,1.1884394725839299E-6
-0.868185,708.86397,0.38558688656934326
-1.685059,595.828703,0.09250082184896635
-3.639914,571.641448,2.9745694026910474E-4
-2.188347,507.0,0.029099913960848905
-2.906406,819.997105,0.003754554594835785
-2.992305,737.548497,0.0028611719455216185
0.059425,980.846065,0.9526257059025327
-4.195679,664.670189,3.090056066803122E-5
-5.600709,677.693994,3.1044578960402724E-8
-2.545613,755.759195,0.011106122432725242
-4.304894,880.532587,1.8581777781141098E-5
-2.488515,507.0,0.013147669805445421
-2.959616,550.752871,0.003212754412148207
-5.326978,591.229722,1.4214643296829541E-7
-1.757882,970.830341,0.0790826994559236
-2.130779,507.0,0.03358791607152664
-1.143732,890.520098,0.25304214863351204
-2.37377,588.25721,0.017927629936925947
0.050084,951.220419,0.9600659642743439
-1.589594,921.659462,0.11226929309734224
1.172025,981.191527,0.2414715156210856
-0.431647,913.618989,0.6660998329684102
1.003391,980.78655,0.31591972760878173
-1.278151,761.364136,0.2015857122292024
-0.024495,978.925235,0.9804627640337997
-0.236496,955.699183,0.8130984881088535
3.403202,885.911506,6.958698730750168E-4
-0.851456,855.849607,0.39475426634089084
-2.25154,979.735011,0.024572227912087866
-0.574658,983.444368,0.5656540447486308
-0.132461,966.384597,0.8946472429848943
-2.503621,749.778443,0.01250443576330245
-2.168651,569.251631,0.03052256401521225
-3.755149,985.550518,1.8338281338990008E-4
2.864167,943.722677,0.004273757290756741
-1.888278,983.468735,0.05928276204713659
-0.574827,894.985865,0.5655527685334079
-1.494343,986.002016,0.13540593586361993
0.062118,969.34536,0.9504816682786155
-1.841457,985.90687,0.06585487526736951
-3.883733,675.755453,1.1297328959467877E-4
-0.646004,985.387488,0.5184271751805121
-1.446094,971.799265,0.14847326397642535
1.831837,652.278219,0.06743154910561144
-2.170209,979.244754,0.030230797515923412
-1.560948,979.558849,0.11885901711777258
-0.18436,982.165537,0.8537691048186726
-0.886337,984.042423,0.3756525062430368
-3.102794,979.765283,0.0019719603087242433
-1.477464,984.984148,0.13987096068234128
0.439576,927.421075,0.6603466340379618
-1.304294,976.200234,0.19244079068193232
-1.629242,978.426255,0.10358368861366696
-1.432912,983.424464,0.15220079414252408
-0.848233,985.231559,0.3965142495464886
-0.078759,984.227904,0.9372403250919629
-1.32576,516.981627,0.18550470141019293
-2.323443,643.479744,0.020466067923456534
0.441945,943.156889,0.6586303195171759
-2.966319,937.113188,0.003090376144572805
-2.435841,930.75726,0.015043937754616404
-1.57973,588.657173,0.11470587349948735
-2.226113,935.4024,0.026244186811524715
0.879714,702.882865,0.37931492415290946
