t-stat,degrees-of-freedom,p-value
-4.426413,579.098427,1.1452725901927606E-5
-0.396517,1003.877356,0.6918079399546391
-0.308894,859.786287,0.7574769936448841
-1.471411,607.582149,0.14169772929292557
1.239521,1032.868035,0.21543417508306884
3.296445,674.188944,0.0010305127611074383
-1.41436,934.570277,0.1575892826881803
-1.93369,773.656289,0.053515718585609995
-0.689774,976.059218,0.4905002805100642
0.537297,1018.433588,0.5911798463622524
0.249435,801.253969,0.8030882436558846
-1.270801,857.684718,0.20414402286234734
1.246895,729.070977,0.21283642371931322
-1.625451,952.117024,0.10439742993304779
-2.629483,743.035755,0.008728348494712284
-0.17041,1025.037123,0.8647213368151125
-0.296435,1029.8082,0.7669576710797623
-1.477578,981.576274,0.1398415399539612
-1.343348,1034.977472,0.1794537845607168
-0.433178,1033.78712,0.6649758239065642
-0.885349,1034.11079,0.37617424564924595
-2.554029,642.875147,0.010877930256984256
-7.84267,924.63929,1.2129619662299686E-14
-0.356076,1024.934331,0.7218569289983107
-2.077925,968.7026,0.037979148547144
0.149528,1016.208935,0.8811666866341994
-4.846056,613.133637,1.5974639328975404E-6
-0.844318,819.587136,0.39873810788659225
-0.996217,966.041548,0.3193941839822053
-1.893068,648.097651,0.05879406832886371
-4.130547,880.321225,3.963869254412007E-5
0.707388,606.205159,0.4795972410102838
-1.606596,699.323448,0.10859442107981243
-1.380684,694.622496,0.16782022663037532
-2.45037,878.049482,0.014465128819956692
-3.100519,970.153745,0.0019875728708835575
0.817054,839.071115,0.41412949255259823
1.600735,571.37474,0.10998834752775188
-2.180465,591.871685,0.029616124816933473
-1.305434,772.940394,0.19213354426652096
-1.121615,507.0,0.26255710501242
-3.98095,585.429785,7.727050652453192E-5
2.708333,971.680266,0.006881032842477319
-1.484485,888.040797,0.13803515103238528
0.924172,1034.670356,0.3556122475042627
0.39651,938.613713,0.6918189597444997
2.040636,927.605714,0.041569710859609144
1.822904,591.161002,0.06882286946631622
-0.052882,1009.234274,0.9578363914459922
1.309258,1012.971061,0.19074386899400775
1.115508,1011.483486,0.26489774180235526
2.058784,820.24688,0.03983021147123367
2.658397,976.197264,0.00797975049434907
-0.50426,749.214634,0.6142269395927011
0.091064,1034.373964,0.9274593688043633
1.079032,831.510475,0.2808863607545944
4.55414,960.360051,5.935935605272391E-6
0.490146,868.012867,0.6241544522267204
2.570303,1021.889895,0.01030165645301273
0.093386,1012.661472,0.9256153845895527
-0.867126,981.202586,0.3860849785855517
-3.487434,933.192436,5.104334856146305E-4
-0.291264,1025.973416,0.7709082912388404
-0.170929,1030.43156,0.8643131506847084
2.248587,483.0,0.024988792463338516
-0.17605,846.852457,0.8602967505045289
0.223675,1034.930089,0.8230543440390543
-0.475498,861.340033,0.6345526193103868
-1.84497,587.212585,0.06554526579119258
0.059369,1034.401634,0.9526696711928677
2.428952,951.78455,0.015326785350448402
0.421017,1025.61924,0.6738308770851926
0.643171,1034.797842,0.5202556424798539
0.056599,857.186101,0.9548778211164577
7.339187,950.941631,4.605205106145149E-13
0.166934,993.863112,0.8674559372779411
1.828081,694.574165,0.0679661797580764
0.021906,1012.75329,0.9825272537074876
4.071671,988.50663,5.0407679143882334E-5
2.163982,811.117796,0.030756972540604055
0.902374,901.060301,0.36709937747109445
3.746524,1007.970077,1.894730644258491E-4
2.56749,582.182032,0.010492296051267225
0.874722,982.334114,0.381938993696759
0.988114,847.244206,0.3233789203200632
4.908284,863.3909,1.0983559135535614E-6
1.080641,811.241436,0.2801779859467082
0.563137,1034.097254,0.5734636735339631
2.254582,610.837676,0.02451296734898012
0.372317,1031.730652,0.7097333048100309
2.742568,731.387262,0.006245200806526796
0.438829,1002.543564,0.6608799988016505
2.727628,978.146753,0.006493385502363225
3.157366,812.723382,0.001650788311253537
-0.291264,1025.973416,0.7709082912388404
1.878883,860.932848,0.06059811972967233
2.911223,933.116774,0.0036858427172092867
0.990006,895.874266,0.3224384941022749
3.372538,959.831091,7.745424724570071E-4
4.009082,992.259447,6.552294620254528E-5
4.073157,1014.335086,4.999522178117388E-5
4.953179,903.460377,8.712979648883845E-7
2.000346,894.213627,0.045764892650273836
-0.378132,1028.422425,0.7054105715542469
-1.8198,945.758361,0.06910548036044913
-0.28063,1019.755152,0.7790511259591292
-0.947406,909.635412,0.3436835443660602
-1.353301,994.582977,0.17626698560784737
-1.708367,993.352102,0.0878806723680764
-2.383191,507.0,0.01753058967063562
-1.486902,507.0,0.13766230274223346
1.221913,1033.224414,0.22201922501099758
-1.830439,690.412423,0.0676152435201111
-0.799344,700.030432,0.4243621073780133
1.715136,995.313349,0.08663154737383483
1.768218,828.04295,0.07739263534118268
2.681082,780.962819,0.0074932851491436026
5.967234,986.659887,3.360766109850033E-9
0.513638,663.069331,0.6076762159141034
0.425639,1027.645626,0.6704600400991494
-1.232934,705.288195,0.2180111782790204
-2.77716,779.572096,0.005615272198582101
-0.409889,1034.94831,0.6819722012966131
-0.79701,1034.739319,0.42562806098884964
-0.622868,987.080374,0.533515141192575
-0.711005,988.397266,0.4772488832315751
0.190708,1027.608515,0.8487920396358652
0.733608,960.054099,0.4633667866037423
-0.692613,921.57541,0.48872693569692394
0.361678,1034.534392,0.7176665247387168
-0.851101,1034.920336,0.39491012790114166
-2.368078,641.480771,0.018176302996087437
-2.521004,835.391225,0.011887162353935247
-2.931704,521.452689,0.003519087732450386
-0.710145,575.813009,0.47790171714024754
-5.176066,888.526285,2.8030385944298776E-7
-2.162957,873.153204,0.030815274213653557
-2.012584,824.394264,0.044483158017706595
-1.380684,694.622496,0.16782022663037532
-2.272358,908.736398,0.023297773100180975
-1.229565,939.833987,0.2191677640031442
-0.080657,1017.245927,0.9357305995935971
-4.475029,652.462308,9.014572142473927E-6
3.835855,906.035807,1.3379587953976646E-4
0.708592,815.649124,0.478780162780879
-0.194883,1023.36079,0.8455232253609036
-1.472547,625.514487,0.14137619525021206
-0.346526,1031.258554,0.7290181390487787
0.408399,1016.930977,0.68306674532813
1.152881,570.055576,0.24944242390538163
-0.17605,846.852457,0.8602967505045289
1.03313,838.272954,0.3018410265378746
-0.421488,939.322019,0.6734952046392755
0.479959,902.717755,0.6313728174236461
-6.610196,990.611373,6.261779775313474E-11
-1.5474,980.664679,0.12208945353886025
-1.366711,838.516202,0.17208223690100177
-2.094188,999.22669,0.036494688233197965
0.191777,1034.919278,0.8479545076283062
-3.935133,845.434636,8.998030494840916E-5
1.268618,974.482659,0.2048802992890475
-1.15763,964.335069,0.24730170087694314
6.902134,879.019852,9.804823619674607E-12
1.696542,483.0,0.09042758696818076
0.236094,850.948838,0.8134165427246731
2.235332,735.022582,0.025695141361549823
5.041461,896.706761,5.58959603269571E-7
-0.700128,989.911922,0.4840118745363371
0.398151,1014.912984,0.6906026202514306
2.380952,650.03336,0.017555015947481545
3.108257,944.726977,0.0019382504886180651
1.379543,747.315476,0.1681400407925906
4.43768,662.149192,1.0649520388872347E-5
5.79196,945.798817,9.464771411060724E-9
4.19664,953.152405,2.9622130742090746E-5
1.747206,567.091905,0.08114291416508612
4.165154,1028.191826,3.372480803731648E-5
-2.735177,911.175856,0.006355767867386366
0.508887,999.597194,0.6109437350480726
2.003969,993.689122,0.04534442527689708
7.603211,862.376277,7.549516567451064E-14
2.875397,832.312777,0.004138155463111026
2.351764,988.094476,0.01888013994101545
1.914983,1013.289815,0.0557759744484303
7.788831,781.676785,2.1538326677728037E-14
1.658541,1015.739787,0.09751705609436856
1.556271,717.341845,0.12008471682162813
4.526749,581.686278,7.267401734400991E-6
1.08857,768.006476,0.27668502441178533
0.598813,875.72448,0.5494524523762976
1.204064,1013.379083,0.2288460032796289
3.253976,779.685398,0.0011870629681138833
0.490127,999.015122,0.6241516515924479
1.780687,1023.271929,0.0752602089646548
2.295965,708.618465,0.021968949644869618
1.837076,1034.685479,0.06648534861698852
-0.556488,955.389944,0.5780076122102863
1.217299,990.688833,0.22378035543981722
3.161054,564.732993,0.0016562597550628944
1.932973,1034.869983,0.053512081235718156
3.354388,654.971232,8.412864241942319E-4
2.277362,650.569495,0.02308832110532255
4.473245,589.824681,9.245207469810168E-6
3.248766,599.044709,0.0012239321752414156
-0.760757,961.143991,0.4469888110813447
-0.940702,554.382933,0.3472672972821311
-1.061475,549.084597,0.2889407387564604
1.887169,645.425532,0.05958608758364892
1.781954,1032.536752,0.0750505468670144
1.28881,795.464689,0.19783883287554271
7.005026,656.406141,6.1317617650047396E-12
0.046467,1034.368501,0.9629470052740268
1.442966,694.080344,0.1494811834759604
1.875253,1017.451798,0.06104415400583196
1.951687,653.639969,0.05140207778095074
-0.245619,711.753213,0.8060479863300958
-3.029501,771.226153,0.0025313581335278733
1.65554,676.447749,0.09827881657544646
-0.745108,973.690807,0.45638624363054126
-0.27919,777.577061,0.7801732567705707
-0.584204,1030.967749,0.5592108738878834
1.145065,563.459519,0.25266836684337424
1.994935,570.103139,0.046525545076245844
-1.0,507.0,0.3177875322620498
1.169566,483.0,0.24275249183824998
2.19038,696.729671,0.028827373013160296
2.288901,675.193374,0.022393031949097697
3.191673,1028.87967,0.0014573640178001668
0.481254,996.835877,0.6304416053518214
1.245263,483.0,0.21363887762156075
4.940907,946.624306,9.191824830168116E-7
2.025624,1028.418082,0.04306116752603151
6.258859,982.94986,5.782763157213822E-10
3.437979,981.769375,6.106791895552632E-4
0.522981,1034.876226,0.6010994246594299
0.292922,976.63663,0.7696439966150672
-0.393515,1003.75092,0.6940227182635187
-0.112509,957.499901,0.9104434163509849
-0.182702,957.843521,0.855070508230263
0.502496,986.875094,0.61543077183001
-1.230988,930.569837,0.2186383841958397
0.503561,1015.407063,0.6146791270021359
2.863139,1033.795166,0.004279395755812931
2.078132,999.463644,0.03795194495545773
3.937616,908.330901,8.858985360604699E-5
3.602139,935.289188,3.32228452960992E-4
-2.390683,507.0,0.017180956889190593
-0.58869,899.955758,0.556216965822299
0.795791,949.194121,0.4263524874665292
-3.627996,534.685947,3.130205556066019E-4
0.182118,786.918676,0.8555370260071458
-0.967417,985.209256,0.3335730323229289
-1.032283,1009.365915,0.30218683426399817
-0.044059,925.911343,0.9648668739295484
-1.25938,889.691996,0.2082234017734116
-0.534083,875.787945,0.5934196473417053
-0.055382,1025.630702,0.9558449219482588
-0.889203,1004.182565,0.37410694846883175
0.132783,1029.39199,0.894390950097862
1.188562,1007.800688,0.23489206445169764
1.792034,967.822814,0.07343980229638603
-1.149589,847.387079,0.25063753843860614
-1.077815,772.856775,0.28145261429039514
1.605433,809.215182,0.10878869534960378
1.201027,747.486416,0.23012115751845363
2.486608,869.62615,0.013083371691973156
0.995501,783.349847,0.31980005976591497
0.538471,885.83106,0.5903871978906767
0.914035,893.631444,0.3609450009032551
-1.164581,800.896169,0.24453540992654244
3.374989,1032.491942,7.656535518481E-4
-1.115469,537.090339,0.2651483353237436
1.713488,777.034933,0.08702165336736645
3.928682,603.954242,9.527856030300264E-5
-2.323455,750.829264,0.020420907003925137
-1.830081,868.790893,0.06758031451376861
-3.013845,1031.020149,0.0026426540743535966
-7.967352,914.214486,4.8059448504655944E-15
-1.204856,904.710723,0.2285739705303247
-1.59599,983.546852,0.11081226239204867
-0.112364,979.28309,0.9105578260442251
-1.308154,767.437516,0.1912127533961182
-1.456923,652.682067,0.14561854919476358
-4.117946,947.65294,4.1561928495810725E-5
0.307005,810.236177,0.7589184510922145
0.519074,1032.840554,0.6038203407950067
-1.598764,884.972236,0.1102299931941727
-3.770203,912.043628,1.7361308111956886E-4
-0.436545,1031.668539,0.6625327014930564
1.141686,483.0,0.2541502510607554
1.629619,694.396221,0.10363555715124351
-0.152537,1020.888732,0.8787935512100726
1.099199,969.054872,0.271954279585235
0.446047,1034.602176,0.6556566269916928
3.611326,709.161752,3.261142163200059E-4
0.594119,1034.864149,0.5525623735900522
-1.689795,825.052818,0.09144495539477704
0.392966,1021.825554,0.694426558874951
0.286413,1031.63516,0.774619325622514
2.250068,483.0,0.0248939350701205
4.734146,793.081241,2.6051342267852107E-6
0.386817,1034.790065,0.698971222539994
1.683892,766.459071,0.09260971252025807
-1.535438,1030.780547,0.12498314674298128
-7.937411,831.869522,6.665774486736981E-15
-2.604323,727.7298,0.009393422696531357
-5.166934,863.981624,2.956580936073205E-7
-9.448121,1018.990665,2.2825965234517344E-20
-5.050445,830.659593,5.420381917612321E-7
-6.087857,989.701092,1.6348161659881003E-9
0.959332,991.615586,0.33762536446988234
-1.143772,720.780901,0.25309791839662155
-0.740983,768.213611,0.45893017875094666
3.143235,989.124597,0.0017206725631959685
3.284229,1032.366091,0.0010569701130853648
4.601453,922.559268,4.781862946945381E-6
4.453146,853.942086,9.585449207927255E-6
0.059369,1034.401634,0.9526696711928677
4.180441,542.939014,3.3911597649316505E-5
-0.159272,996.415744,0.873486856998643
2.40919,483.0,0.01636118686480259
5.636416,965.692666,2.2782343345184586E-8
2.260715,818.453426,0.024038795964088866
-1.685506,639.892074,0.09237852022307835
1.577352,987.566425,0.11503480175217429
1.667935,541.12134,0.09590715775570069
-2.461822,507.0,0.01415508834020805
-0.457735,574.368591,0.6473159433902457
0.951481,1020.576778,0.3415855335307727
7.807167,1032.64865,1.4210854715202004E-14
6.60522,1034.660922,6.337130820099901E-11
-0.491358,947.357358,0.6232870770400122
5.062433,918.10674,5.001293927886508E-7
-1.974169,722.893886,0.048742807486045814
-4.424275,847.501327,1.0937959669159871E-5
-4.33599,836.152443,1.627958172932736E-5
1.038067,1035.001412,0.2994813131209906
3.622991,1031.934217,3.0540139480095263E-4
-2.345269,925.233166,0.01922380795403601
1.504416,722.153799,0.1329114973171972
-3.198227,879.170402,0.0014322241130984151
-1.413447,636.844834,0.1580129285761812
-3.528429,884.158151,4.395734945440053E-4
-3.279625,693.369155,0.0010914155864332447
-0.1349,1030.201487,0.8927172905456283
-7.384714,745.306005,4.0970968603289593E-13
-5.771293,694.549552,1.1855053927444886E-8
-7.20843,684.456392,1.5009075783792728E-12
-3.157878,639.490245,0.001664038862702383
-0.755611,961.419347,0.45006753760227747
-8.395568,649.722133,2.904567330024796E-16
-4.208073,618.200436,2.9575303592981826E-5
-3.663418,928.216457,2.629589667628097E-4
-4.624119,597.012121,4.6146292532100286E-6
-4.807668,860.370432,1.8019382695776126E-6
-2.380021,696.762603,0.0175797134389993
-0.663788,917.757814,0.5069927182360771
-0.970071,850.070873,0.3322870296217302
-1.195743,850.777886,0.23213002927349602
-2.372631,507.0,0.018034016818500958
-1.3044,507.0,0.19268905495992583
-1.37597,529.467191,0.16941264368641507
1.521769,543.555384,0.12864847980560934
-0.746681,1025.171851,0.4554273416795064
-0.13298,913.577624,0.8942384819095196
-2.259015,507.0,0.02430638956877244
-0.388848,1009.93577,0.6974705548541527
0.620564,933.232843,0.5350380465088507
0.625181,1031.330421,0.5319905706960224
-1.991843,1017.174577,0.04665530900580686
-2.161926,986.133429,0.030863845845916518
-2.099384,585.983294,0.03621019654025101
-0.628224,1025.499854,0.529997089754931
-0.68368,1029.342601,0.4943311238691639
0.007245,1034.986071,0.9942207731170027
-0.311474,992.012094,0.7555057498561022
-0.292251,1031.536655,0.7701534886375252
0.143497,1031.662424,0.8859257032389936
0.289225,875.582312,0.7724776681777796
0.603512,691.982902,0.546365904246688
0.55601,1031.655502,0.5783245825235022
3.605396,1008.53188,3.2693124670113427E-4
-0.110675,1001.582529,0.911896243825502
1.753133,837.593285,0.07994498012652196
0.762285,1020.388469,0.44606608941338477
0.779182,1034.955103,0.4360506368792396
0.862804,1002.916551,0.38845150816832685
0.463224,995.419448,0.6433050731301939
-0.618537,920.344731,0.536374463940575
-4.076019,939.051358,4.9689514234327454E-5
-3.268641,576.476461,0.0011450012404711862
-1.07927,1014.167626,0.28072399194833564
-2.763901,543.934283,0.005905085635232639
-2.128242,691.018687,0.033670253496924415
-0.487428,829.432851,0.6260838542703537
-0.486837,992.242999,0.6264813666709868
-0.616942,1020.328799,0.5374106191741557
1.119401,903.447902,0.26326661983286614
-1.677764,507.0,0.09400947067621834
-0.9105,911.729218,0.36279952945839267
2.21244,555.863042,0.027341979885229017
0.97296,891.883864,0.33083698140026163
-2.217145,970.433934,0.02684427421840362
0.504953,704.184374,0.6137498328717885
-1.06892,797.055961,0.2854293302263248
0.668393,797.920932,0.5040760640781821
-1.172468,957.607503,0.24130079977887442
-1.25727,524.768483,0.20921514003787756
-1.159201,565.98779,0.24686308032393955
-4.635491,784.322044,4.169678279878683E-6
-0.840885,1005.311481,0.40061231871449865
-2.152373,931.439886,0.0316243181531914
-1.535761,951.621979,0.12492940416418374
2.953604,1034.920148,0.0032118821129785147
-2.016732,958.534919,0.044001933182905933
1.558759,974.861705,0.11937799080961264
-0.56944,998.888722,0.569185604553384
-1.490498,1006.236588,0.13640672961216038
-0.32306,1034.641667,0.7467150806909819
-0.865637,853.408923,0.3869325356006017
-1.604031,1031.583081,0.10901331387594348
0.665396,973.847127,0.5059547995219289
-0.656964,1015.444602,0.5113529283818421
-2.915124,532.379166,0.0037051736703998125
-0.60788,823.761448,0.5434346110463963
-0.54804,986.364846,0.5837884379317472
-2.010843,507.0,0.04487094421890345
-2.138074,640.490323,0.032888545159981006
-3.107136,539.018597,0.0019886360003607694
-3.310824,618.044086,9.843844134859359E-4
-3.029749,1030.183944,0.0025086236758018916
0.543769,661.538015,0.5867836439586556
-0.279401,1017.469896,0.7799938873648318
-1.979829,773.309347,0.04807688837369448
-0.818052,680.221009,0.41361395811568824
-1.471411,607.582149,0.14169772929292557
-0.686833,964.140898,0.4923531301137244
-2.843457,660.882015,0.004600583149556394
-1.03214,783.604871,0.30232498407889674
-0.078413,1027.523579,0.937514799743309
1.183524,1034.92457,0.23687331861235839
3.979017,946.700213,7.448506890539441E-5
0.51317,1021.82858,0.6079433353739896
0.889708,1021.634073,0.37383214780665663
1.025716,1026.642988,0.3052670821361816
4.592091,583.17628,5.379191618359869E-6
1.2977,833.701675,0.19474937535009107
0.09044,943.659079,0.9279567639106086
0.94981,798.792652,0.3424960781424162
-0.393515,1003.75092,0.6940227182635187
-0.393515,1003.75092,0.6940227182635187
0.3226,778.860332,0.7470847716911255
-0.039162,761.917827,0.9687714888181282
-0.300645,1033.379913,0.7637456873077201
3.343871,858.096181,8.619816613795184E-4
3.370367,777.14898,7.87734995628675E-4
-1.444239,823.212092,0.14905223521131405
-0.783621,920.91123,0.43346401779088206
0.82236,944.636948,0.4110795636092406
-1.641889,635.723217,0.1011075622778429
-2.447471,542.689492,0.014702136793904162
-3.049109,507.0,0.002415153461733084
-2.7245,517.971622,0.006657544220927211
-2.06019,548.811101,0.03985124577343823
-3.531737,835.27036,4.354584516328359E-4
-2.683882,684.512364,0.0074532298179034616
-2.664978,507.0,0.007944778283888258
-4.930453,526.354544,1.1013869052104271E-6
-3.199086,530.587458,0.0014609956743878397
8.352675,996.277273,2.220446049250313E-16
2.158039,980.581441,0.031167000021424807
1.429397,898.176711,0.1532378697040082
1.0,483.0,0.3178112230547847
-2.831781,638.938473,0.0047747108183589
2.962045,901.352897,0.0031362721249041936
1.118456,798.034487,0.2637088454833263
0.678341,844.903601,0.497741247216118
0.934721,997.81951,0.3501582454990877
-0.275976,1028.178585,0.7826219581456377
-2.538975,690.180095,0.011336240100472463
4.85843,991.213636,1.374566338974148E-6
-0.22748,826.499415,0.8201067776567479
3.530537,961.98802,4.3437568905080326E-4
2.04645,695.000368,0.04108783053877274
-0.036053,975.227235,0.9712474765603308
-0.463431,1034.983337,0.6431528999898226
0.975964,566.2759,0.3294990352473257
-3.051985,697.696338,0.0023596379522526165
-1.308154,767.437516,0.1912127533961182
-0.393515,1003.75092,0.6940227182635187
0.441829,994.543889,0.6587090024246527
0.435932,1003.56535,0.662979819785031
0.907363,752.839485,0.3645052078224693
-1.386377,626.524642,0.1661249598605945
0.809531,846.118245,0.41843737011233584
-0.238658,1031.780291,0.8114181786547316
-0.492392,990.003216,0.6225514274654312
-0.733553,590.607691,0.4635122902605734
-2.880727,680.538002,0.004092418863259217
0.76639,971.900535,0.443630382143122
0.442034,923.170658,0.6585681326615886
0.062021,1034.882009,0.950558084491588
-1.430532,553.045975,0.15312913092655722
-2.624233,507.0,0.008946315146971908
-0.491694,928.979964,0.6230518353077966
1.092304,907.790296,0.27498929837980235
-1.777202,565.606384,0.07607232686801146
-1.635587,850.345014,0.10229611974365638
0.146772,992.15956,0.8833418031094071
0.266258,1026.371695,0.790093994893093
0.338606,1028.307245,0.7349756873478177
8.649715,1022.102906,0.0
-0.727356,1032.010888,0.4671728694093954
-0.786418,846.679568,0.4318426871399996
3.54863,843.982057,4.0861991595986247E-4
3.75949,1006.052384,1.8006658233526984E-4
5.690458,931.138747,1.696698581632461E-8
-1.0,507.0,0.3177875322620498
0.814376,1016.080082,0.41562040096085573
-1.951528,1022.291017,0.0512670685503668
1.288485,997.767504,0.19787587784698268
1.782066,741.857952,0.0751473997119616
-3.840614,521.178539,1.378335144014761E-4
1.894224,754.677891,0.05857738765345788
-3.271993,507.0,0.0011406779387923044
5.485442,857.16534,5.430243921189515E-8
7.969897,1022.951304,4.218847493575595E-15
8.489553,1023.064185,0.0
4.576517,1005.792727,5.318200335446832E-6
4.002488,1000.420638,6.730767295737294E-5
0.285505,961.325628,0.7753187770546117
8.678035,1016.004755,0.0
0.034665,1033.866986,0.9723535614614214
4.475665,827.625957,8.683847227519692E-6
3.178551,951.604836,0.001527905453990952
7.372378,992.595075,3.5282887722587475E-13
1.497065,1034.070272,0.13468150146119706
1.6902,906.21961,0.09133360830104698
-1.472547,625.514487,0.14137619525021206
-3.370807,579.670555,7.993552816240076E-4
0.788765,1032.469382,0.43043044333547487
1.460619,609.187328,0.14463557084272183
-3.224709,507.0,0.0013423134927181709
-1.371318,960.453894,0.17059614235198095
-2.259677,523.191466,0.024251800337228614
-1.603812,720.342637,0.10919383184330311
1.162479,1034.53548,0.2453090410347205
2.435038,1029.41785,0.015059196757682303
-1.954608,636.303515,0.05106688807957328
-0.844327,1025.313123,0.39868365806826855
1.597852,551.127448,0.11064906306028433
0.429702,829.385855,0.6675240394656021
1.112758,699.659214,0.2661945477837879
1.827851,935.838992,0.06789017375229345
0.485487,778.262701,0.6274675718727709
-2.017559,773.798703,0.043981968707028904
-0.058517,1013.058409,0.9533483618964347
-3.79437,789.339675,1.5933976329013865E-4
-0.970344,783.093886,0.33217465764012155
-0.932337,807.546014,0.35144104890647665
-1.598453,647.280355,0.11043019842818746
-1.023899,707.594452,0.3062328912573814
1.614309,716.981628,0.10690039162198683
-2.177444,568.091823,0.02985823853711329
0.1636,869.599119,0.87008405836426
-1.06492,1007.290452,0.287167332659541
-2.608115,842.924618,0.009265354349355492
1.421862,620.087682,0.15556908284529336
-0.137783,1001.833978,0.8904396068667144
-1.542199,1009.995604,0.1233384821596697
-1.207521,1006.594853,0.22751521136864472
0.801624,1006.063146,0.4229597803329108
-0.260499,1028.418844,0.7945310347584268
-0.038825,1028.678296,0.9690374460509752
2.201116,837.836287,0.02799985322519838
4.113767,1011.023128,4.209033718494126E-5
3.875463,911.452976,1.1404699070838298E-4
3.026205,953.162059,0.0025429563116450282
-1.241751,1005.110273,0.2146181290667022
-0.918894,979.41033,0.35837725985240254
-6.484647,924.699454,1.4460623308512342E-10
-3.423101,576.051644,6.630779054530508E-4
1.540065,1019.54479,0.1238548016322385
4.530916,784.649742,6.7869889699423425E-6
3.481426,904.012936,5.226279122600985E-4
2.526156,983.438893,0.011687838895692915
4.790522,1031.956797,1.9068595702442792E-6
1.493953,1026.011395,0.1354953627419222
1.531643,1021.7222,0.1259201064684845
0.927464,893.295474,0.35393619127295795
2.930494,736.536819,0.0034889338266097525
2.780671,939.366492,0.005533145902609116
0.367448,1027.820679,0.7133605185627423
2.362755,798.266866,0.018378568160604347
3.351242,942.376293,8.36469958940711E-4
2.459171,1006.761177,0.014093139168035673
4.209528,873.265076,2.8240706699822482E-5
3.876757,916.633744,1.1340829145889408E-4
-0.96009,1009.194047,0.3372398820003314
4.089395,793.205322,4.766233976183365E-5
0.3211,1033.653288,0.7481995210273817
1.683333,483.0,0.09295681935052524
-1.316653,983.834583,0.18826158735059262
2.03052,1031.664618,0.042559807247571024
-1.222812,966.537095,0.22169878610747695
1.250369,1034.030067,0.2114476619248542
1.070881,967.624157,0.28448997306420454
-0.24138,978.306682,0.8093111935938231
-1.372488,1006.83867,0.1702172257627328
-2.074455,701.81047,0.0384010416722621
3.76281,882.126155,1.7911880499310584E-4
-0.578792,879.605696,0.5628777027760705
-1.380684,694.622496,0.16782022663037532
1.22824,569.272222,0.21986444140521044
1.776327,1005.620008,0.07598132786762957
-1.967708,507.0,0.049646275784745654
-2.343846,602.830731,0.019409906575678672
2.086079,904.433196,0.03725117102525366
-5.793411,835.855692,9.764210385252672E-9
-1.471411,607.582149,0.14169772929292557
0.41639,902.672184,0.6772236300088856
-6.510423,794.313297,1.3275488776746768E-10
-5.564594,876.956817,3.491302488282868E-8
-3.197365,739.639101,0.0014459251227257632
-5.314916,734.457895,1.4167510255350737E-7
-1.356546,911.669339,0.1752613327459278
0.235654,1034.11812,0.8137478271120053
0.188191,974.98127,0.850766088046377
1.436767,483.0,0.1514316334347925
-0.655906,851.766196,0.5120617366389547
-2.779588,849.028178,0.0055631008944603474
-2.588257,805.715984,0.009820102110697738
-3.003075,534.723034,0.002797718992436614
-1.89808,695.64763,0.05809922012964575
0.714011,777.638957,0.4754346261709963
-1.948802,507.0,0.05187026536761316
-0.957628,723.590144,0.33857021807821486
-3.403696,507.0,7.174465788447857E-4
-2.371475,669.572054,0.017999176290780926
-2.035503,626.341158,0.04222069240384581
-3.019519,705.227677,0.002623147780120631
-1.266654,575.253528,0.20579165248324427
-1.308154,767.437516,0.1912127533961182
-2.439488,507.0,0.01504987598339614
-2.572942,850.253008,0.010252335609288041
-2.46341,803.369028,0.013970833406597941
-2.956897,1017.292215,0.0031792972670367458
0.649222,1034.458647,0.5163390066135358
-3.374202,850.55865,7.737886725168589E-4
-2.947902,655.717684,0.003313125431572001
-3.675994,729.020491,2.543140868853399E-4
-0.01179,1005.712522,0.9905954972379557
-9.665054,737.431388,6.904855535763358E-21
-0.776554,1019.715971,0.43760203613253
-6.109126,871.742396,1.5081949078343228E-9
-5.400808,991.331228,8.305988754327536E-8
-2.187258,507.0,0.02917975352328856
-5.397491,809.794583,8.88217006223624E-8
-6.921984,829.447383,8.916843081645189E-12
-6.215858,748.224941,8.476273681569809E-10
-2.020936,814.540743,0.043613092231491006
-3.805095,1027.188333,1.5012290195224847E-4
-5.630278,752.941426,2.540269840666308E-8
-0.393515,1003.75092,0.6940227182635187
0.100217,1029.797806,0.9201915562384182
-2.485848,630.751618,0.01318215827442871
-3.685587,575.466587,2.497429824436059E-4
-2.761623,655.28372,0.005912614613657397
-3.602425,507.0,3.4633173277413403E-4
-2.439248,970.835251,0.014896060247140472
-3.632599,641.025183,3.0302156370768665E-4
1.256531,806.869218,0.2092871678449082
-8.888758,791.736677,4.11672769103926E-18
-3.371518,1017.135323,7.756826616021098E-4
-5.240885,659.116962,2.1540885002197207E-7
-2.145307,645.781628,0.032300577026284284
-0.393515,1003.75092,0.6940227182635187
-0.393515,1003.75092,0.6940227182635187
2.119516,551.267146,0.034493193264308886
-2.184402,912.674356,0.029186543604791174
-1.759969,642.898544,0.0788885868038339
-2.176108,507.0,0.030008147479458753
-7.000198,711.275433,5.9215241704120096E-12
-7.059431,889.159255,3.3676437197046936E-12
-1.471411,607.582149,0.14169772929292557
-2.191731,507.0,0.0288530197128065
-8.910104,643.503813,5.1984260772661265E-18
-2.499139,990.504706,0.01261050872989312
-0.967443,1033.315002,0.33354899615786937
-4.886148,816.561342,1.2376913529515824E-6
-0.895366,689.86354,0.37090376633030053
-1.678605,588.49995,0.09375991307948084
-3.623757,565.977916,3.164963128883431E-4
-2.176108,507.0,0.030008147479458753
-2.89434,821.423742,0.003900193268798059
-2.944308,741.982209,0.003337906969173257
0.061626,1034.402073,0.9508725761232635
-4.155958,658.979355,3.6665988961411E-5
-5.555952,671.499674,3.982955732721409E-8
-2.518823,750.926391,0.01198142838261558
-4.245032,893.399455,2.414178517343517E-5
-2.466399,507.0,0.013977639650543171
-2.928652,547.268978,0.00354615226193741
-5.301921,584.844233,1.6268833951734723E-7
-1.697939,1009.878781,0.08982734432482342
-2.108733,507.0,0.03545750675429832
-1.146605,905.215782,0.2518478964940901
-2.406707,580.088413,0.016408606773675526
0.020318,963.263322,0.9837939045708126
-1.561132,949.398138,0.1188258643296457
1.141887,1034.660959,0.2537651840484878
-0.418738,930.618258,0.675504242030134
0.993387,1034.425134,0.32075370457244734
-1.290948,755.130107,0.1971167834024986
0.002699,1033.423386,0.9978470330874074
-0.233458,980.475615,0.8154545108306799
3.307013,958.381395,9.780101810954456E-4
-0.865637,853.408923,0.3869325356006017
-2.244271,1017.4658,0.02502928075609739
-0.609066,1023.947006,0.5426157960508584
-0.0952,1020.509178,0.9241746594502098
-2.464197,742.985897,0.013957413188372578
-2.160993,564.008301,0.031116103666058444
-3.759428,1029.681849,1.7988132272776173E-4
2.858331,1007.808746,0.00434647442466507
-1.879887,1024.327231,0.06040711089939655
-0.58869,899.955758,0.556216965822299
-1.497718,1032.204765,0.13451225921181553
0.081357,1026.872801,0.9351738985168243
-1.812592,1033.75622,0.07018475634749805
-3.837708,676.377793,1.358241149704414E-4
-0.592464,1034.567583,0.5536693850413805
-1.440947,1004.945019,0.14991115194408577
1.838956,709.441709,0.06633942698280926
-2.126629,1018.097037,0.03369092119243693
-1.578796,1017.546,0.11469365297035838
-0.167755,1034.763808,0.8668088050344516
-0.927311,1025.875286,0.35398319462745476
-3.096604,1017.405158,0.0020111129329920636
-1.492337,1028.145798,0.13591759158954497
0.478105,990.951626,0.6326809250518788
-1.268389,1012.881449,0.20495051082350513
-1.657494,1015.264047,0.09772857731329943
-1.406167,1024.699505,0.15997770379445087
-0.839557,1034.606051,0.4013507690245095
-0.067502,1034.974915,0.9461951075349488
-1.326061,515.006645,0.18540730124465432
-2.314355,637.285281,0.020965292539800316
0.443977,1007.67977,0.6571545335138114
-2.992711,957.787271,0.002836048971585871
-2.44748,948.248962,0.01456637829685945
-1.554618,578.815875,0.12058365348936417
-2.264375,954.597061,0.023774662288828952
0.907363,752.839485,0.3645052078224693
