connecting
connected
chi,p-value
0.06810897435897435,0.7941102739233681
NA,NA
0.7361841057692307,0.39088599375372846
0.14549911858974357,0.702874212512915
0.003205128205128205,0.9548528001763662
0.19107923878205127,0.662019890393668
0.04828491506410256,0.8260749841063331
0.14105902724358974,0.7072304575698221
0.033503951923076924,0.8547659681847751
4.741987179487179E-6,0.9982625196326262
0.13702397275641026,0.7112576959133792
0.00582750641025641,0.9391501101645541
0.024067078525641022,0.8767143558471835
4.741987179487179E-6,0.9982625196326262
0.02825908012820513,0.8665011693725522
0.06807145512820513,0.7941657155599453
0.03427447115384615,0.8531242029900274
0.03427447115384615,0.8531242029900274
0.23557692307692307,0.6274191063660997
0.35878323878205126,0.549182771253321
0.054142937499999995,0.8160049693985477
NA,NA
3.0237179487179485E-5,0.9956125870600315
9.596153846153847E-6,0.9975283443330645
0.2067593862179487,0.649319308130349
0.06972096474358974,0.7917434889031951
0.13702397275641026,0.7112576959133792
NA,NA
0.2892628205128205,0.5906933198847109
0.5546961714743589,0.45640516453638513
0.013301282051282053,0.9081826218474309
0.06810897435897435,0.7941102739233681
0.01105741346153846,0.9162534232791866
0.06972096474358974,0.7917434889031951
0.07180110897435897,0.7887321949045909
0.10627082852564101,0.7444303562879714
1.4568910256410256E-5,0.9969545425155297
0.11401507692307693,0.7356185271308315
0.07180110897435897,0.7887321949045909
0.06972096474358974,0.7917434889031951
0.022435897435897436,0.8809333191175965
0.06972096474358974,0.7917434889031951
0.03427447115384615,0.8531242029900274
NA,NA
0.06972096474358974,0.7917434889031951
0.013301282051282053,0.9081826218474309
0.06810897435897435,0.7941102739233681
9.596153846153847E-6,0.9975283443330645
4.741987179487179E-6,0.9982625196326262
0.06972096474358974,0.7917434889031951
0.04568764583333333,0.8307446023047854
0.06810897435897435,0.7941102739233681
0.022435897435897436,0.8809333191175965
1.9663461538461537E-5,0.9964619120476015
0.2067593862179487,0.649319308130349
4.741987179487179E-6,0.9982625196326262
0.06810897435897435,0.7941102739233681
0.06972096474358974,0.7917434889031951
0.06810897435897435,0.7941102739233681
5.306570512820512E-5,0.9941877646675785
0.014952115384615385,0.9026781872864931
4.741987179487179E-6,0.9982625196326262
9.596153846153847E-6,0.9975283443330645
0.06810897435897435,0.7941102739233681
0.13423600961538462,0.714079805258578
NA,NA
0.06851921153846154,0.7935051334147514
NA,NA
0.022435897435897436,0.8809333191175965
0.033854166666666664,0.85401736322324
0.08935411698717947,0.7649998733833554
NA,NA
0.06851921153846154,0.7935051334147514
0.049009323717948715,0.8247961781427227
0.03926282051282051,0.8429288944105098
NA,NA
0.027448796474358973,0.868411317888663
NA,NA
0.14026703044871794,0.7080156921057508
0.13702397275641026,0.7112576959133792
0.013972945512820512,0.9059034738516126
0.06810897435897435,0.7941102739233681
0.21590015705128204,0.6421817079133152
0.1429448173076923,0.705370840140964
0.17966808814102564,0.6716586356103764
0.2067593862179487,0.649319308130349
0.010682517628205128,0.9176802212258198
4.741987179487179E-6,0.9982625196326262
0.07180110897435897,0.7887321949045909
0.09436701442307692,0.7586971234685881
0.12568255288461538,0.7229512023394793
0.06452677243589743,0.799479176304031
0.07487535576923077,0.7843661978181133
0.6100045785256409,0.43478608625174364
0.21590015705128204,0.6421817079133152
1.0181194615384614,0.31296549381576877
0.00582750641025641,0.9391501101645541
NA,NA
0.13702397275641026,0.7112576959133792
0.0021367516025641024,0.9631309082225642
0.012515448717948718,0.9109245282331684
NA,NA
9.97514423076923E-4,0.9748042404143085
4.741987179487179E-6,0.9982625196326262
0.04568764583333333,0.8307446023047854
0.0477317548076923,0.8270582697461155
0.41173931891025645,0.5210880133881988
NA,NA
0.06810897435897435,0.7941102739233681
0.1119232628205128,0.7379650633598891
0.16682804807692306,0.6829463457563392
0.06810897435897435,0.7941102739233681
0.2067593862179487,0.649319308130349
0.022435897435897436,0.8809333191175965
0.06810897435897435,0.7941102739233681
0.01607950641025641,0.8990947432992016
0.06972096474358974,0.7917434889031951
4.713461538461538E-5,0.9945221941738924
4.741987179487179E-6,0.9982625196326262
0.11304447435897434,0.7367043150470794
4.741987179487179E-6,0.9982625196326262
0.06851921153846154,0.7935051334147514
NA,NA
3.6912980769230767E-4,0.9846713855145597
NA,NA
0.06972096474358974,0.7917434889031951
3.407414389423077,0.0649040683398232
0.13702397275641026,0.7112576959133792
NA,NA
0.026313799679487177,0.8711363211180465
0.5894979711538462,0.4426133158383495
0.11304447435897434,0.7367043150470794
0.14026703044871794,0.7080156921057508
NA,NA
0.14026703044871794,0.7080156921057508
0.004166666666666667,0.9485325168506442
0.06972096474358974,0.7917434889031951
0.007211538461538461,0.9323243733483333
0.06810897435897435,0.7941102739233681
0.05849040544871795,0.8088980236118691
4.741987179487179E-6,0.9982625196326262
0.14026703044871794,0.7080156921057508
0.022435897435897436,0.8809333191175965
0.003334157051282051,0.9539540108079938
0.03516829006410256,0.8512434547424781
0.024338942307692308,0.8760255880247904
0.06972096474358974,0.7917434889031951
4.713461538461538E-5,0.9945221941738924
4.741987179487179E-6,0.9982625196326262
0.024067078525641022,0.8767143558471835
0.024067078525641022,0.8767143558471835
NA,NA
0.04568764583333333,0.8307446023047854
1.6555448717948718E-4,0.9897340639029895
0.24106172596153846,0.6234403298696105
0.003334157051282051,0.9539540108079938
0.02742873076923077,0.8684589855645886
0.06810897435897435,0.7941102739233681
0.13702397275641026,0.7112576959133792
0.06972096474358974,0.7917434889031951
0.06810897435897435,0.7941102739233681
1.0238998846153846,0.3115957283506876
0.06810897435897435,0.7941102739233681
NA,NA
0.0011217948717948717,0.9732812833391995
NA,NA
0.14026703044871794,0.7080156921057508
4.713461538461538E-5,0.9945221941738924
0.022080003205128203,0.8818744687974204
0.14026703044871794,0.7080156921057508
0.022435897435897436,0.8809333191175965
0.1245675,0.7241325128262259
NA,NA
0.06972096474358974,0.7917434889031951
4.741987179487179E-6,0.9982625196326262
4.741987179487179E-6,0.9982625196326262
0.14026703044871794,0.7080156921057508
NA,NA
0.04568764583333333,0.8307446023047854
4.741987179487179E-6,0.9982625196326262
0.05736542147435897,0.8107095259313739
0.06810897435897435,0.7941102739233681
0.049805467948717944,0.823402120281943
4.741987179487179E-6,0.9982625196326262
0.06851921153846154,0.7935051334147514
0.10627082852564101,0.7444303562879714
NA,NA
0.04051077403846154,0.8404852037212043
0.1295200032051282,0.71893023596839
4.741987179487179E-6,0.9982625196326262
0.022489253205128203,0.8807928813007389
0.06851921153846154,0.7935051334147514
0.013301282051282053,0.9081826218474309
0.07523893429487179,0.7838562636033761
0.07738095192307692,0.7808785473805526
4.741987179487179E-6,0.9982625196326262
0.09091416506410256,0.7630181851658484
0.009386447115384614,0.922818770677419
4.741987179487179E-6,0.9982625196326262
0.020768810897435895,0.8854105431428201
0.1245675,0.7241325128262259
0.06810897435897435,0.7941102739233681
0.019599293269230766,0.8886619846580932
NA,NA
0.013754988782051282,0.9066368545133198
0.025168474358974357,0.873947981024309
NA,NA
0.06810897435897435,0.7941102739233681
0.3634261842948718,0.5466095503841827
0.10082354807692308,0.7508435735944399
4.741987179487179E-6,0.9982625196326262
NA,NA
0.06267871955128206,0.8023111376881964
5.922516025641025E-4,0.980584422318821
0.013301282051282053,0.9081826218474309
0.06972096474358974,0.7917434889031951
0.1449432387820513,0.7034153926233719
0.06810897435897435,0.7941102739233681
0.003432064102564103,0.9532835973863333
0.15080492467948717,0.6977673272378409
0.06490628846153847,0.7989029672957217
NA,NA
0.026313799679487177,0.8711363211180465
0.06972096474358974,0.7917434889031951
0.05853464903846154,0.8088271588766964
0.06810897435897435,0.7941102739233681
0.049805467948717944,0.823402120281943
0.06810897435897435,0.7941102739233681
NA,NA
0.13423600961538462,0.714079805258578
NA,NA
0.13423600961538462,0.714079805258578
0.06972096474358974,0.7917434889031951
0.21155626762820512,0.6455503424708705
0.15771520192307692,0.691268845622736
0.014952115384615385,0.9026781872864931
5.306570512820512E-5,0.9941877646675785
0.07180110897435897,0.7887321949045909
0.04876351282051282,0.8252289927328098
0.40423769871794873,0.5249088079256539
0.06972096474358974,0.7917434889031951
0.013301282051282053,0.9081826218474309
0.09262820512820512,0.7608621539592229
0.06972096474358974,0.7917434889031951
0.024067078525641022,0.8767143558471835
0.0033335320512820512,0.9539583219613867
0.032495221153846156,0.8569450738100589
2.4884615384615384E-5,0.9960198107111978
NA,NA
0.00540880608974359,0.9413727658322754
0.0330815016025641,0.8556743822236096
0.06972096474358974,0.7917434889031951
0.06972096474358974,0.7917434889031951
4.741987179487179E-6,0.9982625196326262
0.06972096474358974,0.7917434889031951
NA,NA
4.741987179487179E-6,0.9982625196326262
0.06972096474358974,0.7917434889031951
0.14040132852564102,0.7078823630008233
0.022435897435897436,0.8809333191175965
0.1245675,0.7241325128262259
0.06972096474358974,0.7917434889031951
NA,NA
0.11570512820512821,0.7337401319269603
0.09003205128205127,0.7641364130141435
0.06810897435897435,0.7941102739233681
0.14026703044871794,0.7080156921057508
4.741987179487179E-6,0.9982625196326262
0.3996616810897436,0.5272640305504923
0.28308270192307694,0.5946877866519396
0.06810897435897435,0.7941102739233681
NA,NA
0.06972096474358974,0.7917434889031951
0.020704740384615384,0.885586212029623
0.030832935897435895,0.8606136254761256
0.09482341506410256,0.758132471333405
0.500801282051282,0.47914825725759425
0.03273368269230769,0.8564268206387788
0.21165293108974356,0.6454749269897767
0.06810897435897435,0.7941102739233681
0.29344534134615385,0.5880210869614779
0.11304447435897434,0.7367043150470794
0.07487535576923077,0.7843661978181133
NA,NA
0.10490388461538462,0.7460223056228258
0.022435897435897436,0.8809333191175965
0.022435897435897436,0.8809333191175965
NA,NA
NA,NA
NA,NA
0.022435897435897436,0.8809333191175965
0.06972096474358974,0.7917434889031951
0.013301282051282053,0.9081826218474309
0.06810897435897435,0.7941102739233681
0.07180110897435897,0.7887321949045909
0.07915891185897436,0.7784404792268532
0.048877514423076925,0.8250281210643833
0.10490388461538462,0.7460223056228258
0.03381391346153846,0.8541032026193829
0.03319433333333333,0.8554311713076366
NA,NA
NA,NA
0.009386447115384614,0.922818770677419
1.4568910256410256E-5,0.9969545425155297
0.09667095032051282,0.7558618016924021
0.07159894391025641,0.7890227892545718
0.06810897435897435,0.7941102739233681
0.011923839743589744,0.9130467665709477
0.20512820512820512,0.6506129639327538
4.741987179487179E-6,0.9982625196326262
0.010611780448717948,0.9179522593318605
0.005646323717948718,0.9401017122806866
Gen running time:21.460698787
