connecting
connected
Odds Ratio
2.251799813685246E15
2.251799813685246E15
2.251799813685246E15
0.637893
2.251799813685246E15
2.251799813685246E15
2.251799813685246E15
1.101231
2.251799813685246E15
2.017442
2.251799813685246E15
2.251799813685246E15
4.169697
2.251799813685246E15
2.251799813685246E15
2.251799813685246E15
2.251799813685246E15
2.017442
2.251799813685246E15
2.251799813685246E15
13.546547
9.854237
0.784713
2.251799813685246E15
2.251799813685246E15
4.503599627370492E15
2.251799813685246E15
0.366176
4.503599627370492E15
2.251799813685246E15
2.251799813685246E15
2.251799813685246E15
2.251799813685246E15
2.251799813685246E15
2.251799813685246E15
2.251799813685246E15
2.251799813685246E15
3.034985
2.251799813685246E15
4.503599627370492E15
2.251799813685246E15
2.251799813685246E15
2.251799813685246E15
0.0
2.251799813685246E15
2.251799813685246E15
1.005814
2.251799813685246E15
2.251799813685246E15
0.0
2.251799813685246E15
2.251799813685246E15
2.251799813685246E15
2.251799813685246E15
2.251799813685246E15
2.251799813685246E15
9.007199254740984E15
2.251799813685246E15
2.251799813685246E15
2.021423
2.251799813685246E15
2.251799813685246E15
2.251799813685246E15
2.251799813685246E15
2.251799813685246E15
8.458691
0.0
2.251799813685246E15
2.251799813685246E15
2.251799813685246E15
2.251799813685246E15
2.251799813685246E15
3.034985
1.038136
0.5
4.503599627370492E15
9.007199254740984E15
25.544554
2.251799813685246E15
1.210588
0.0
0.962981
2.251799813685246E15
2.251799813685246E15
0.333333
2.251799813685246E15
2.251799813685246E15
1.62933
2.251799813685246E15
0.426072
9.007199254740984E15
2.251799813685246E15
2.251799813685246E15
2.251799813685246E15
2.251799813685246E15
2.251799813685246E15
2.251799813685246E15
2.017442
2.251799813685246E15
0.0
4.503599627370492E15
2.251799813685246E15
2.251799813685246E15
2.251799813685246E15
2.251799813685246E15
2.251799813685246E15
2.251799813685246E15
2.251799813685246E15
0.6
2.251799813685246E15
2.251799813685246E15
2.251799813685246E15
2.251799813685246E15
0.0
4.503599627370492E15
0.0
2.251799813685246E15
2.251799813685246E15
2.251799813685246E15
2.251799813685246E15
2.251799813685246E15
0.0
18.209877
2.251799813685246E15
2.251799813685246E15
0.398837
2.251799813685246E15
2.251799813685246E15
4.503599627370492E15
2.251799813685246E15
0.0
2.251799813685246E15
2.251799813685246E15
2.251799813685246E15
2.251799813685246E15
2.251799813685246E15
2.251799813685246E15
2.251799813685246E15
1.076122
0.187077
0.079437
2.374631
2.251799813685246E15
2.251799813685246E15
1.005814
2.251799813685246E15
0.0
4.503599627370492E15
0.0
2.251799813685246E15
2.251799813685246E15
2.251799813685246E15
0.0
4.05848
2.251799813685246E15
2.251799813685246E15
7.343365
2.251799813685246E15
4.503599627370492E15
2.251799813685246E15
2.251799813685246E15
0.0
2.251799813685246E15
2.251799813685246E15
2.251799813685246E15
2.251799813685246E15
246.428571
2.251799813685246E15
2.251799813685246E15
2.251799813685246E15
2.251799813685246E15
3.6028797018963936E16
4.503599627370492E15
2.251799813685246E15
2.251799813685246E15
0.331395
65.584192
2.251799813685246E15
16.370824
9.007199254740984E15
2.251799813685246E15
2.251799813685246E15
0.0
0.0
0.0
2.251799813685246E15
2.251799813685246E15
5.199603
2.251799813685246E15
2.48505
2.251799813685246E15
2.432983
2.251799813685246E15
2.251799813685246E15
2.356195
2.251799813685246E15
2.251799813685246E15
2.251799813685246E15
2.251799813685246E15
2.251799813685246E15
2.251799813685246E15
0.564666
2.251799813685246E15
47.75098
2.251799813685246E15
0.0
0.208857
12.321429
1.15292150460684595E18
2.251799813685246E15
2.251799813685246E15
2.251799813685246E15
2.251799813685246E15
0.196512
0.0
2.251799813685246E15
2.251799813685246E15
1.15671
4.503599627370492E15
2.251799813685246E15
2.251799813685246E15
2.251799813685246E15
2.251799813685246E15
2.251799813685246E15
2.251799813685246E15
1.005797
2.251799813685246E15
2.251799813685246E15
2.251799813685246E15
2.251799813685246E15
2.251799813685246E15
2.251799813685246E15
9.007199254740984E15
2.251799813685246E15
8.93921
4.503599627370492E15
2.251799813685246E15
2.251799813685246E15
2.251799813685246E15
2.251799813685246E15
2.251799813685246E15
2.251799813685246E15
2.251799813685246E15
2.251799813685246E15
2.251799813685246E15
2.023392
2.251799813685246E15
2.251799813685246E15
1.117117
2.251799813685246E15
2.251799813685246E15
2.251799813685246E15
2.251799813685246E15
0.0
6.681957
2.251799813685246E15
2.251799813685246E15
2.251799813685246E15
2.251799813685246E15
0.333333
2.251799813685246E15
2.251799813685246E15
13.901042
2.251799813685246E15
2.251799813685246E15
3.306122
2.251799813685246E15
2.251799813685246E15
2.251799813685246E15
2.251799813685246E15
2.251799813685246E15
2.251799813685246E15
2.251799813685246E15
2.251799813685246E15
2.251799813685246E15
2.251799813685246E15
1.06524
2.251799813685246E15
2.251799813685246E15
2.251799813685246E15
2.251799813685246E15
0.0
2.251799813685246E15
2.251799813685246E15
2.251799813685246E15
2.251799813685246E15
2.251799813685246E15
0.0
2.251799813685246E15
2.251799813685246E15
2.251799813685246E15
2.251799813685246E15
0.0
Gen running time:13.384435411
