connecting
connected
Odds Ratio
4.503599627370492E15
2.251799813685246E15
3.6028797018963936E16
1.565278
0.932224
1.722222
0.712329
1.847826
1.240123
0.988235
9.007199254740984E15
1.2
0.488235
0.988235
1.335616
1.35751
1.687243
1.687243
2.235294
0.483671
1.32522
2.251799813685246E15
0.9875
0.988095
9.007199254740984E15
0.0
9.007199254740984E15
2.251799813685246E15
1.965241
3.838384
1.5
4.503599627370492E15
0.731928
0.0
0.321569
1.714286
0.987952
1.784038
0.321569
0.0
2.0
0.0
1.687243
2.251799813685246E15
0.0
1.5
4.503599627370492E15
0.988095
0.988235
0.0
2.02439
4.503599627370492E15
2.0
0.987805
9.007199254740984E15
0.988235
4.503599627370492E15
0.0
4.503599627370492E15
1.013333
0.650794
0.988235
0.988095
4.503599627370492E15
1.922535
2.251799813685246E15
3.036145
2.251799813685246E15
2.0
1.411667
2.561728
2.251799813685246E15
3.036145
0.482143
1.449324
2.251799813685246E15
1.240909
2.251799813685246E15
9.007199254740984E15
9.007199254740984E15
1.163136
4.503599627370492E15
3.194805
1.664783
1.985294
9.007199254740984E15
0.870903
0.988235
0.321569
0.380952
1.612963
1.634286
0.475904
3.173981
3.194805
3.504762
1.2
2.251799813685246E15
9.007199254740984E15
1.076923
1.216216
2.251799813685246E15
1.041667
0.988235
2.02439
0.633333
2.214616
2.251799813685246E15
4.503599627370492E15
1.574074
1.661859
4.503599627370492E15
9.007199254740984E15
2.0
4.503599627370492E15
0.842809
0.0
0.987013
0.988235
2.421941
0.988235
3.036145
2.251799813685246E15
0.977778
2.251799813685246E15
0.0
16.236735
9.007199254740984E15
2.251799813685246E15
0.687831
2.573123
2.421941
0.0
2.251799813685246E15
0.0
1.142857
0.0
1.25
4.503599627370492E15
1.560811
0.988235
0.0
2.0
0.934054
1.250638
1.285211
0.0
0.987013
0.988235
0.488235
0.488235
2.251799813685246E15
2.02439
0.983607
2.560185
1.070602
1.51875
4.503599627370492E15
9.007199254740984E15
0.0
4.503599627370492E15
0.13969
4.503599627370492E15
2.251799813685246E15
1.045455
2.251799813685246E15
0.0
1.013158
1.195446
0.0
2.0
4.097561
2.251799813685246E15
0.0
0.988235
0.988235
0.0
2.251799813685246E15
0.493976
0.988235
1.794304
4.503599627370492E15
1.358907
0.988235
3.036145
1.714286
2.251799813685246E15
1.364548
0.238235
0.988235
1.198718
3.036145
0.666667
0.704981
1.482422
0.988235
1.487288
1.333333
0.988235
0.84359
4.097561
4.503599627370492E15
1.17787
2.251799813685246E15
1.238519
1.221053
2.251799813685246E15
4.503599627370492E15
2.086957
0.618601
0.988235
2.251799813685246E15
1.466063
1.029412
1.5
0.0
1.56341
4.503599627370492E15
0.921642
1.587097
1.394673
2.251799813685246E15
1.453846
0.0
1.352727
4.503599627370492E15
1.358907
4.503599627370492E15
2.251799813685246E15
0.520147
2.251799813685246E15
0.520147
0.0
1.718681
1.70339
0.650794
0.986842
0.321569
1.641026
2.271255
0.0
1.5
1.431818
0.0
0.488235
1.080877
1.234756
0.987654
2.251799813685246E15
0.866097
1.292308
0.0
0.0
0.988235
0.0
2.251799813685246E15
0.988235
0.0
3.1125
2.0
4.097561
0.0
2.251799813685246E15
1.493844
1.425134
4.503599627370492E15
0.0
0.988235
8.831169
2.394693
4.503599627370492E15
2.251799813685246E15
0.0
0.748242
0.642276
2.076923
4.392857
0.803571
1.8014398509481968E16
4.503599627370492E15
1.894737
2.421941
0.475904
2.251799813685246E15
1.49434
2.0
2.0
2.251799813685246E15
2.251799813685246E15
2.251799813685246E15
2.0
0.0
1.5
4.503599627370492E15
0.321569
0.5625
1.303489
1.49434
0.728745
1.238329
2.251799813685246E15
2.251799813685246E15
1.333333
0.987952
1.451389
1.44086
4.503599627370492E15
1.141509
0.265306
0.988235
1.18287
1.101389
Gen running time:14.008703737
