connecting
connected
chi,p-value
1.0562628321547576E24,0.0
1.0562628321547576E24,0.0
1.0562628321547576E24,0.0
7.805253829351535,0.005209454792390988
1.0562628321547576E24,0.0
1.0562628321547576E24,0.0
1.0562628321547576E24,0.0
0.11022865870307166,0.7398839611881706
1.0562628321547576E24,0.0
0.3892818788395904,0.5326771183717072
1.0562628321547576E24,0.0
1.0562628321547576E24,0.0
9.220208148464165,0.002393583327711002
1.0562628321547576E24,0.0
1.0562628321547576E24,0.0
1.0562628321547576E24,0.0
1.0562628321547576E24,0.0
0.3892818788395904,0.5326771183717072
1.0562628321547576E24,0.0
1.0562628321547576E24,0.0
12.664905040955631,3.7258345267288107E-4
58.82559942491468,1.7208456881689926E-14
1.5753990409556315,0.2094246712372423
1.0562628321547576E24,0.0
1.0562628321547576E24,0.0
1.141779646757679,0.2852765930683654
1.0562628321547576E24,0.0
5.763605336177474,0.016361465822006926
1.141779646757679,0.2852765930683654
1.0562628321547576E24,0.0
1.0562628321547576E24,0.0
1.0562628321547576E24,0.0
1.0562628321547576E24,0.0
1.0562628321547576E24,0.0
1.0562628321547576E24,0.0
1.0562628321547576E24,0.0
1.0562628321547576E24,0.0
1.1677052576791809,0.2798732504067759
1.0562628321547576E24,0.0
1.141779646757679,0.2852765930683654
1.0562628321547576E24,0.0
1.0562628321547576E24,0.0
1.0562628321547576E24,0.0
1.1286934556313992,0.28805419880217464
1.0562628321547576E24,0.0
1.0562628321547576E24,0.0
3.8348122866894196E-5,0.995059062721853
1.0562628321547576E24,0.0
1.0562628321547576E24,0.0
1.1286934556313992,0.28805419880217464
1.0562628321547576E24,0.0
1.0562628321547576E24,0.0
1.0562628321547576E24,0.0
1.0562628321547576E24,0.0
1.0562628321547576E24,0.0
1.0562628321547576E24,0.0
2.2962457337883957,0.12968712375044245
1.0562628321547576E24,0.0
1.0562628321547576E24,0.0
6.177006189419795,0.012942107713715956
1.0562628321547576E24,0.0
1.0562628321547576E24,0.0
1.0562628321547576E24,0.0
1.0562628321547576E24,0.0
1.0562628321547576E24,0.0
43.175045906143346,5.005507119903996E-11
1.1286934556313992,0.28805419880217464
1.0562628321547576E24,0.0
1.0562628321547576E24,0.0
1.0562628321547576E24,0.0
1.0562628321547576E24,0.0
1.0562628321547576E24,0.0
1.1677052576791809,0.2798732504067759
0.014018559726962457,0.9057507266929006
0.7649188122866895,0.3817935630219994
1.141779646757679,0.2852765930683654
2.2962457337883957,0.12968712375044245
59.50128046928327,1.2212453270876722E-14
1.0562628321547576E24,0.0
0.116273204778157,0.7331121865658663
1.1286934556313992,0.28805419880217464
0.0232534385665529,0.8787998603872277
1.0562628321547576E24,0.0
1.0562628321547576E24,0.0
1.141091766211604,0.2854217499943805
1.0562628321547576E24,0.0
1.0562628321547576E24,0.0
34.60535978327645,4.037929546285568E-9
1.0562628321547576E24,0.0
1.8839630136518772,0.16988440819538542
2.2962457337883957,0.12968712375044245
1.0562628321547576E24,0.0
1.0562628321547576E24,0.0
1.0562628321547576E24,0.0
1.0562628321547576E24,0.0
1.0562628321547576E24,0.0
1.0562628321547576E24,0.0
0.3892818788395904,0.5326771183717072
1.0562628321547576E24,0.0
1.1286934556313992,0.28805419880217464
1.141779646757679,0.2852765930683654
1.0562628321547576E24,0.0
1.0562628321547576E24,0.0
1.0562628321547576E24,0.0
1.0562628321547576E24,0.0
1.0562628321547576E24,0.0
1.0562628321547576E24,0.0
1.0562628321547576E24,0.0
0.5769144010238908,0.447524325132195
1.0562628321547576E24,0.0
1.0562628321547576E24,0.0
1.0562628321547576E24,0.0
1.0562628321547576E24,0.0
2.269927948805461,0.131906034621736
1.141779646757679,0.2852765930683654
1.1286934556313992,0.28805419880217464
1.0562628321547576E24,0.0
1.0562628321547576E24,0.0
1.0562628321547576E24,0.0
1.0562628321547576E24,0.0
1.0562628321547576E24,0.0
1.1286934556313992,0.28805419880217464
77.90488768600683,0.0
1.0562628321547576E24,0.0
1.0562628321547576E24,0.0
1.489386361774744,0.22231169368462445
1.0562628321547576E24,0.0
1.0562628321547576E24,0.0
1.141779646757679,0.2852765930683654
1.0562628321547576E24,0.0
2.269927948805461,0.131906034621736
1.0562628321547576E24,0.0
1.0562628321547576E24,0.0
1.0562628321547576E24,0.0
1.0562628321547576E24,0.0
1.0562628321547576E24,0.0
1.0562628321547576E24,0.0
1.0562628321547576E24,0.0
0.12874419112627986,0.7197376742887611
32.12903615187713,1.4426499550523886E-8
64.32508330204779,1.1102230246251565E-15
1.9390467491467576,0.1637720739748908
1.0562628321547576E24,0.0
1.0562628321547576E24,0.0
3.8348122866894196E-5,0.995059062721853
1.0562628321547576E24,0.0
1.1286934556313992,0.28805419880217464
1.141779646757679,0.2852765930683654
1.1286934556313992,0.28805419880217464
1.0562628321547576E24,0.0
1.0562628321547576E24,0.0
1.0562628321547576E24,0.0
1.1286934556313992,0.28805419880217464
2.1097086450511946,0.14636718247149116
1.0562628321547576E24,0.0
1.0562628321547576E24,0.0
35.272711911262796,2.866199944051573E-9
1.0562628321547576E24,0.0
1.141779646757679,0.2852765930683654
1.0562628321547576E24,0.0
1.0562628321547576E24,0.0
1.1286934556313992,0.28805419880217464
1.0562628321547576E24,0.0
1.0562628321547576E24,0.0
1.0562628321547576E24,0.0
1.0562628321547576E24,0.0
805.9151913498293,0.0
1.0562628321547576E24,0.0
1.0562628321547576E24,0.0
1.0562628321547576E24,0.0
1.0562628321547576E24,0.0
8.266484641638225,0.004038362365696768
1.141779646757679,0.2852765930683654
1.0562628321547576E24,0.0
1.0562628321547576E24,0.0
2.3346475221843006,0.12652362659034777
85.42446290273038,0.0
1.0562628321547576E24,0.0
64.84253077133106,7.771561172376096E-16
2.2962457337883957,0.12968712375044245
1.0562628321547576E24,0.0
1.0562628321547576E24,0.0
2.269927948805461,0.131906034621736
1.1286934556313992,0.28805419880217464
4.5908655136518774,0.032142779057926285
1.0562628321547576E24,0.0
1.0562628321547576E24,0.0
1403.1965007252559,0.0
1.0562628321547576E24,0.0
65.36958620307166,6.661338147750939E-16
1.0562628321547576E24,0.0
39.91251697952218,2.6559576760121217E-10
1.0562628321547576E24,0.0
1.0562628321547576E24,0.0
6.997377279863481,0.008162922691112962
1.0562628321547576E24,0.0
1.0562628321547576E24,0.0
1.0562628321547576E24,0.0
1.0562628321547576E24,0.0
1.0562628321547576E24,0.0
1.0562628321547576E24,0.0
2.057283587030717,0.1514799985102514
1.0562628321547576E24,0.0
754.2213010409556,0.0
1.0562628321547576E24,0.0
1.1286934556313992,0.28805419880217464
27.24378403583618,1.7935079876796323E-7
11.239664389078499,8.006763271733996E-4
278.5820663976109,0.0
1.0562628321547576E24,0.0
1.0562628321547576E24,0.0
1.0562628321547576E24,0.0
1.0562628321547576E24,0.0
6.390697986348123,0.011471991063019882
18.34971694880546,1.8384629589807133E-5
1.0562628321547576E24,0.0
1.0562628321547576E24,0.0
0.19616190614334472,0.6578368456725924
1.141779646757679,0.2852765930683654
1.0562628321547576E24,0.0
1.0562628321547576E24,0.0
1.0562628321547576E24,0.0
1.0562628321547576E24,0.0
1.0562628321547576E24,0.0
1.0562628321547576E24,0.0
1.896075085324232E-5,0.996525706891749
1.0562628321547576E24,0.0
1.0562628321547576E24,0.0
1.0562628321547576E24,0.0
1.0562628321547576E24,0.0
1.0562628321547576E24,0.0
1.0562628321547576E24,0.0
2.2962457337883957,0.12968712375044245
1.0562628321547576E24,0.0
15.037218667235495,1.0541168761257769E-4
1.141779646757679,0.2852765930683654
1.0562628321547576E24,0.0
1.0562628321547576E24,0.0
1.0562628321547576E24,0.0
1.0562628321547576E24,0.0
1.0562628321547576E24,0.0
1.0562628321547576E24,0.0
1.0562628321547576E24,0.0
1.0562628321547576E24,0.0
1.0562628321547576E24,0.0
0.7918347303754266,0.37354591931824
1.0562628321547576E24,0.0
1.0562628321547576E24,0.0
0.14246164846416381,0.7058459615930801
1.0562628321547576E24,0.0
1.0562628321547576E24,0.0
1.0562628321547576E24,0.0
1.0562628321547576E24,0.0
2.269927948805461,0.131906034621736
15.062381709897611,1.0401567755247143E-4
1.0562628321547576E24,0.0
1.0562628321547576E24,0.0
1.0562628321547576E24,0.0
1.0562628321547576E24,0.0
1.141091766211604,0.2854217499943805
1.0562628321547576E24,0.0
1.0562628321547576E24,0.0
55.79552901194539,8.038014698286133E-14
1.0562628321547576E24,0.0
1.0562628321547576E24,0.0
188.92018771331058,0.0
1.0562628321547576E24,0.0
1.0562628321547576E24,0.0
1.0562628321547576E24,0.0
1.0562628321547576E24,0.0
1.0562628321547576E24,0.0
1.0562628321547576E24,0.0
1.0562628321547576E24,0.0
1.0562628321547576E24,0.0
1.0562628321547576E24,0.0
1.0562628321547576E24,0.0
0.046902404436860064,0.8285437561241733
1.0562628321547576E24,0.0
1.0562628321547576E24,0.0
1.0562628321547576E24,0.0
1.0562628321547576E24,0.0
1.1286934556313992,0.28805419880217464
1.0562628321547576E24,0.0
1.0562628321547576E24,0.0
1.0562628321547576E24,0.0
1.0562628321547576E24,0.0
1.0562628321547576E24,0.0
1.1286934556313992,0.28805419880217464
1.0562628321547576E24,0.0
1.0562628321547576E24,0.0
1.0562628321547576E24,0.0
1.0562628321547576E24,0.0
2.269927948805461,0.131906034621736
Gen running time:22.139365544
