connecting
connected
Odds Ratio
5.6294995342131E14
5.6294995342131E14
5.6294995342131E14
0.637893
5.6294995342131E14
5.6294995342131E14
5.6294995342131E14
1.101231
5.6294995342131E14
2.017442
5.6294995342131E14
5.6294995342131E14
4.169697
5.6294995342131E14
5.6294995342131E14
5.6294995342131E14
5.6294995342131E14
2.017442
5.6294995342131E14
5.6294995342131E14
13.546547
9.854237
0.784713
5.6294995342131E14
5.6294995342131E14
1.12589990684262E15
5.6294995342131E14
0.366176
1.12589990684262E15
5.6294995342131E14
5.6294995342131E14
5.6294995342131E14
5.6294995342131E14
5.6294995342131E14
5.6294995342131E14
5.6294995342131E14
5.6294995342131E14
3.034985
5.6294995342131E14
1.12589990684262E15
5.6294995342131E14
5.6294995342131E14
5.6294995342131E14
0.0
5.6294995342131E14
5.6294995342131E14
1.005814
5.6294995342131E14
5.6294995342131E14
0.0
5.6294995342131E14
5.6294995342131E14
5.6294995342131E14
5.6294995342131E14
5.6294995342131E14
5.6294995342131E14
2.25179981368524E15
5.6294995342131E14
5.6294995342131E14
2.021423
5.6294995342131E14
5.6294995342131E14
5.6294995342131E14
5.6294995342131E14
5.6294995342131E14
8.458691
0.0
5.6294995342131E14
5.6294995342131E14
5.6294995342131E14
5.6294995342131E14
5.6294995342131E14
3.034985
1.038136
0.5
1.12589990684262E15
2.25179981368524E15
25.544554
5.6294995342131E14
1.210588
0.0
0.962981
5.6294995342131E14
5.6294995342131E14
0.333333
5.6294995342131E14
5.6294995342131E14
1.62933
5.6294995342131E14
0.426072
2.25179981368524E15
5.6294995342131E14
5.6294995342131E14
5.6294995342131E14
5.6294995342131E14
5.6294995342131E14
5.6294995342131E14
2.017442
5.6294995342131E14
0.0
1.12589990684262E15
5.6294995342131E14
5.6294995342131E14
5.6294995342131E14
5.6294995342131E14
5.6294995342131E14
5.6294995342131E14
5.6294995342131E14
0.6
5.6294995342131E14
5.6294995342131E14
5.6294995342131E14
5.6294995342131E14
0.0
1.12589990684262E15
0.0
5.6294995342131E14
5.6294995342131E14
5.6294995342131E14
5.6294995342131E14
5.6294995342131E14
0.0
18.209877
5.6294995342131E14
5.6294995342131E14
0.398837
5.6294995342131E14
5.6294995342131E14
1.12589990684262E15
5.6294995342131E14
0.0
5.6294995342131E14
5.6294995342131E14
5.6294995342131E14
5.6294995342131E14
5.6294995342131E14
5.6294995342131E14
5.6294995342131E14
1.076122
0.187077
0.079437
2.374631
5.6294995342131E14
5.6294995342131E14
1.005814
5.6294995342131E14
0.0
1.12589990684262E15
0.0
5.6294995342131E14
5.6294995342131E14
5.6294995342131E14
0.0
4.05848
5.6294995342131E14
5.6294995342131E14
7.343365
5.6294995342131E14
1.12589990684262E15
5.6294995342131E14
5.6294995342131E14
0.0
5.6294995342131E14
5.6294995342131E14
5.6294995342131E14
5.6294995342131E14
246.428571
5.6294995342131E14
5.6294995342131E14
5.6294995342131E14
5.6294995342131E14
9.00719925474096E15
1.12589990684262E15
5.6294995342131E14
5.6294995342131E14
0.331395
65.584192
5.6294995342131E14
16.370824
2.25179981368524E15
5.6294995342131E14
5.6294995342131E14
0.0
0.0
0.0
5.6294995342131E14
5.6294995342131E14
5.199603
5.6294995342131E14
2.48505
5.6294995342131E14
2.432983
5.6294995342131E14
5.6294995342131E14
2.356195
5.6294995342131E14
5.6294995342131E14
5.6294995342131E14
5.6294995342131E14
5.6294995342131E14
5.6294995342131E14
0.564666
5.6294995342131E14
47.75098
5.6294995342131E14
0.0
0.208857
12.321429
2.8823037615171072E17
5.6294995342131E14
5.6294995342131E14
5.6294995342131E14
5.6294995342131E14
0.196512
0.0
5.6294995342131E14
5.6294995342131E14
1.15671
1.12589990684262E15
5.6294995342131E14
5.6294995342131E14
5.6294995342131E14
5.6294995342131E14
5.6294995342131E14
5.6294995342131E14
1.005797
5.6294995342131E14
5.6294995342131E14
5.6294995342131E14
5.6294995342131E14
5.6294995342131E14
5.6294995342131E14
2.25179981368524E15
5.6294995342131E14
8.93921
1.12589990684262E15
5.6294995342131E14
5.6294995342131E14
5.6294995342131E14
5.6294995342131E14
5.6294995342131E14
5.6294995342131E14
5.6294995342131E14
5.6294995342131E14
5.6294995342131E14
2.023392
5.6294995342131E14
5.6294995342131E14
1.117117
5.6294995342131E14
5.6294995342131E14
5.6294995342131E14
5.6294995342131E14
0.0
6.681957
5.6294995342131E14
5.6294995342131E14
5.6294995342131E14
5.6294995342131E14
0.333333
5.6294995342131E14
5.6294995342131E14
13.901042
5.6294995342131E14
5.6294995342131E14
3.306122
5.6294995342131E14
5.6294995342131E14
5.6294995342131E14
5.6294995342131E14
5.6294995342131E14
5.6294995342131E14
5.6294995342131E14
5.6294995342131E14
5.6294995342131E14
5.6294995342131E14
1.06524
5.6294995342131E14
5.6294995342131E14
5.6294995342131E14
5.6294995342131E14
0.0
5.6294995342131E14
5.6294995342131E14
5.6294995342131E14
5.6294995342131E14
5.6294995342131E14
0.0
5.6294995342131E14
5.6294995342131E14
5.6294995342131E14
5.6294995342131E14
0.0
Gen running time:14.910315455
