"s__acnes" "s__aeria" "s__agalactiae" "s__alactolyticus" "s__aminovorans" "s__amylovorum" "s__anaerobius" "s__anginosus" "s__aquatilis" "s__aureus" "s__aurimucosum" "s__biforme" "s__boronitolerans" "s__bromii" "s__caccae" "s__callidus" "s__cecorum" "s__cinerea" "s__copri" "s__coprophilus" "s__delbrueckii" "s__dentocariosa" "s__depolymerans" "s__diminuta" "s__diospyrosa" "s__dispar" "s__distasonis" "s__dolichum" "s__durum" "s__eggerthii" "s__endodontalis" "s__epidermidis" "s__equi" "s__faecis" "s__farmeri" "s__fascians" "s__fragilis" "s__gallinarum" "s__garvieae" "s__genomosp." "s__globerulus" "s__gnavus" "s__granulosum" "s__haemolyticus" "s__helveticus" "s__iners" "s__infantis" "s__influenzae" "s__intermedia" "s__johnsonii" "s__komagatae" "s__kroppenstedtii" "s__kuhniae" "s__lividum" "s__longum" "s__luteciae" "s__luteus" "s__marcescens" "s__melaninogenica" "s__minor" "s__mirabilis" "s__moniliformis" "s__moorei" "s__mucilaginosa" "s__muciniphila" "s__multacida" "s__multivorum" "s__multocida" "s__nanceiensis" "s__nigrescens" "s__noxia" "s__ochracea" "s__ovatus" "s__pallens" "s__paradoxus" "s__parahaemolyticus" "s__parainfluenzae" "s__parvula" "s__plebeius" "s__pneumotropica" "s__prausnitzii" "s__producta" "s__pylori" "s__rhizosphaerae" "s__rimae" "s__rosea" "s__salivarius" "s__segnis" "s__sobrinus" "s__socranskii" "s__stercorea" "s__subflava" "s__tannerae" "s__uniformis" "s__venetianus" "s__viridiflava" "s__zeae"
"SRS048334.SRX022036" 1 0 0 0 0 0 0 0 0 0 0 0 0 0 0 0 0 0 0 0 0 0 0 0 0 1.58496250072116 0 0 0 0 0 0 0 0 0 0 0 0 0 0 0 0 0 0 0 0 1 0 0 0 0 0 0 0 0 0 0 0 0 0 0 0 0 0 0 0 0 0 0 0 0 0 0 0 0 5.12928301694497 3.16992500144231 1.58496250072116 0 0 0 0 0 0 0 0 0 0 0 0 0 1 0 0 0 0 0
"SRS055304.SRX022036" 0 0 0 0 0 0 0 1 0 0 0 0 0 0 0 0 0 0 0 0 0 0 0 0 0 1.58496250072116 0 0 0 0 0 0 0 0 0 0 0 0 0 0 0 0 0 0 0 0 0 1 0 0 0 0 0 0 0 0 0 0 0 0 0 0 0 0 0 0 0 0 1 0 0 0 0 0 0 2.8073549220576 7.4093909361377 0 0 0 0 0 0 0 0 0 0 0 0 0 0 0 0 0 0 0 0
"SRS058584.SRX022036" 0 0 0 0 0 0 0 0 0 0 0 0 0 0 0 0 0 1 0 0 0 0 0 0 0 1.58496250072116 0 0 0 0 1 0 0 0 0 0 0 0 0 0 0 0 0 0 0 0 1 1 0 0 0 0 0 0 0 0 0 0 0 0 0 0 0 0 0 0 0 0 1.58496250072116 0 0 0 0 0 0 1.58496250072116 3.58496250072116 0 0 0 0 0 0 0 0 0 0 0 0 0 0 0 0 0 0 0 0
"SRS050426.SRX022036" 0 0 0 0 0 0 0 0 0 0 0 0 0 0 0 0 0 0 0 0 0 0 0 0 0 4.75488750216347 0 0 0 0 0 0 0 0 0 0 0 0 0 0 0 0 0 0 0 0 2 0 0 0 0 0 0 0 0 0 0 0 1.58496250072116 0 0 0 0 0 0 0 0 0 0 0 0 0 0 0 0 0 6.58496250072116 3.32192809488736 0 0 0 0 0 0 0 0 0 0 0 0 0 0 0 0 0 0 0
"SRS052849.SRX022222" 0 0 0 0 0 0 0 0 0 0 0 0 0 0 0 0 0 0 0 0 0 0 0 0 0 5.61470984411521 0 0 0 0 0 0 0 0 0 0 0 0 0 0 0 0 0 0 0 0 1.58496250072116 2.32192809488736 0 0 0 0 0 0 0 0 0 0 3.16992500144231 0 0 0 0 0 0 0 0 0 4.95419631038687 0 0 0 0 0 0 0 0 3.4594316186373 0 0 0 0 0 0 0 0 0 0 0 0 0 0 0 0 0 0 0
"SRS062997.SRX022222" 0 0 0 0 0 0 0 0 0 0 0 0 0 0 0 0 0 0 0 0 0 0 0 0 0 1.58496250072116 0 0 0 0 0 0 0 0 0 0 0 0 0 0 0 0 0 0 0 0 1.58496250072116 5.95419631038687 0 0 0 0 0 0 0 0 0 0 0 0 0 0 0 0 0 0 0 0 0 0 0 0 0 0 0 5.8073549220576 7 0 1.58496250072116 0 1 0 0 0 0 0 0 0 0 0 0 0 0 0 0 0 0
"SRS047653.SRX022222" 0 0 0 0 0 0 0 0 0 0 0 0 0 0 0 0 0 0 0 0 0 0 0 0 0 0 0 0 0 0 0 0 0 0 0 0 0 0 0 0 0 0 0 0 0 0 0 2.32192809488736 0 0 0 0 0 0 0 0 0 0 0 0 0 0 0 0 0 0 0 0 0 0 0 0 0 0 0 1 8.8073549220576 0 0 0 0 0 0 0 0 0 0 0 0 0 0 2 0 0 0 0 0
"SRS049609.SRX022222" 0 0 0 0 0 0 0 0 0 0 0 0 0 0 0 0 0 0 0 0 0 0 0 0 0 3.16992500144231 0 0 0 0 0 0 0 0 0 0 0 0 0 0 0 0 0 0 0 0 1 3.58496250072116 0 0 0 0 0 0 0 0 0 0 0 0 0 0 0 0 0 0 0 0 2.32192809488736 0 0 0 1 0 0 0 7.63662462054365 3 0 0 0 0 0 0 0 0 0 0 0 0 0 0 1 0 0 0 0
"SRS054475.SRX022222" 0 0 0 0 0 0 0 0 0 0 0 0 0 0 0 0 0 0 0 0 0 0 0 0 0 3.58496250072116 0 0 0 0 1 0 0 0 0 0 0 0 0 0 0 1 0 0 0 0 1 1 0 0 0 0 0 0 0 0 0 0 0 0 0 0 0 0 0 0 0 0 0 0 0 0 0 0 0 0 7.90086680798075 5.08746284125034 0 0 0 0 0 0 0 0 0 0 0 0 0 0 0 0 0 0 0
"SRS023320.SRX022223" 0 1 0 0 0 0 0 0 0 0 0 0 0 0 0 0 0 5.52356195605701 0 0 0 0 0 0 0 1.58496250072116 0 0 1 0 0 0 0 0 0 0 0 0 0 0 0 0 0 0 0 0 0 6.61470984411521 0 0 0 0 0 0 0 0 0 0 2 0 0 0 0 0 0 0 0 0 2.32192809488736 0 0 0 0 0 0 2.32192809488736 3.16992500144231 1 0 0 0 0 0 0 0 0 0 0 0 0 0 0 0 0 0 0 0
"SRS022876.SRX022223" 0 1 0 0 0 0 0 0 0 0 0 0 0 0 0 0 0 0 3.90689059560852 0 0 0 0 0 0 2.32192809488736 0 0 0 0 1 0 0 0 0 0 0 0 0 0 0 0 0 0 0 0 1.58496250072116 7.19967234483636 0 0 0 0 0 0 0 0 0 0 5.93073733756289 0 0 0 0 0 0 0 0 0 3.70043971814109 0 0 0 0 0 0 0 6.58496250072116 2.32192809488736 0 0 0 0 0 0 0 0 0 1.58496250072116 0 0 0 3.4594316186373 0 0 0 0 0
"SRS022816.SRX022223" 0 0 0 0 0 0 0 0 0 0 0 0 0 0 0 0 0 0 0 0 0 0 0 0 0 1 0 0 0 0 0 0 0 0 0 0 0 0 0 0 0 0 0 0 0 0 0 6.20945336562895 0 0 0 0 0 0 0 0 0 0 0 0 0 0 0 0 0 0 0 0 1 1 0 0 0 0 0 6.3037807481771 10.0701209444768 2.32192809488736 2.32192809488736 0 0 0 0 0 0 0 0 0 0 0 0 3 1 0 0 0 0
"SRS023260.SRX022223" 1.58496250072116 5.39231742277876 0 0 0 0 0 0 0 0 0 0 0 0 0 0 0 0 0 0 0 3.32192809488736 0 0 0 3.8073549220576 0 0 0 0 0 0 0 0 0 0 0 0 0 0 0 1 1 0 0 0 1 0 0 0 0 0 0 0 0 0 0 0 1 0 0 0 0 0 0 0 0 0 1.58496250072116 0 0 0 0 0 0 3.58496250072116 9.49785183695112 3.8073549220576 0 0 0 0 0 0 0 0 0 2.32192809488736 0 0 0 2 0 0 0 0 0
"SRS023383.SRX022223" 0 0 0 0 0 0 0 1 0 0 0 0 0 0 0 0 0 1.58496250072116 0 0 0 0 0 0 0 3.58496250072116 0 0 0 0 0 0 0 0 0 0 0 0 0 0 0 0 0 0 0 0 0 5.4594316186373 0 0 0 0 0 0 0 1 0 0 2 0 0 0 0 0 0 0 0 0 2 0 0 0 0 0 0 1 3.16992500144231 2.32192809488736 0 0 0 0 0 0 0 0 0 0 0 0 0 0 0 0 0 0 0
"SRS023689.SRX022223" 0 0 0 0 0 0 0 0 0 0 0 0 0 0 0 0 0 0 0 0 0 1 0 0 0 2.8073549220576 0 0 0 0 0 0 0 0 0 0 0 0 0 0 0 0 0 0 0 0 1.58496250072116 0 0 0 0 0 0 0 0 0 0 0 2 0 0 0 0 0 0 0 0 0 1 0 0 0 0 0 0 8.61470984411521 8.92184093707449 2.58496250072116 0 0 0 0 0 0 0 0 0 1.58496250072116 0 0 0 3.70043971814109 0 0 0 0 0
"SRS023124.SRX022226" 0 0 0 0 0 0 0 0 0 0 0 0 0 0 0 0 0 5.12928301694497 0 0 0 0 0 0 0 4.4594316186373 0 0 0 0 0 0 0 0 0 0 0 0 0 0 0 0 0 0 0 0 0 2.32192809488736 0 0 0 0 0 0 0 0 0 0 3 0 0 0 0 0 0 0 0 0 0 0 0 0 0 0 0 6.3037807481771 7.86418614465428 1.58496250072116 0 0 0 0 0 0 0 0 0 0 0 0 0 0 0 0 0 0 0
"SRS058681.SRX022227" 0 0 0 0 0 0 0 0 0 0 0 0 0 0 0 0 0 0 0 0 0 0 0 0 0 1 0 0 0 0 0 0 0 0 0 0 0 0 0 0 0 0 0 0 0 0 0 1 0 0 0 0 0 0 0 0 0 0 0 0 0 0 0 0 0 0 0 0 0 0 0 0 0 0 0 0 7.83920378809694 1 0 0 0 0 0 0 0 0 0 0 0 0 0 0 0 0 0 0 0
"SRS048332.SRX022227" 0 0 0 0 0 0 0 1 0 0 0 0 0 0 0 0 0 0 0 0 0 0 0 0 0 2.58496250072116 0 0 0 0 0 0 0 0 0 0 0 0 0 0 0 0 0 0 0 0 0 3 0 0 0 0 0 0 0 0 0 0 1.58496250072116 0 0 0 0 0 0 0 0 0 0 1 0 0 0 0 0 0 6 0 0 0 0 0 0 0 0 0 0 0 0 0 0 0 1 0 0 0 0
"SRS021127.SRX022230" 0 0 0 0 0 0 0 0 0 0 0 0 0 0 0 0 0 0 0 0 0 0 0 0 0 0 0 0 0 0 0 0 0 0 0 0 0 0 0 0 0 0 0 0 0 0 1 0 0 0 0 0 0 0 0 0 0 0 1 0 0 0 0 0 0 0 0 0 0 0 0 0 0 0 0 0 3.58496250072116 0 0 0 0 0 0 0 0 0 0 0 0 0 0 2.58496250072116 0 0 0 0 0
"SRS021083.SRX022230" 0 0 0 0 0 0 0 0 0 0 0 0 0 0 0 0 0 0 0 0 0 0 0 0 0 3.16992500144231 0 0 0 0 0 0 0 0 0 0 0 0 0 0 0 0 0 0 0 0 2 0 0 0 0 0 0 0 0 0 0 0 1 0 0 0 0 0 0 0 0 0 3.16992500144231 0 0 0 0 0 0 0 0 0 0 0 0 0 0 0 0 0 0 0 0 0 0 0 0 0 0 0 0
"SRS020829.SRX022230" 0 0 0 0 0 0 0 0 0 0 0 1 0 0 0 0 0 0 0 0 0 0 0 0 0 0 0 0 0 0 0 0 0 0 0 0 0 0 0 0 0 0 0 0 0 0 0 0 0 0 0 0 0 0 0 0 0 0 0 0 0 0 0 0 0 0 0 0 6.18982455888002 1 0 0 0 0 0 0 0 0 0 0 0 0 0 0 0 0 0 0 0 0 0 0 0 0 0 0 0
"SRS020659.SRX022230" 0 0 0 0 0 0 0 0 0 0 0 0 0 0 0 0 0 0 0 0 0 0 0 0 0 1 0 0 0 0 0 0 0 0 0 0 0 0 0 0 0 0 0 0 0 0 0 5.12928301694497 0 0 0 0 0 0 0 0 0 0 0 0 0 0 0 0 0 0 0 0 5.04439411935845 0 0 0 0 0 0 0 5.61470984411521 0 0 0 0 0 0 0 0 0 0 2.32192809488736 0 0 0 0 0 0 0 0 0
"SRS021322.SRX022235" 0 1 0 0 0 0 0 1 0 0 0 0 0 0 0 0 0 0 0 0 0 0 0 0 0 4.75488750216347 0 0 0 0 0 0 0 0 0 0 0 0 0 0 0 0 0 0 0 0 1 0 0 0 0 0 0 0 0 0 0 0 3 0 0 0 0 0 0 0 0 0 0 0 0 0 0 0 0 0 9.10852445677817 4.08746284125034 0 0 0 0 0 0 0 0 0 0 0 0 0 3.32192809488736 0 0 0 0 0
"SRS021682.SRX022235" 1.58496250072116 0 0 0 0 0 0 2 0 0 0 0 0 0 0 0 0 0 0 0 0 0 0 0 0 6.79441586635011 0 0 0 0 0 0 0 0 0 0 0 0 0 0 0 0 0 0 0 0 0 2.58496250072116 1.58496250072116 0 0 0 0 0 0 0 0 0 6.7279204545632 0 0 0 0 0 0 0 0 0 2.8073549220576 0 0 0 0 0 0 1.58496250072116 6.12928301694497 5.12928301694497 0 0 0 0 0 0 0 0 0 0 0 0 0 4.70043971814109 0 0 0 0 0
"SRS020773.SRX022235" 0 0 0 0 0 0 0 0 0 0 0 0 0 0 0 0 0 2.8073549220576 0 0 0 0 0 0 0 1 0 0 0 0 0 0 0 0 0 0 0 0 0 0 0 0 0 0 0 0 0 4 0 0 0 0 0 0 0 0 0 0 0 0 0 0 0 0 0 0 0 0 3 0 0 0 0 0 0 3.90689059560852 7.48381577726426 1.58496250072116 0 0 0 0 0 0 0 0 0 0 0 0 0 0 0 0 0 0 0
"SRS021808.SRX022235" 0 0 0 0 0 0 0 0 0 0 0 0 0 0 0 0 0 5.70043971814109 0 0 0 0 0 0 0 0 0 0 0 0 0 0 0 0 0 0 0 0 0 0 0 0 0 0 0 0 0 5.52356195605701 0 0 0 0 0 0 0 0 0 0 0 0 0 0 0 0 0 0 0 0 6 0 0 0 0 0 0 0 3 0 0 0 0 0 0 0 0 0 0 0 0 0 0 0 0 0 0 0 0
"SRS058387.SRX022242" 0 0 0 0 0 0 0 0 0 0 0 0 0 0 0 0 0 0 0 0 0 0 0 0 0 2.32192809488736 0 0 0 0 1.58496250072116 0 0 0 0 0 0 0 0 0 0 0 0 0 0 0 4.16992500144231 6.28540221886225 0 0 0 0 0 0 0 0 0 0 2.32192809488736 0 0 0 0 0 0 0 0 0 1 0 0 1 0 0 0 11.527965641134 4 2.32192809488736 0 0 0 0 0 0 0 0 0 0 0 0 0 0 0 0 0 0 0
"SRS021445.SRX022239" 0 0 0 0 0 0 0 0 0 0 0 0 0 0 0 0 0 0 0 0 0 0 0 0 0 0 0 0 0 0 0 0 0 0 0 0 0 0 0 0 0 0 0 0 0 0 1 2.8073549220576 0 0 0 0 0 0 0 0 0 0 0 0 0 0 0 0 0 0 0 0 1.58496250072116 0 0 0 0 0 0 0 8.43462822763673 0 0 0 0 0 0 0 0 0 0 0 0 0 0 0 0 0 0 0 0
"SRS021193.SRX022239" 0 0 0 0 0 0 0 0 0 0 0 0 0 0 0 0 0 0 0 0 0 0 0 0 0 2.32192809488736 0 0 0 0 0 0 0 0 0 0 0 0 0 0 0 0 0 0 0 0 1.58496250072116 0 0 0 0 0 0 0 0 0 0 0 0 0 0 0 0 0 0 0 0 0 2 0 0 0 0 0 0 0 8.97727992349992 2.8073549220576 0 0 0 0 0 0 0 0 0 0 0 0 0 4.24792751344359 0 0 0 0 0
"SRS020716.SRX022239" 1 0 0 0 0 0 0 1 0 0 0 0 0 0 0 0 0 0 1.58496250072116 0 0 0 0 0 0 2.8073549220576 0 0 0 0 0 0 0 0 0 0 0 0 0 0 0 0 0 0 0 0 1 3 0 0 0 0 0 0 0 0 0 0 2 0 0 0 0 0 0 0 0 0 1.58496250072116 0 0 0 0 0 0 0 8.37068740680722 1.58496250072116 0 0 0 0 0 0 0 0 0 1 0 0 0 0 0 0 0 0 0
"SRS021382.SRX022239" 0 0 0 0 0 0 0 0 0 0 0 0 0 0 0 0 0 4.8073549220576 0 0 0 0 0 0 0 1.58496250072116 0 0 0 0 0 0 0 0 0 0 0 0 0 0 0 0 0 0 0 0 2.32192809488736 6.4757334309664 0 0 0 0 0 0 0 0 0 0 1 0 0 0 0 0 0 0 0 0 0 1 0 0 1 0 0 0 4.70043971814109 1.58496250072116 0 0 0 0 0 0 0 0 0 0 0 0 0 1 1 0 0 0 0
"SRS050269.SRX022236" 0 0 0 0 0 0 0 0 0 0 0 0 0 0 0 0 0 0 0 0 0 0 0 0 0 3.32192809488736 0 0 0 0 0 0 0 0 0 0 0 0 0 0 0 0 0 0 0 0 4.52356195605701 3.32192809488736 0 0 0 0 0 0 0 1 0 0 4.16992500144231 0 0 0 0 0 0 0 0 0 0 0 0 0 0 0 0 0 8.90086680798075 3.16992500144231 0 0 0 0 0 0 0 0 0 0 0 0 0 0 0 0 0 0 0
"SRS022243.SRX022231" 0 0 0 0 0 0 0 0 0 0 0 0 0 0 0 0 0 0 0 0 0 0 0 0 0 0 0 0 0 0 0 0 0 0 0 0 0 0 0 0 0 0 0 0 0 0 0 2.32192809488736 0 0 0 0 0 0 0 0 0 0 0 0 0 0 0 0 0 0 0 0 0 0 0 0 0 0 0 1.58496250072116 8.14465824283188 0 0 0 0 0 0 0 0 0 0 0 0 0 0 0 0 0 0 0 0
"SRS022309.SRX022231" 0 0 0 0 0 0 0 0 0 0 0 0 0 0 0 0 0 1 0 0 0 0 0 0 0 1 0 0 0 0 0 0 0 0 0 0 0 0 0 0 0 0 0 0 0 0 1 3.32192809488736 0 0 0 0 0 0 0 0 0 0 0 0 0 0 0 0 0 0 0 0 1 0 0 0 0 0 0 1 6.59991284218713 0 0 0 0 0 0 0 0 0 0 0 0 0 0 0 0 0 0 0 0
"SRS022177.SRX022231" 0 0 0 0 0 0 0 0 0 0 0 0 0 0 0 0 0 0 0 0 0 0 0 0 0 3.32192809488736 0 0 0 0 0 0 0 0 0 0 0 0 0 0 0 0 0 0 0 0 0 6.37503943134692 0 0 0 0 0 0 0 0 0 0 3.16992500144231 0 0 0 0 0 0 0 0 0 1.58496250072116 0 0 0 0 0 0 0 8.40087943628218 3.32192809488736 0 0 0 0 0 0 0 0 0 0 0 0 0 0 1 0 0 0 0
"X700015208.V35.241719" 0 1.58496250072116 0 0 0 0 0 0 0 0 0 0 0 0 0 0 0 5.16992500144231 1 0 0 1 0 0 0 1 0 0 0 0 0 0 0 0 0 0 0 0 0 0 0 0 0 0 0 0 0 7.17990909001493 0 0 0 0 0 0 0 0 0 0 1 0 0 0 0 0 0 0 0 0 1 0 0 0 0 0 0 8.17492568250068 4.24792751344359 0 0 0 0 0 0 0 0 0 0 0 0 0 0 0 0 0 0 0 0
"SRS022753.SRX022231" 0 1 0 0 0 0 0 1 0 0 0 0 0 0 0 0 0 0 0 0 0 0 0 0 0 4.95419631038687 0 0 1.58496250072116 0 1 0 0 0 0 0 0 0 0 0 0 0 0 0 0 0 2 0 0 0 0 0 0 0 0 0 0 0 0 0 0 0 0 0 0 0 0 0 0 1 0 0 0 0 0 2.8073549220576 8.4594316186373 3.16992500144231 0 0 0 0 0 0 0 0 0 1 0 0 0 4 0 0 0 0 0
"X700015469.V35.241665" 0 0 0 0 0 0 0 0 0 1 0 0 0 0 0 0 0 0 0 0 0 0 0 0 0 9.55266909751427 0 0 0 0 0 0 0 0 0 0 0 0 0 0 0 0 0 0 0 0 1.58496250072116 0 0 0 0 0 0 0 0 0 0 0 4.39231742277876 0 0 0 0 0 0 0 0 0 0 0 0 0 0 0 0 0 8.23840473932508 4.8073549220576 0 0 1 0 0 0 0 0 0 0 0 0 0 0 0 0 0 0 0
"X700015094.V35.241773" 0 0 0 0 0 0 0 0 0 0 0 0 0 0 0 0 0 0 0 0 0 0 0 0 0 1.58496250072116 0 0 0 0 0 0 0 0 0 0 0 0 0 0 0 0 0 0 0 0 1 0 0 0 0 0 0 0 0 1.58496250072116 0 0 0 0 0 0 0 0 0 0 0 0 0 0 0 0 0 0 0 9.5018371849023 3.16992500144231 0 0 0 0 0 0 0 0 0 0 1 0 0 0 0 0 0 0 0 0
"X700014935.V35.241820" 0 0 0 0 0 0 0 0 0 0 0 0 0 0 0 0 0 5.90689059560852 0 0 0 0 0 0 0 3 0 0 0 0 0 0 0 0 0 0 0 0 0 0 0 0 0 0 0 0 1 4.16992500144231 0 0 0 0 0 0 0 0 0 0 1.58496250072116 0 0 1.58496250072116 0 2 0 0 0 0 6.32192809488736 0 0 0 1 0 0 8.19967234483636 6.49185309632967 1 0 0 0 0 0 0 0 0 0 1.58496250072116 0 0 0 1.58496250072116 0 0 0 0 0
"X700014809.V35.241722" 0 0 0 0 0 0 0 0 0 0 0 0 0 0 0 0 0 0 0 0 0 0 0 0 0 0 0 0 0 0 1 0 0 0 0 0 0 0 0 0 0 0 0 0 0 0 0 2 0 0 0 0 0 0 0 0 0 0 0 0 0 0 0 0 0 0 0 0 0 0 0 0 0 0 0 0 9.23840473932508 0 0 0 0 0 0 0 0 0 0 0 0 0 0 0 0 0 0 0 0
"X700014534.V35.241762" 2.8073549220576 0 0 0 0 0 0 0 0 0 0 0 0 0 0 0 0 0 0 0 0 0 0 0 0 5.55458885167764 0 0 0 0 0 0 0 0 0 0 0 0 0 0 0 0 0 0 0 0 1.58496250072116 7.96000193206808 0 0 0 0 0 0 0 0 0 0 3 0 0 0 0 1.58496250072116 0 0 0 0 2.32192809488736 0 0 0 0 0 0 5.12928301694497 9.56605403817109 3.58496250072116 0 0 1 0 0 0 0 0 0 0 0 0 0 5.08746284125034 0 0 0 0 0
"X700014419.V35.241827" 0 1.58496250072116 0 0 0 0 0 0 0 0 0 0 0 0 0 0 0 0 2.58496250072116 0 0 0 0 0 0 7.92481250360578 0 0 0 0 0 0 0 0 0 0 0 0 0 0 0 0 0 0 0 0 1.58496250072116 8.70735913208088 0 0 0 0 0 0 0 0 0 0 7.8073549220576 0 0 0 0 7.08746284125034 0 0 0 0 0 0 0 0 0 0 0 5.04439411935845 2.32192809488736 4 0 0 0 0 0 0 0 0 2 0 0 0 0 1 0 0 0 0 0
"X700015468.V35.241665" 0 0 0 0 0 0 0 0 0 0 0 0 0 0 0 0 0 0 0 0 0 0 0 0 0 7.55458885167764 0 0 0 0 0 0 0 0 0 0 0 0 0 0 0 0 0 0 0 0 1 0 0 0 0 0 0 0 0 0 0 0 2 0 0 0 0 0 0 0 0 0 0 0 0 0 0 0 0 0 6.4594316186373 5.35755200461808 0 0 0 0 0 0 0 0 0 0 0 0 0 0 0 0 0 0 0
"X700015438.V35.241712" 0 0 0 0 0 0 0 0 0 0 0 0 0 0 0 0 0 0 0 0 0 0 0 0 0 1.58496250072116 0 0 0 0 0 0 0 0 0 0 0 0 0 0 0 0 0 0 0 0 2.58496250072116 0 0 0 0 0 0 0 0 0 0 0 0 0 0 0 0 0 0 0 0 0 0 0 0 0 0 0 0 2.8073549220576 4.08746284125034 0 0 0 0 0 0 0 0 0 0 0 0 0 0 0 0 0 0 0 0
"X700033007.V35.241834" 0 0 0 0 0 0 0 0 0 0 0 0 0 0 0 0 0 0 0 0 0 0 0 0 0 3.4594316186373 0 0 0 0 0 0 0 0 0 0 0 0 0 0 0 0 0 0 0 0 1 0 0 0 0 0 0 0 0 0 0 0 0 0 0 0 0 0 0 0 0 0 0 0 0 0 0 0 0 7.83289001416474 8.94836723158468 2 0 0 0 0 0 0 0 0 0 1.58496250072116 0 0 0 1 0 0 0 0 0
"X700015273.V35.241748" 1 0 0 0 0 0 0 0 0 0 0 0 0 0 0 0 0 0 0 0 0 0 0 0 0 2 0 0 0 0 0 0 0 0 0 0 0 0 0 0 0 0 0 0 0 0 0 5.61470984411521 0 0 0 0 0 0 0 0 0 0 0 0 0 0 0 0 0 0 0 0 0 0 0 0 0 0 0 0 9.59245703726808 0 0 0 0 0 0 0 0 0 0 0 0 0 0 2 0 0 0 0 0
"X700014981.V35.241686" 0 0 0 0 0 0 0 0 0 0 0 0 0 0 0 0 0 0 1 0 0 0 0 0 0 7.4594316186373 0 0 0 0 0 0 0 0 0 0 0 0 0 0 0 0 0 0 0 0 0 0 0 0 0 0 0 0 0 0 0 0 2.8073549220576 0 0 0 0 0 0 0 0 0 3.70043971814109 0 1 0 0 0 0 2 6.62935662007961 4.75488750216347 0 0 0 0 0 0 0 0 0 0 0 0 0 0 0 0 0 0 0
"X700016324.V35.241673" 0 0 0 0 0 0 0 0 0 0 0 0 0 0 0 0 0 0 0 0 0 0 0 0 0 2.8073549220576 0 0 0 0 0 0 0 0 0 0 0 0 0 0 0 0 0 0 0 0 2 0 0 0 0 0 0 0 0 1 0 0 0 0 0 0 0 0 0 0 0 0 0 0 0 0 0 0 0 0 0 1.58496250072116 0 0 0 0 0 0 0 0 0 0 0 0 0 0 0 0 0 0 0
"X700033766.V35.241764" 0 2.58496250072116 0 0 0 0 0 0 0 0 0 0 0 0 0 0 0 2.58496250072116 2.32192809488736 0 0 0 0 0 0 4.08746284125034 0 0 0 0 0 0 0 0 0 0 0 0 0 0 0 1.58496250072116 0 0 0 0 1 7.67948009950545 0 0 0 0 0 0 0 0 0 0 2 0 0 0 0 1.58496250072116 0 0 0 0 3.16992500144231 0 0 0 0 0 0 0 8.64745842645492 2 0 0 0 0 0 0 0 0 0 0 0 0 0 0 0 0 0 0 0
"X700014583.V35.241766" 0 0 0 0 0 0 0 0 0 0 0 0 0 0 0 0 0 8.63662462054365 0 0 0 0 0 0 0 1 0 0 0 0 1 0 0 0 0 0 0 0 0 0 0 0 0 0 0 0 1 6.04439411935845 0 0 0 0 0 0 0 1.58496250072116 0 0 0 0 0 0 0 2 0 0 0 0 5.16992500144231 0 0 0 0 0 0 8.76818432477693 7.4594316186373 1 0 0 0 0 0 0 0 0 0 2 0 0 0 1 0 0 0 0 0
"X700033464.V35.241795" 0 1 0 0 0 0 0 0 0 0 0 0 0 0 0 0 0 0 0 0 0 0 0 0 0 5.04439411935845 0 0 0 0 1 0 0 0 0 0 0 0 0 0 0 1.58496250072116 0 0 0 0 0 6.53915881110803 0 0 0 0 0 0 0 0 0 0 2.32192809488736 0 0 0 0 0 0 0 0 0 3.16992500144231 0 0 2.58496250072116 0 0 0 6.58496250072116 8.4262647547021 3.4594316186373 0 0 0 0 0 0 0 0 0 0 0 0 0 0 0 0 0 0 0
"X700016068.V35.241709" 0 0 0 0 0 0 0 0 0 0 0 0 0 0 0 0 0 0 2 0 0 0 0 0 0 7.51569983828404 0 0 0 0 0 0 0 0 0 0 0 0 0 0 0 0 0 0 0 0 0 0 0 0 0 0 0 0 0 0 0 0 4.16992500144231 0 0 0 0 1 0 0 0 0 6.35755200461808 0 1.58496250072116 0 0 0 0 0 5.16992500144231 3.16992500144231 0 0 0 0 0 0 0 0 0 0 0 0 0 0 0 0 0 0 0
"X700015207.V35.241719" 0 3.90689059560852 0 0 0 0 0 0 0 0 0 0 0 0 0 0 0 7.09803208296053 1.58496250072116 0 0 2 0 0 0 1 0 0 0 0 0 0 0 0 0 0 0 0 0 0 0 0 0 0 0 0 1.58496250072116 8.37503943134693 0 0 0 0 0 0 0 0 0 0 2.8073549220576 0 0 0 0 1 0 0 0 0 0 0 0 0 0 0 0 9.46352437327118 5.64385618977472 2 0 0 0 0 0 0 0 0 0 0 0 0 0 1.58496250072116 0 0 0 0 0
"X700015141.V35.241755" 0 3 0 0 0 0 0 0 0 0 0 0 0 0 0 0 0 0 0 0 1 1 0 0 0 1.58496250072116 0 0 0 0 0 0 0 0 0 0 0 0 0 0 0 0 0 0 0 0 2.32192809488736 0 0 0 0 0 0 0 0 0 0 0 0 0 0 0 0 0 0 0 0 0 0 0 0 0 0 0 0 0 9.67595703294175 0 0 0 1 0 0 0 0 0 0 0 0 0 0 1 0 0 0 0 1
"SRS018206.SRX019639" 0 0 0 0 0 0 0 0 0 0 0 0 0 0 0 0 0 0 0 0 0 0 0 0 0 2 0 0 0 0 2 0 0 0 0 0 0 0 0 0 0 0 0 0 0 0 1.58496250072116 2 1 0 0 0 0 0 0 0 0 0 0 0 0 0 0 1 0 0 0 0 2.32192809488736 0 0 1 0 0 0 0 7.23840473932508 2 0 0 0 0 0 0 0 0 0 0 0 0 0 0 1.58496250072116 0 0 0 0
"SRS017412.SRX019683" 0 0 0 0 0 0 0 0 0 0 0 0 0 0 0 0 0 0 0 0 0 0 0 0 0 3.58496250072116 0 0 0 0 0 0 0 0 0 0 0 0 0 0 0 0 0 0 0 0 0 0 0 0 0 0 0 0 0 0 0 0 1 0 0 0 0 0 0 0 0 0 2 0 0 1 0 0 0 1.58496250072116 5.24792751344359 3.32192809488736 0 0 0 0 0 0 0 0 0 0 0 0 0 4.08746284125034 0 0 0 0 0
"SRS022111.SRX019690" 0 0 0 0 0 0 0 0 0 0 0 0 0 0 0 0 0 6.04439411935845 0 0 0 0 0 0 0 2.32192809488736 0 0 0 0 2 0 0 0 0 0 0 0 0 0 0 0 0 0 0 0 1 4.52356195605701 0 0 0 0 0 0 0 0 0 0 0 0 0 0 0 0 0 0 0 0 0 0 0 0 0 0 0 1 8.07681559705083 0 0 0 0 0 0 0 0 0 0 0 0 0 0 0 0 0 0 0 0
"SRS016160.SRX020573" 0 0 0 0 0 0 0 0 0 0 0 0 0 0 0 0 0 0 1 0 0 0 0 0 0 3.4594316186373 0 0 0 0 1 0 0 0 0 0 0 0 0 0 0 0 0 0 0 0 1 6.62935662007961 0 0 0 0 0 0 0 0 0 0 0 0 0 0 0 0 0 0 0 0 5.28540221886225 0 0 0 0 0 0 0 2.32192809488736 2.32192809488736 0 0 0 0 0 0 0 0 0 0 0 0 0 0 0 0 0 0 0
"SRS015768.SRX020573" 0 0 0 0 0 0 0 0 0 0 0 0 0 0 0 0 0 8.16490692667569 0 0 0 1 0 0 0 1.58496250072116 0 0 0 0 0 0 0 0 0 0 0 0 0 0 0 0 0 0 0 0 0 6.16992500144231 0 0 0 0 0 0 0 0 0 0 0 0 0 0 0 0 0 0 0 0 8.88264304936184 0 0 1.58496250072116 0 0 0 4.32192809488736 9.97871045910636 0 0 0 0 0 0 0 0 0 0 1.58496250072116 0 0 0 0 0 0 0 0 0
"SRS011631.SRX020660" 1 0 0 0 0 0 0 0 0 0 0 0 0 0 0 0 0 0 0 0 0 0 0 0 0 4.70043971814109 0 0 0 0 1 0 0 0 0 0 0 0 0 0 0 1.58496250072116 0 0 0 0 2 2.32192809488736 0 0 0 0 0 0 0 0 0 0 2 0 0 0 0 0 0 0 0 0 2.58496250072116 0 0 1 0 0 0 2.32192809488736 5.85798099512757 2 0 0 0 0 0 0 0 0 0 1 0 0 0 0 0 0 0 0 0
"SRS011281.SRX020660" 1 0 0 0 0 0 0 0 0 0 0 0 0 0 0 0 0 0 0 0 0 0 0 0 0 2.58496250072116 0 0 0 0 0 0 0 0 0 0 0 0 0 0 0 0 0 0 0 0 2.32192809488736 3.32192809488736 0 0 0 0 0 0 0 0 0 0 0 0 0 0 0 1 0 0 0 0 0 0 0 0 0 0 0 0 8.66888498426625 0 0 0 0 0 0 0 0 0 0 0 0 0 0 1.58496250072116 0 0 0 0 0
"SRS011167.SRX020666" 0 1.58496250072116 0 0 0 0 0 0 0 0 0 0 0 0 0 0 0 0 0 0 0 1 0 0 0 6.65821148275179 0 0 0 0 0 0 0 0 0 0 0 0 0 0 0 0 0 0 0 0 2 0 0 0 0 0 0 0 0 0 0 0 1 0 0 0 0 0 0 0 0 0 4.90689059560852 0 0 0 0 0 0 2 6.12928301694497 3.4594316186373 0 0 0 0 0 0 0 0 0 0 0 0 0 0 0 0 0 0 0
"SRS011462.SRX020668" 0 1 0 0 0 0 0 0 0 0 0 0 0 0 0 0 0 0 0 0 0 1 0 0 0 2 0 0 0 0 0 0 0 0 0 0 0 0 0 0 0 0 0 0 0 0 2.58496250072116 0 0 0 0 0 0 0 0 0 0 0 0 0 0 0 0 0 0 0 0 0 4.95419631038687 0 0 0 0 0 0 0 8.88874324889826 1.58496250072116 0 0 0 0 0 0 0 0 0 0 0 0 0 0 0 0 0 0 0
"SRS011631.SRX020668" 1.58496250072116 0 0 0 0 0 0 0 0 0 0 0 0 0 0 0 0 0 0 0 0 0 0 0 0 4.95419631038687 0 0 0 0 1 0 0 0 0 0 0 0 0 0 0 1.58496250072116 0 0 0 0 0 4.8073549220576 0 0 0 0 0 0 0 0 0 0 2 0 0 0 0 1.58496250072116 0 0 0 0 3.4594316186373 0 0 0 0 0 0 4.24792751344359 7.61470984411521 2 0 0 0 0 0 0 0 0 0 0 0 0 0 0 0 0 0 0 0
"SRS011167.SRX020669" 0 1.58496250072116 0 0 0 0 0 0 0 1 0 0 0 0 0 0 0 0 1.58496250072116 0 0 1 0 0 0 7 0 0 0 0 0 0 0 0 0 0 0 0 0 0 0 1 0 0 0 0 1 0 0 0 0 0 0 0 0 0 0 0 3 0 0 0 0 0 0 0 0 0 5.08746284125034 1.58496250072116 1 0 0 0 0 2.58496250072116 6.4093909361377 4.4594316186373 0 0 0 0 0 0 0 0 0 0 0 0 0 0 0 0 0 0 0
"SRS011512.SRX020669" 0 0 0 0 0 0 0 0 0 0 0 0 0 0 0 0 0 1.58496250072116 0 0 0 0 0 0 0 3.70043971814109 0 0 0 0 0 0 0 0 0 0 0 0 0 0 0 0 0 0 0 0 2 4.32192809488736 0 0 0 0 0 0 0 0 0 0 2 0 0 0 0 0 0 0 0 0 1 0 0 0 0 0 0 4.4594316186373 5.6724253419715 0 0 0 0 0 0 0 0 0 0 0 0 0 0 0 0 0 0 0 0
"SRS015123.SRX020555" 0 0 0 0 0 0 0 0 0 0 0 0 0 0 0 0 0 8.68999797141945 0 0 0 1 0 0 0 3.58496250072116 0 0 0 0 0 0 0 0 0 0 0 0 0 0 0 0 0 0 0 1 1 1 0 0 0 0 0 0 0 0 0 0 0 0 0 4.16992500144231 0 1 0 0 0 0 7.02236781302845 0 0 0 0 0 0 8.11374216604919 9.51766938813381 1.58496250072116 0 0 1 0 0 0 0 0 0 4.08746284125034 0 0 0 0 0 0 0 0 0
"SRS063197.SRX020579" 0 3 0 0 0 0 0 2 0 0 0 0 0 0 0 0 0 0 2 0 0 2 0 0 0 7.27612440527424 0 0 0 0 1 0 0 0 0 0 1.58496250072116 0 0 0 0 2.32192809488736 0 0 0 1 0 3 0 0 1 0 0 0 0 0 0 0 6.18982455888002 0 0 0 0 3.4594316186373 0 0 0 0 2.32192809488736 2.58496250072116 4.08746284125034 0 0 0 0 0 7.61470984411521 2.58496250072116 1.58496250072116 0 0 0 0 0 1 0 2 3 2.8073549220576 0 0 5.28540221886225 3.90689059560852 0 0 0 0
"SRS014958.SRX020576" 0 0 0 0 0 0 0 0 0 0 0 0 0 0 0 0 0 0 0 0 0 0 0 0 0 1 0 0 0 0 0 0 0 0 0 0 1.58496250072116 0 0 0 0 0 0 0 0 0 0 8.05528243550119 0 0 0 0 0 0 0 0 0 0 0 0 0 0 0 1 0 0 0 0 1.58496250072116 0 0 0 1 0 0 0 8.7714894695006 1 0 0 0 0 0 0 0 0 0 0 0 0 0 0 1 0 0 0 0
"SRS051311.SRX020563" 0 1 0 0 0 0 0 0 0 0 0 0 0 0 0 0 0 0 1 0 0 1 0 0 0 6.88264304936184 0 0 0 0 0 0 0 0 0 0 0 0 0 0 0 0 0 0 0 0 2.8073549220576 4.75488750216347 0 0 0 0 0 0 0 0 0 0 5.04439411935845 0 0 0 0 0 0 0 0 0 1 0 0 0 0 0 0 0 11.8879821330585 2.8073549220576 0 0 0 0 0 0 0 0 0 0 3.4594316186373 0 0 0 0 0 0 0 0
"SRS050336.SRX020685" 0 0 0 0 0 0 0 0 0 0 0 0 0 0 0 0 0 0 0 0 0 0 0 0 0 0 0 0 0 0 1 0 0 0 0 0 0 0 0 0 0 0 0 0 0 0 1 4.85798099512757 0 0 0 0 0 0 0 0 0 0 0 0 0 0 0 1 0 0 0 0 4 0 0 0 0 0 0 6.12928301694497 6.4093909361377 0 0 0 0 0 0 0 0 0 0 1 0 0 0 0 0 0 0 0 0
"SRS053271.SRX020533" 1 0 0 0 0 0 0 0 0 1 0 0 0 0 0 1.58496250072116 0 0 3.90689059560852 0 0 0 0 0 0 3.16992500144231 0 0 0 0 0 1 0 0 0 0 0 0 0 0 0 0 0 0 0 0 2 6.62935662007961 0 0 0 0 0 0 0 0 0 0 3 0 0 0 0 0 0 0 0 0 0 0 0 0 0 0 0 0 4.75488750216347 0 0 1 0 0 0 0 0 0 0 0 0 0 0 0 0 0 0 0 0
"X700016636.V35.241837" 1 2.8073549220576 0 0 0 0 0 1.58496250072116 0 0 0 0 0 0 0 0 0 0 4 1 0 0 0 0 0 7.69348695749933 0 0 1.58496250072116 0 1.58496250072116 0 0 1 0 0 0 0 0 0 0 2.58496250072116 0 0 0 0 1.58496250072116 7.4594316186373 0 0 0 0 0 0 0 1.58496250072116 0 0 8.12928301694497 0 0 0 0 6.44294349584873 0 0 0 0 5.39231742277876 1.58496250072116 1 2 0 0 0 10.5449644327892 10.1098306542788 6.56985560833095 0 0 0 0 0 0 0 0 0 3 0 0 1.58496250072116 6.04439411935845 2 0 0 0 0
"SRS018015.SRX019639" 0 0 0 0 0 0 0 1 0 0 0 0 0 0 0 0 0 0 0 0 0 0 0 0 0 3 0 0 0 0 0 0 0 0 0 0 0 0 0 0 0 0 0 0 0 0 0 3 0 0 0 0 0 0 0 0 0 0 3 0 0 0 0 0 0 0 0 0 3.16992500144231 0 0 0 0 0 0 0 5.78135971352466 0 0 0 0 0 0 0 0 0 0 0 0 0 0 0 0 0 0 0 0
"SRS018094.SRX019683" 0 0 0 0 0 0 0 0 0 0 0 0 0 0 0 0 0 7.29462074889163 0 0 0 0 0 0 0 2.8073549220576 0 0 0 0 0 0 0 0 0 0 0 0 0 0 0 0 0 0 0 0 2 4.8073549220576 0 0 0 0 0 0 0 0 0 0 1 0 0 0 0 0 0 0 0 0 1.58496250072116 0 0 0 0 0 0 6.06608919045777 4.85798099512757 2.8073549220576 0 0 0 0 0 0 0 0 0 0 0 0 0 1 1 0 0 0 0
"SRS017355.SRX019687" 0 0 0 0 0 0 0 0 0 0 0 0 0 0 0 0 0 0 0 0 0 0 0 0 0 3.4594316186373 0 0 0 0 0 0 0 0 0 0 0 0 0 0 0 0 0 0 0 0 0 2 0 0 0 0 0 0 0 0 0 0 1.58496250072116 0 0 0 0 1 0 0 0 0 2 0 1 0 0 0 0 4.16992500144231 6.94251450533924 1.58496250072116 0 0 0 0 0 0 0 0 0 0 0 0 0 0 0 0 0 0 0
"SRS019101.SRX020564" 0 0 0 0 0 0 0 0 0 1 0 0 0 0 0 0 0 8.76818432477693 0 0 0 0 0 0 0 3.16992500144231 0 0 0 0 1.58496250072116 0 0 0 0 0 0 0 0 0 0 0 0 0 0 0 1.58496250072116 6.55458885167764 0 0 0 0 0 0 0 0 0 0 1 0 0 0 0 3.90689059560852 0 0 0 0 3 0 0 0 0 0 0 2 7.83920378809694 1.58496250072116 0 0 0 0 0 0 0 0 0 1 0 0 0 2 0 0 0 0 0
"SRS015464.SRX020545" 0 0 0 0 0 0 0 0 0 0 0 0 0 0 0 0 0 7.83920378809694 0 0 0 0 0 0 0 5.16992500144231 0 0 0 0 1 0 0 0 0 0 0 0 0 0 0 0 0 0 0 0 1 7.68650052718322 0 1 0 0 0 0 0 0 0 0 3.32192809488736 0 0 0 0 6.12928301694497 0 0 0 0 4.64385618977472 0 0 0 0 0 0 3.16992500144231 7.64385618977472 4.8073549220576 0 0 0 0 0 0 0 0 0 2 0 0 0 1 2 0 0 0 0
"SRS019101.SRX020545" 0 0 0 0 0 0 0 0 0 0 0 0 0 0 0 0 0 8.75822321472672 0 0 0 0 0 0 0 3.16992500144231 0 0 0 0 1 0 0 0 0 0 0 0 0 0 0 0 0 0 0 0 1 7 0 0 0 0 0 0 0 0 0 0 1 0 0 0 0 4.08746284125034 0 0 0 0 2 0 0 1 0 0 0 3.16992500144231 8.04439411935845 3.16992500144231 0 0 0 0 0 0 0 0 0 0 0 0 0 2.32192809488736 0 0 0 0 0
"SRS020194.SRX020680" 0 0 0 0 0 0 0 0 0 0 0 0 0 0 0 0 0 0 0 0 0 0 0 0 0 4.85798099512757 0 0 0 0 0 0 0 0 0 0 0 0 0 0 0 0 0 0 0 0 1 5.95419631038687 0 0 0 0 0 0 0 0 0 0 3.32192809488736 0 0 0 0 1.58496250072116 0 0 0 0 3.4594316186373 0 0 0 0 0 0 2.32192809488736 8.71080643369935 4.52356195605701 1.58496250072116 0 0 0 0 0 0 0 0 0 0 0 0 2.58496250072116 0 0 0 0 0
"SRS065144.SRX020689" 0 0 0 0 0 0 0 0 0 0 0 0 0 0 0 0 0 0 0 0 0 0 0 0 0 5.95419631038687 0 0 0 0 0 0 0 0 0 0 0 0 0 0 0 0 0 0 0 0 1 1.58496250072116 0 0 0 0 0 0 0 1 0 0 2 0 0 0 0 0 0 0 0 0 4.4594316186373 0 0 0 0 0 0 1 7.31288295528436 3.70043971814109 0 0 0 0 0 0 0 0 0 0 0 0 0 0 0 0 0 0 0
"SRS063766.SRX020579" 0 2.58496250072116 0 0 0 0 0 0 0 1.58496250072116 0 0 0 0 0 0 0 3.8073549220576 1.58496250072116 0 0 0 0 0 0 7.44294349584873 0 0 0 0 1 0 0 0 0 0 0 0 0 0 0 1 0 0 0 1 1.58496250072116 4.8073549220576 0 0 0 0 0 0 0 0 0 0 6.94251450533924 0 0 0 0 4.16992500144231 0 0 0 0 1.58496250072116 1 1 0 0 0 0 0 8.68650052718322 3.70043971814109 0 0 0 0 0 0 0 0 0 0 0 0 0 2 0 0 0 0 0
"SRS045614.SRX020687" 0 0 0 0 0 0 0 0 0 0 0 0 0 0 0 0 0 3 0 0 0 0 0 0 0 2.8073549220576 0 0 1 0 0 0 0 0 0 0 0 0 0 0 0 0 0 0 0 0 2.32192809488736 4.70043971814109 0 0 0 0 0 0 0 0 0 0 1 0 0 0 0 0 0 0 0 0 1.58496250072116 0 0 0 0 0 0 1 4.64385618977472 0 0 0 0 0 0 0 0 0 0 0 0 0 0 0 0 0 0 0 0
"X700015731.V35.241804" 0 0 0 0 0 0 0 0 0 1 0 0 0 0 0 0 0 0 0 0 0 0 0 0 0 6.16992500144231 0 0 0 0 0 0 0 0 0 0 0 0 0 0 0 0 0 0 0 0 0 0 0 0 0 0 0 0 0 0 0 0 1.58496250072116 0 0 0 0 0 0 0 0 0 0 0 0 0 0 0 0 0 7.85798099512757 4 0 0 0 0 0 0 0 0 0 0 0 0 0 0 0 0 0 0 0
"SRS017284.SRX019686" 0 1 0 0 0 0 0 0 0 0 0 0 0 0 0 0 0 7.83920378809694 0 0 0 0 0 0 0 0 0 0 0 0 1 0 0 0 0 0 0 0 0 0 0 0 0 0 0 0 0 4.8073549220576 0 0 0 0 0 0 0 0 0 0 2.8073549220576 0 0 2.32192809488736 0 0 0 0 0 1 5.28540221886225 0 0 0 0 0 0 0 3.32192809488736 0 0 0 0 0 0 0 0 0 0 0 0 0 0 0 0 1 0 0 0
"SRS022627.SRX019689" 0 0 0 0 0 0 0 0 0 1 0 0 0 0 0 0 0 6.94251450533924 0 0 0 0 0 0 0 0 0 0 0 0 1 0 0 0 0 0 0 0 0 0 0 0 0 0 0 0 1 2.32192809488736 0 0 0 0 0 0 0 0 0 0 0 0 0 0 0 0 0 0 0 0 0 0 0 0 0 0 0 0 0 0 0 0 0 0 0 0 0 0 0 0 0 0 0 0 0 0 0 0 0
"SRS057813.SRX020560" 0 0 0 0 0 0 0 0 0 0 0 0 0 0 0 0 0 0 1.58496250072116 0 0 1 0 0 0 6.18982455888002 0 0 0 0 0 0 0 0 0 0 0 0 0 0 0 1 0 0 0 0 1.58496250072116 1 0 0 0 0 0 0 0 0 0 0 4.85798099512757 0 0 0 0 2.58496250072116 0 0 0 0 1 0 0 2 0 0 0 8.65105169117893 8.58496250072116 4.24792751344359 0 0 0 0 0 0 0 0 0 0 0 0 0 0 1 0 0 1 0
"SRS062742.SRX020689" 0 0 0 0 0 0 0 0 0 0 0 0 0 0 0 0 0 7.38370429247405 0 0 0 0 0 0 0 5.4262647547021 0 0 0 0 1 0 0 0 0 0 0 0 0 0 0 0 0 0 0 0 0 4.58496250072116 0 0 0 0 0 0 0 0 0 0 0 0 0 3.32192809488736 0 0 0 0 0 0 1 0 0 1.58496250072116 0 0 0 1 6.4594316186373 2 0 0 0 0 0 0 0 0 0 0 0 0 0 2.32192809488736 0 0 0 0 0
"SRS021742.SRX022231" 0 0 0 0 0 0 0 0 0 0 0 0 0 0 0 0 0 7.40087943628218 0 0 0 0 0 0 0 2 0 0 0 0 0 0 0 0 0 0 0 0 0 0 0 0 0 0 0 0 0 5.20945336562895 0 0 0 0 0 0 0 1 0 0 0 0 0 0 0 0 0 0 0 0 5.35755200461808 0 0 1.58496250072116 0 0 0 0 0 0 0 0 0 0 0 0 0 0 0 1 0 0 0 0 0 0 0 0 0
"SRS024586.SRX019639" 0 0 0 0 0 0 0 0 0 0 0 0 0 0 0 0 0 0 0 0 0 0 0 0 0 1 0 0 0 0 0 0 0 0 0 0 0 0 0 0 0 0 0 0 0 0 0 3.90689059560852 0 0 0 0 0 0 0 0 0 0 0 0 0 0 0 0 0 0 0 0 5.8073549220576 0 0 0 0 0 0 1 7.97154355395077 0 0 0 0 0 0 0 0 0 0 0 0 0 0 0 0 0 0 0 0
"SRS023623.SRX019683" 0 0 0 0 0 0 0 0 0 0 0 0 0 0 0 0 0 0 0 0 0 0 0 0 0 4.64385618977472 0 0 0 0 0 0 0 0 0 0 0 0 0 0 0 0 0 0 0 0 1 3.90689059560852 0 0 0 0 0 0 0 0 0 0 0 0 0 0 0 0 0 0 0 0 0 0 0 0 0 0 0 0 8.12928301694497 1 0 0 0 0 0 0 0 0 0 0 0 0 0 0 0 0 0 0 0
"SRS020545.SRX019684" 0 1 0 0 0 0 1 0 0 0 0 0 0 0 0 0 0 5.08746284125034 0 0 0 2.32192809488736 0 0 0 0 0 0 0 0 0 0 0 0 0 0 0 0 0 0 0 0 0 0 0 0 0 6.98868468677217 0 0 0 0 0 0 0 0 0 0 0 0 0 0 0 0 0 0 0 0 4.52356195605701 0 0 0 0 0 0 0 2.32192809488736 0 0 0 0 0 0 0 0 0 0 0 0 0 0 0 0 0 0 0 0
"SRS018268.SRX019687" 0 1 0 0 0 0 0 0 0 0 0 0 0 0 0 0 0 0 0 0 0 1 0 0 0 0 0 0 0 0 0 0 0 0 0 0 0 0 0 0 0 0 0 0 0 0 1 5 0 0 0 0 0 0 0 0 0 0 1 0 0 0 0 1 0 0 0 0 1 0 0 0 0 0 0 0 8.4262647547021 0 0 0 0 0 0 0 0 0 0 0 0 0 0 0 0 0 0 0 0
"SRS017473.SRX019687" 0 0 0 0 0 0 0 0 0 0 0 0 0 0 0 0 0 3.32192809488736 0 0 0 0 0 0 0 1 0 0 0 0 0 0 0 0 0 0 0 0 0 0 0 0 0 0 0 0 0 6.28540221886225 0 0 0 0 0 0 0 0 0 0 0 0 0 1 0 0 0 0 0 0 5.20945336562895 0 0 0 0 0 0 1 7.36632221424582 1 0 0 0 0 1 0 0 0 0 0 0 0 0 0 1 0 0 0 0
"SRS023563.SRX019686" 0 0 0 0 0 0 0 0 0 0 0 0 0 0 0 0 0 0 0 0 0 0 0 0 0 0 0 0 0 0 0 0 0 0 0 0 0 0 0 0 0 0 0 0 0 0 0 8.40087943628218 0 0 0 0 0 0 0 0 0 0 0 0 0 0 0 0 0 0 0 0 0 0 0 0 0 0 0 5.35755200461808 9.20212382383046 0 0 0 0 0 0 0 0 0 0 1.58496250072116 0 0 0 0 0 0 0 0 0
"SRS021502.SRX019690" 0 0 0 0 0 0 0 0 0 0 0 0 0 0 0 0 0 0 0 0 0 0 0 0 0 1 0 0 0 0 0 0 0 0 0 0 0 0 0 0 0 0 0 0 0 0 0 2.8073549220576 0 0 0 0 0 0 0 0 0 0 0 0 0 0 0 0 0 0 0 0 2 0 0 0 0 0 0 0 9.27844945822048 0 0 0 0 0 0 0 0 0 0 0 0 0 0 0 0 0 0 0 0
"SRS017017.SRX019691" 0 0 0 0 0 0 0 0 0 0 0 0 0 0 0 0 0 0 0 0 0 0 0 0 0 1 0 0 0 0 0 0 0 0 0 0 0 0 0 0 0 0 0 0 0 0 1 5.08746284125034 0 0 0 0 0 0 0 0 0 0 0 0 0 0 0 0 0 0 0 0 3.4594316186373 0 0 0 0 0 0 4.75488750216347 9.25029841790633 0 0 0 0 0 0 0 0 0 0 0 0 0 0 1 0 0 0 0 0
"SRS020887.SRX019691" 0 0 0 0 0 0 0 0 0 0 0 0 0 0 0 0 0 1 0 0 0 0 0 0 0 3.16992500144231 0 0 0 0 0 0 0 0 0 0 0 0 0 0 0 0 0 0 0 0 0 7.58496250072116 0 0 0 0 0 0 0 0 0 0 0 0 0 0 0 0 0 0 0 0 1 0 0 0 0 0 0 5.04439411935845 4.4594316186373 1.58496250072116 0 1 0 0 0 0 0 0 0 1 0 0 0 1 0 0 0 0 0
"SRS016868.SRX019696" 1 0 0 0 0 0 0 0 0 0 0 0 0 0 0 0 0 0 0 0 0 0 0 0 0 0 0 0 0 0 0 0 0 0 0 0 0 0 0 0 0 0 0 0 0 0 2.32192809488736 1.58496250072116 0 0 0 0 0 0 0 0 0 0 1.58496250072116 0 0 0 0 0 0 0 0 0 1 0 0 0 0 0 0 0 2 0 0 0 0 0 0 0 0 0 0 1 0 0 0 1 0 0 0 0 0
"SRS024283.SRX019692" 0 0 0 1 0 0 0 0 0 0 0 0 0 0 0 0 0 0 0 0 0 0 0 0 0 2 0 0 0 0 0 0 0 0 0 0 0 0 0 0 0 0 0 0 0 0 2.32192809488736 0 0 0 0 0 0 0 0 1 0 0 0 0 0 0 0 0 0 0 0 0 0 0 0 0 0 0 0 7 4.90689059560852 0 0 0 0 0 0 0 0 0 0 1 0 0 0 0 0 0 0 0 0
"SRS014349.SRX020558" 2 1 0 0 0 0 0 0 0 0 0 0 0 0 0 0 0 0 0 0 0 1 0 0 0 2 0 0 0 0 0 0 0 0 0 0 0 0 0 0 0 0 0 0 0 0 2 1 0 0 0 0 0 0 0 0 0 0 0 0 0 0 0 0 0 0 0 0 0 0 0 0 0 0 0 9.12153351734003 11.2615073092021 0 0 0 0 0 0 0 0 0 0 1 0 0 0 0 0 0 0 0 0
"SRS011462.SRX020660" 0 0 0 0 0 0 0 0 0 0 0 0 0 0 0 0 0 0 0 0 0 1 0 0 0 1.58496250072116 0 0 0 0 1 0 0 0 0 0 0 0 0 0 0 2 0 0 0 0 3 0 0 0 0 0 0 0 0 0 0 0 0 0 0 0 0 0 0 0 0 0 4.32192809488736 0 0 0 0 0 0 0 7.65105169117893 0 0 0 0 0 0 0 0 0 0 0 0 0 0 0 0 0 0 0 0
"SRS011281.SRX020668" 0 1.58496250072116 0 0 0 0 0 0 0 1 0 0 0 0 0 0 0 0 0 0 0 0 0 0 0 3.16992500144231 0 0 1 0 0 0 0 0 0 0 0 0 0 0 0 0 0 0 1 0 2 5.12928301694497 0 0 0 0 0 0 0 0 0 0 0 0 0 0 0 0 0 0 0 0 0 0 0 0 0 0 0 0 9.8703647195834 1.58496250072116 0 0 1 0 0 0 0 0 0 0 0 0 0 1 0 0 0 0 0
"SRS014813.SRX020555" 0 0 0 0 0 0 0 0 0 0 0 0 0 0 0 0 0 1 0 0 0 0 0 0 0 1.58496250072116 0 0 0 0 0 0 0 0 0 0 0 0 0 0 0 0 0 0 0 0 2.32192809488736 0 0 0 0 0 0 0 0 0 0 0 2.58496250072116 0 0 0 0 2 0 0 0 0 0 0 0 0 0 0 0 8.53138146051631 5.49185309632967 0 0 0 0 0 0 0 0 0 0 0 0 0 0 1.58496250072116 0 0 0 0 0
"SRS011539.SRX020660" 1 0 0 0 0 0 0 0 0 0 0 0 0 0 0 0 0 0 1.58496250072116 0 0 0 0 0 0 1.58496250072116 0 0 0 0 0 0 0 0 0 0 0 0 0 0 0 1 0 0 0 0 3.70043971814109 1 0 0 0 0 0 0 0 0 0 0 0 0 0 0 0 0 0 0 0 0 1 0 0 0 0 0 0 1 2.58496250072116 1 0 0 0 0 0 0 0 0 0 0 0 0 0 2.32192809488736 0 1 0 0 0
"SRS022498.SRX020680" 0 0 0 0 0 0 0 0 0 0 0 0 0 0 0 0 0 0 0 0 0 0 0 0 0 2 0 0 0 0 0 0 0 0 0 0 0 0 0 0 0 0 0 0 0 0 1 6.08746284125034 0 0 0 0 0 0 0 1.58496250072116 0 0 1.58496250072116 0 0 0 0 0 0 0 0 0 0 0 0 0 0 0 0 5.12928301694497 1.58496250072116 1 0 0 0 0 0 0 0 0 0 0 0 0 0 1 0 0 0 0 0
"SRS013561.SRX020681" 0 0 0 0 0 0 0 0 0 0 0 0 0 0 0 0 0 0 0 0 0 0 0 0 0 3 0 0 0 0 1 0 0 0 0 0 0 0 0 0 0 0 0 0 0 0 1.58496250072116 0 0 0 0 0 0 0 0 0 0 0 1.58496250072116 0 0 0 0 0 0 0 0 0 3.90689059560852 1 0 0 0 0 0 0 6.18982455888002 1 0 0 0 0 0 0 0 0 0 0 0 0 0 0 0 0 0 0 0
"SRS055904.SRX020681" 0 0 0 0 0 0 0 0 0 0 0 0 0 0 0 0 0 8.44708322620965 0 0 0 0 0 0 0 2.32192809488736 0 0 0 0 0 0 0 0 0 0 0 0 0 0 0 1 0 0 0 0 0 4.39231742277876 0 0 0 0 0 0 0 0 0 0 1.58496250072116 0 0 0 0 0 0 0 0 0 6.4262647547021 0 0 0 0 0 0 0 4.58496250072116 1 0 0 0 0 0 0 0 0 0 0 0 0 0 0 0 0 0 0 0
"SRS049637.SRX020684" 0 0 0 0 0 0 0 0 0 0 0 0 0 0 0 0 0 0 0 0 0 0 0 0 0 0 0 0 0 0 0 0 0 0 0 0 0 0 0 0 0 0 0 0 0 0 0 6.55458885167764 0 0 0 0 0 0 0 0 0 0 0 0 0 0 0 0 0 0 0 1 8.08746284125034 0 1 0 0 0 0 0 5.88264304936184 0 0 0 0 0 0 0 0 0 0 0 0 0 0 0 1 0 0 0 0
"SRS055805.SRX020684" 0 0 0 0 0 0 0 0 0 0 0 0 0 0 0 0 0 0 0 0 0 0 0 0 0 2.32192809488736 0 0 0 0 0 0 0 0 0 0 0 0 0 0 0 0 0 0 0 0 2.32192809488736 1.58496250072116 0 0 0 0 0 0 0 0 0 0 0 0 0 0 0 0 0 0 0 0 1 0 0 0 0 0 0 7.4093909361377 9.76155123244448 0 0 0 0 0 0 0 0 0 0 0 0 0 0 2.58496250072116 0 0 0 0 0
"SRS044378.SRX020685" 0 0 0 0 0 0 0 0 0 0 0 0 0 0 0 0 0 0 0 0 0 0 0 0 0 1 0 0 0 0 1 0 0 0 0 0 0 0 0 0 0 0 0 0 0 0 0 4 0 0 0 0 0 0 0 0 0 0 0 0 0 0 0 0 0 0 0 0 1.58496250072116 0 0 0 0 0 0 5.85798099512757 6.90689059560852 0 0 0 0 0 0 0 0 0 0 0 0 0 0 0 0 0 0 0 0
"SRS051881.SRX020687" 0 0 0 0 0 0 0 0 0 0 0 0 0 0 0 0 0 0 3 0 0 0 0 0 0 4.4594316186373 0 0 0 0 1.58496250072116 0 0 0 0 0 0 0 0 0 0 1 0 0 0 0 2.32192809488736 0 0 0 0 0 0 0 1 0 0 0 4.24792751344359 0 0 0 0 0 0 0 0 0 8.61470984411521 0 0 0 0 0 0 0 6.55458885167764 0 0 0 0 0 0 0 0 0 0 0 0 0 0 0 0 0 0 0 0
"SRS058459.SRX021470" 0 0 0 0 0 0 0 0 0 0 0 0 0 0 0 0 0 0 0 0 0 0 0 0 0 3.8073549220576 0 0 0 0 0 0 0 0 0 0 0 0 0 0 0 1.58496250072116 0 0 0 0 2.32192809488736 0 0 0 0 0 0 0 0 0 0 0 1.58496250072116 0 0 0 0 0 0 0 0 0 2 2 1 0 0 0 0 2.8073549220576 7.65821148275179 1.58496250072116 0 0 0 0 0 0 0 0 0 2 0 0 0 1 0 0 0 0 0
"SRS054361.SRX022036" 0 0 0 0 0 0 0 0 0 0 0 0 0 0 0 0 0 0 0 0 0 0 0 0 0 0 0 0 0 0 0 0 0 0 0 0 0 0 0 0 0 0 0 0 0 0 2 0 0 0 0 0 0 0 0 0 0 0 0 0 0 0 0 0 0 0 0 0 0 0 0 0 0 0 0 0 7.74819284958946 1 0 0 0 0 0 0 0 0 0 0 0 0 0 1 0 0 0 0 0
"SRS056403.SRX022036" 0 0 0 0 0 0 0 0 0 0 0 0 0 0 0 0 0 0 0 0 0 0 0 0 0 3 0 0 0 0 0 0 0 0 0 0 0 0 0 0 0 0 0 0 0 0 1.58496250072116 0 0 0 0 0 0 0 0 0 0 0 4.52356195605701 0 0 0 0 0 0 0 0 0 1 0 0 0 0 0 0 0 7.27612440527424 0 0 0 0 0 0 0 0 0 0 0 0 0 0 1 1 0 0 0 0
"SRS063986.SRX022222" 0 0 0 0 0 0 0 0 0 0 0 0 0 0 0 0 0 0 0 0 0 0 0 0 0 0 0 0 0 0 0 0 0 0 0 0 0 0 0 0 0 0 0 0 0 0 1.58496250072116 4.75488750216347 0 0 0 0 0 0 0 0 0 0 0 0 0 0 0 0 0 0 0 0 0 0 0 0 0 0 0 2.58496250072116 0 0 0 0 0 0 0 0 0 0 0 0 0 0 0 0 0 0 0 0 0
"SRS052897.SRX022222" 0 0 0 0 0 0 0 0 0 0 0 0 0 0 0 0 0 0 0 0 0 0 0 0 0 0 0 0 0 0 0 0 0 0 0 0 0 0 0 0 0 0 0 0 0 0 1 1 0 0 0 0 0 0 0 0 0 0 0 0 0 0 0 0 0 0 0 0 4.58496250072116 0 0 0 0 0 0 1 0 0 0 0 0 0 0 0 0 0 0 0 0 0 0 0 0 0 0 0 0
"SRS023809.SRX022223" 0 0 0 0 0 0 0 0 0 0 0 0 0 0 1 0 0 0 0 0 0 0 0 0 0 4.70043971814109 0 0 0 0 0 0 0 0 0 0 0 0 0 0 0 0 0 0 0 0 1 1 0 0 0 0 0 0 0 2.32192809488736 0 0 3.8073549220576 0 0 0 0 0 0 0 0 0 1 0 0 0 0 0 0 0 4.70043971814109 2 0 0 0 0 0 0 0 0 0 1 0 0 0 0 0 0 0 0 0
"SRS022687.SRX022226" 0 0 0 0 0 0 0 0 0 0 0 0 0 0 0 0 0 0 0 0 0 0 0 0 0 0 0 0 0 0 0 0 0 0 0 0 0 0 0 0 0 0 0 0 0 0 1 7.88874324889826 0 0 0 0 0 0 0 0 0 0 0 0 0 0 0 0 0 0 0 0 0 0 0 0 0 0 0 4.95419631038687 7.08746284125034 0 0 0 0 0 0 0 0 0 0 0 0 0 0 0 0 0 0 0 0
"SRS022372.SRX022226" 0 1 0 0 0 0 0 0 0 0 0 0 0 0 0 0 0 0 0 0 0 0 0 0 0 1 0 0 0 0 0 0 0 0 0 0 0 0 0 0 0 0 0 0 0 0 0 0 0 0 0 0 0 0 0 0 0 0 1 0 0 0 0 0 0 0 0 0 1.58496250072116 0 0 0 0 0 0 6 4.70043971814109 3.16992500144231 0 0 0 0 0 0 0 0 0 0 0 0 0 3.32192809488736 0 0 0 0 0
"SRS051769.SRX022227" 0 0 0 0 0 0 0 0 0 0 0 0 0 0 0 0 0 0 0 0 0 0 0 0 0 0 0 0 0 0 0 0 0 0 0 0 0 0 0 0 0 0 0 0 0 0 0 7.19967234483636 0 0 0 0 0 0 0 0 0 0 0 0 0 0 0 0 0 0 0 0 4.64385618977472 0 0 0 0 0 0 0 2 0 0 0 0 0 0 0 0 0 0 0 0 0 0 0 1 0 0 0 0
"SRS022564.SRX022226" 0 0 0 0 0 0 0 0 0 0 0 0 0 0 0 0 0 0 0 0 0 0 0 0 0 0 0 0 0 0 0 0 0 0 0 0 0 0 0 0 0 0 0 0 0 0 0 6.08746284125034 0 0 0 0 0 0 0 0 0 0 0 0 0 0 0 0 0 0 0 0 0 0 0 0 0 0 0 0 1 0 0 0 0 0 0 0 0 0 0 0 0 0 0 0 0 0 0 0 0
"SRS048602.SRX022227" 0 0 0 0 0 0 0 0 0 0 0 0 0 0 0 0 0 0 0 0 0 0 0 0 0 4.08746284125034 0 0 0 0 0 0 0 0 0 0 0 0 0 0 0 0 0 0 0 0 0 0 0 0 0 0 0 0 0 0 0 0 1 0 0 0 0 0 0 0 0 0 0 1 0 0 0 0 0 2 3.4594316186373 1 0 0 0 0 0 0 0 0 0 0 0 0 0 3.16992500144231 0 0 0 0 0
"SRS057920.SRX022227" 0 0 0 0 0 0 0 0 0 0 0 0 0 0 0 0 0 3.58496250072116 0 0 0 0 0 0 0 0 0 0 0 0 0 0 0 0 0 0 0 0 0 0 0 0 0 0 0 0 0 0 0 0 0 0 0 0 0 0 0 0 0 0 0 0 0 0 0 0 0 0 5.61470984411521 0 0 0 0 0 0 0 6.7279204545632 0 0 0 0 0 0 0 0 0 0 0 0 0 0 0 0 0 0 0 0
"SRS064913.SRX022227" 0 0 0 0 0 0 0 0 0 0 0 0 0 0 0 0 0 0 0 0 0 0 0 0 0 0 0 0 0 0 0 0 0 0 0 0 0 0 0 0 0 0 0 0 0 0 1 5.93073733756289 0 0 0 0 0 0 0 0 0 0 0 0 0 0 0 0 0 0 0 0 0 0 0 0 0 0 0 7.82654848729092 3.70043971814109 2.32192809488736 0 0 0 0 0 0 0 0 0 0 0 0 0 0 0 0 0 0 0
"SRS020488.SRX022230" 0 0 0 0 0 0 0 0 0 0 0 0 0 0 0 0 0 5.85798099512757 0 0 0 0 0 0 0 0 0 0 0 0 0 0 0 0 0 0 0 0 0 0 0 0 0 0 0 0 1 5.12928301694497 0 0 0 0 0 0 0 0 0 0 0 0 0 0 0 0 0 0 0 0 1.58496250072116 0 0 0 0 0 0 0 3.32192809488736 1 0 0 0 0 0 0 0 0 0 0 0 0 0 1 0 0 0 0 0
"SRS020602.SRX022230" 0 0 0 0 0 0 0 0 0 0 0 0 0 0 0 0 0 0 0 0 0 0 0 0 0 2 0 0 0 0 0 0 0 0 0 0 0 0 0 0 0 0 0 0 0 0 1 3.90689059560852 0 0 0 0 0 0 0 0 0 0 0 0 0 0 0 0 0 0 0 0 3.58496250072116 0 0 0 0 0 0 0 7.13955135239879 2 0 0 0 0 0 0 0 0 0 0 0 0 0 0 0 0 0 0 0
"SRS020944.SRX022239" 0 0 0 0 0 0 0 0 0 0 0 0 0 0 0 0 0 0 0 0 0 0 0 0 0 1 0 0 0 0 0 0 0 0 0 0 0 0 0 0 0 0 0 0 0 0 1.58496250072116 8.53915881110803 0 0 0 0 0 0 0 0 0 0 0 0 0 0 0 0 0 0 0 0 0 0 0 0 0 0 0 0 0 0 0 0 0 0 0 0 0 0 0 0 0 0 0 0 0 0 0 0 0
"SRS021259.SRX022239" 0 0 0 0 0 0 0 1 0 0 0 0 0 0 0 0 0 0 0 0 0 0 0 0 0 1.58496250072116 0 0 0 1 0 0 0 0 0 0 0 0 0 0 0 0 0 0 0 0 1.58496250072116 0 0 0 0 0 0 0 0 0 0 0 0 0 0 0 0 0 0 0 0 0 0 0 0 0 0 0 0 1 5.70043971814109 1 0 0 0 0 0 0 0 0 0 0 0 0 0 0 0 0 0 0 0
"SRS022051.SRX022231" 0 0 0 0 0 0 0 0 0 0 0 0 0 0 0 0 0 5.35755200461808 0 0 0 0 0 0 0 0 0 0 0 0 0 0 0 0 0 0 0 0 0 0 0 0 0 0 0 0 0 1 0 0 0 0 0 0 0 0 0 0 0 0 0 0 0 0 0 0 0 0 5.64385618977472 0 0 0 0 0 0 0 8.19475685442225 1 0 0 0 0 0 0 0 0 0 0 0 0 0 0 0 0 0 0 0
"X700014535.V35.241762" 1.58496250072116 0 0 0 0 0 0 0 0 0 0 0 0 0 0 0 0 0 0 0 0 0 0 0 0 3.32192809488736 0 0 0 0 0 0 0 0 0 0 0 0 0 0 0 0 0 0 0 0 0 5.83289001416474 0 0 0 0 0 0 0 0 0 0 2.32192809488736 0 0 0 0 2.32192809488736 0 0 0 0 0 0 0 0 0 0 0 2.32192809488736 7.40087943628218 1.58496250072116 0 0 0 0 0 0 0 0 0 0 0 0 0 3.32192809488736 0 0 0 0 0
"X700015439.V35.241712" 0 0 0 0 0 0 0 0 0 0 0 0 0 0 0 0 0 0 0 0 0 0 0 0 0 1.58496250072116 0 0 0 0 0 0 0 0 0 0 0 0 0 0 0 0 0 0 0 0 2.32192809488736 2.58496250072116 0 0 0 0 0 0 0 0 0 0 0 0 0 0 0 0 0 0 0 0 0 0 0 0 0 0 0 3.16992500144231 6.89481776330794 0 0 0 0 0 0 0 0 0 0 1 0 0 0 1 0 0 0 0 0
"X700015730.V35.241804" 0 0 0 0 0 0 0 0 0 0 0 0 0 0 0 0 0 0 0 0 0 0 0 0 0 5.32192809488736 0 0 0 0 0 0 0 0 0 0 0 0 0 0 0 0 0 0 0 0 1.58496250072116 0 0 0 0 0 0 0 0 0 0 0 0 0 0 0 0 0 0 0 0 0 0 0 0 0 0 0 0 0 6.22881869049588 3 0 0 0 0 0 0 0 0 0 0 0 0 0 0 0 0 0 0 0
"X700014934.V35.241820" 0 0 0 0 0 0 0 0 0 0 0 0 0 0 0 0 0 5.58496250072116 0 0 0 0 0 0 0 3 0 0 0 0 0 0 0 0 0 0 0 0 0 0 0 0 0 0 0 0 0 2.32192809488736 0 0 0 0 0 0 0 0 0 0 1 0 0 0 0 0 0 0 0 0 5.85798099512757 0 0 0 0 0 0 7.03342300153745 5.85798099512757 0 0 1 0 0 0 0 0 0 0 0 0 0 0 0 0 0 0 0 0
"X700015093.V35.241773" 0 0 0 0 0 0 0 0 0 0 0 0 0 0 0 0 0 0 0 0 0 0 0 0 0 1 0 0 0 0 0 0 0 0 0 0 0 0 0 0 0 0 0 0 0 0 0 0 0 0 0 0 0 0 0 1 0 0 0 0 0 0 0 0 0 0 0 0 0 0 0 0 0 0 0 6.91886323727459 2.32192809488736 0 0 0 0 0 0 0 0 0 0 0 0 0 0 0 0 0 0 0 0
"X700016365.V35.241702" 0 0 0 0 0 0 0 0 0 0 0 0 0 0 0 0 0 0 0 0 0 0 0 0 0 2.32192809488736 0 0 0 0 0 0 0 0 0 0 0 0 0 0 0 0 0 0 0 0 1.58496250072116 4.85798099512757 0 0 0 0 0 0 0 0 0 0 0 0 0 0 0 0 0 0 0 0 0 0 0 0 0 0 0 1 4.4594316186373 0 0 0 0 0 0 0 0 0 0 0 0 0 0 0 0 0 0 0 0
"X700016159.V35.241760" 0 1.58496250072116 0 0 0 0 0 0 0 0 0 0 0 0 0 0 0 0 1 0 0 0 0 0 0 3 0 0 0 0 0 0 0 0 0 0 0 0 0 0 0 1 0 0 0 0 0 0 0 0 0 0 0 0 0 0 0 0 1.58496250072116 0 0 0 0 0 0 0 0 0 6.49185309632967 0 0 0 0 0 0 1.58496250072116 9.82336724004623 1 0 0 0 0 0 0 0 0 0 0 0 0 0 0 0 0 0 0 0
"X700033170.V35.241783" 0 1 0 0 0 0 0 0 0 0 0 0 0 0 0 0 0 4 0 0 0 0 0 0 0 4.52356195605701 0 0 0 0 0 0 0 0 0 0 0 0 0 0 0 0 0 0 0 0 1 4.64385618977472 0 0 0 0 0 0 0 0 0 0 1 0 0 0 0 2.58496250072116 0 0 0 0 7.11894107272351 0 0 0 0 0 0 1 8.93073733756289 2.8073549220576 0 0 0 0 0 0 0 0 0 0 0 0 0 1 0 0 0 0 0
"X700014741.V35.241810" 0 1 0 0 0 0 0 0 0 0 0 0 0 0 0 0 0 0 0 0 0 0 0 0 0 1.58496250072116 0 0 0 0 0 0 0 0 0 0 0 0 0 0 0 0 0 0 0 0 2.8073549220576 5.12928301694497 0 0 0 0 0 0 0 0 0 0 0 0 0 0 0 0 0 0 0 0 2.32192809488736 0 0 0 0 0 0 1.58496250072116 4 0 0 0 0 0 0 0 0 0 0 0 0 0 0 0 0 0 0 0 0
"SRS013714.SRX019690" 0 0 0 0 0 0 0 0 0 0 0 0 0 0 0 0 0 3.16992500144231 0 0 0 0 0 0 0 3 0 0 0 0 0 0 0 0 0 0 0 0 0 0 0 0 0 0 0 0 1.58496250072116 0 0 0 0 0 0 0 0 0 0 0 1.58496250072116 0 0 0 0 0 0 0 0 0 6.39231742277876 0 0 0 0 0 0 1 8.65463602852797 0 0 0 0 0 0 0 0 0 0 0 0 0 0 0 0 0 0 0 0
"X700014808.V35.241722" 0 0 0 0 0 0 0 0 0 0 0 0 0 0 0 0 0 1 0 0 0 0 0 0 0 0 0 0 0 0 1 0 0 0 0 0 0 0 0 0 0 0 0 0 0 0 0 2.32192809488736 0 0 0 0 0 0 0 0 0 0 0 0 0 0 0 0 0 0 0 0 0 0 0 0 0 0 0 0 8.77478705960117 0 0 0 0 0 0 0 0 0 0 0 0 0 0 1 0 0 0 0 0
"SRS011488.SRX020668" 3.16992500144231 0 0 0 1 0 0 0 0 0 0 0 0 0 0 0 0 0 0 0 0 0 0 0 0 3.90689059560852 0 0 0 0 0 0 0 0 0 0 0 0 0 0 0 0 0 0 0 1 1 0 0 0 0 0 0 0 0 0 0 0 0 0 0 0 0 0 0 0 0 0 0 0 0 0 0 0 0 0 1 2.8073549220576 0 0 0 0 0 0 0 0 0 0 0 0 0 0 0 0 0 0 0
"SRS021619.SRX020679" 0 0 0 0 0 0 0 0 0 0 0 0 0 0 0 0 0 5.88264304936184 0 0 0 0 0 0 0 0 0 0 0 0 0 0 0 0 0 0 0 0 0 0 0 0 0 0 0 0 1 6.08746284125034 0 0 0 0 0 0 0 0 0 0 0 0 0 0 0 0 0 0 0 0 2 0 0 0 0 0 0 0 6.89481776330794 2 0 1 0 0 0 0 0 0 0 0 0 0 0 1 0 0 0 0 0
"SRS046160.SRX020685" 0 0 0 0 0 0 0 0 0 0 0 0 0 0 0 0 0 5.20945336562895 0 0 0 0 0 0 0 1 0 0 0 0 0 0 0 0 0 0 0 0 0 0 0 0 0 0 0 0 1 2.32192809488736 0 0 0 0 0 0 0 0 0 0 0 0 0 0 0 0 0 0 0 0 0 0 0 0 0 0 0 6.55458885167764 2.58496250072116 0 0 0 0 0 0 0 0 0 0 0 0 0 0 1.58496250072116 0 1 0 0 0
"X700015649.V35.241767" 0 1 0 0 0 0 0 0 0 0 0 0 0 0 0 0 0 4.64385618977472 0 0 0 0 0 0 0 2 0 0 0 0 0 0 0 0 0 0 0 0 0 0 0 0 0 0 0 0 0 4.64385618977472 0 0 0 0 0 0 0 0 0 0 2 0 0 0 0 0 0 0 0 0 0 0 0 0 0 0 0 6.4757334309664 9.403012023575 0 0 0 0 0 0 0 0 0 0 0 0 0 0 1 1 0 0 0 0
"SRS011425.SRX020669" 0 0 0 0 0 0 0 0 0 0 0 0 0 0 0 0 0 0 0 0 0 0 0 0 0 5.04439411935845 0 0 0 0 0 0 0 0 0 0 0 0 0 0 0 0 0 0 0 0 1 0 0 0 0 0 0 0 0 0 0 0 1.58496250072116 0 0 0 0 0 0 0 0 0 3.90689059560852 0 0 0 0 0 0 0 3.32192809488736 2 0 0 0 0 0 0 0 0 0 0 0 0 0 0 0 0 0 0 0
"SRS056999.SRX020686" 0 0 0 0 0 0 0 0 0 0 0 0 0 0 0 0 0 0 0 0 0 0 0 0 0 2 0 0 0 0 0 0 0 0 0 0 0 0 0 0 0 0 0 0 0 0 0 7.56224242422107 0 0 0 0 0 0 0 0 0 0 3.58496250072116 0 0 0 0 1 0 0 0 0 1 0 0 0 0 0 0 8.61102479730735 8.52356195605701 2.58496250072116 0 0 0 0 0 0 0 0 0 2 0 0 0 1 0 0 0 0 0
"SRS020431.SRX019682" 0 0 0 0 0 0 0 0 0 0 0 0 0 0 0 0 0 6.65821148275179 0 0 0 0 0 0 0 5.83289001416474 0 0 0 0 0 0 0 0 0 0 0 0 0 0 0 0 0 0 0 0 0 5.24792751344359 0 0 0 0 0 0 0 0 0 0 1 0 0 0 0 1 0 0 0 0 6.06608919045777 0 0 1 0 0 0 3.16992500144231 6.06608919045777 2.32192809488736 0 0 0 0 0 0 0 0 0 0 0 0 0 0 0 0 0 0 0
"SRS013656.SRX019690" 0 0 0 0 0 0 0 0 0 0 0 0 0 0 0 0 0 0 0 0 0 0 0 0 0 1.58496250072116 0 0 0 0 0 0 0 0 0 0 0 0 0 0 0 0 0 0 0 0 1 6.84549005094437 0 0 0 0 0 0 0 0 0 0 1 0 0 0 0 0 0 0 0 0 6.8073549220576 0 0 0 0 0 0 0 8.17492568250068 1 0 0 0 0 0 0 0 0 0 0 0 0 0 0 0 0 0 0 0
"SRS011512.SRX020666" 0 0 0 0 0 0 0 0 0 1 0 0 0 0 0 0 0 1 0 0 0 0 0 0 0 3 0 0 0 0 0 0 0 0 0 0 0 0 0 0 0 0 0 0 0 0 2.32192809488736 4.24792751344359 0 0 0 0 0 0 0 0 0 0 0 0 0 0 0 0 0 0 0 0 0 0 0 0 0 0 0 3.58496250072116 4.95419631038687 1.58496250072116 0 0 0 0 0 0 0 0 0 0 0 0 0 0 0 0 0 0 0
"SRS015401.SRX020555" 0 0 0 0 0 0 0 0 0 0 0 0 0 0 0 0 0 0 0 0 0 0 0 0 0 1 0 0 0 0 0 0 0 0 0 0 0 0 0 0 0 0 0 0 0 0 1.58496250072116 3.58496250072116 0 0 0 0 0 0 0 0 0 0 0 0 0 0 0 0 0 0 0 0 0 0 0 0 0 0 0 5.93073733756289 7.18982455888002 0 0 0 0 0 0 0 0 0 0 0 0 0 0 0 0 0 0 0 0
"SRS018797.SRX020576" 0 0 0 0 0 0 0 0 0 0 0 0 0 0 0 0 0 6.95419631038687 0 0 0 0 0 0 0 3.70043971814109 0 0 0 0 0 0 0 0 0 0 0 0 0 0 0 0 0 0 0 0 1.58496250072116 2.58496250072116 0 0 0 0 0 0 0 0 0 0 1 0 0 0 0 0 0 0 0 0 4.16992500144231 0 0 0 0 0 0 0 10.6266216523584 2 0 0 0 0 0 0 0 0 0 0 0 0 0 0 0 0 0 0 0
"SRS016602.SRX019686" 0 0 0 0 0 0 0 0 0 0 0 0 0 0 0 0 0 0 0 0 0 0 0 0 0 1 0 0 0 0 0 0 0 0 0 0 0 0 0 0 0 1 0 0 0 0 1.58496250072116 0 0 0 0 0 0 0 0 0 0 0 0 0 0 0 0 0 0 0 0 0 0 0 0 0 0 0 0 8.11374216604919 8.35755200461808 1 0 0 0 0 0 0 0 0 0 0 0 0 0 0 0 0 0 0 0
"X700014742.V35.241810" 0 0 0 0 0 0 0 0 0 0 0 0 0 0 0 0 0 0 0 0 0 0 0 0 0 0 0 0 0 0 0 0 0 0 0 0 0 0 0 0 0 0 0 0 0 0 1.58496250072116 4.85798099512757 0 0 0 0 0 0 0 0 0 0 0 0 0 0 0 0 0 0 0 0 2.32192809488736 0 0 0 0 0 0 0 2.58496250072116 0 0 0 0 0 0 0 0 0 0 0 0 0 0 0 0 0 0 0 0
"SRS016868.SRX019692" 0 0 0 0 0 0 0 0 0 0 0 0 0 0 0 0 0 0 0 0 0 0 0 0 0 1 0 0 0 0 0 0 0 0 0 0 0 0 0 0 0 0 0 0 0 0 2.8073549220576 0 0 0 0 0 0 0 0 0 0 0 0 0 0 0 0 0 0 0 0 0 0 0 0 0 0 0 0 0 1 0 0 0 0 0 0 0 0 0 0 0 0 0 0 2 0 0 0 0 0
"SRS049259.SRX020686" 0 0 0 0 0 0 0 0 0 0 0 0 0 0 0 0 0 0 0 0 0 0 0 0 0 1.58496250072116 0 0 0 0 0 0 0 0 0 0 0 0 0 0 0 0 0 0 0 0 1 5.85798099512757 0 0 0 0 0 0 0 0 0 0 0 0 0 0 0 1 0 0 0 0 6.49185309632967 0 0 0 0 0 0 0 7.07681559705083 0 0 0 0 0 0 0 0 0 0 0 0 0 0 1 0 0 0 0 0
"SRS024283.SRX019696" 1 0 0 1 0 0 0 0 0 0 0 0 0 0 0 0 0 0 0 0 0 0 0 0 0 1 0 0 0 0 0 0 0 0 0 0 0 0 0 0 0 0 0 0 0 0 1 0 0 0 0 0 0 0 0 0 0 0 0 0 0 0 0 0 0 0 0 0 1 0 0 0 0 0 0 7.17990909001493 5 1 0 0 0 0 0 0 0 0 0 0 0 0 0 1 0 0 0 0 0
"SRS023065.SRX020679" 0 0 0 0 0 0 0 0 0 0 0 0 0 0 0 0 0 0 0 0 0 0 0 0 0 5.78135971352466 0 0 0 0 0 0 0 0 0 0 0 0 0 0 0 0 0 0 0 0 1 7.2667865406949 0 0 0 0 0 0 0 0 0 0 0 0 0 0 0 0 0 0 0 0 0 0 0 0 0 0 0 5.04439411935845 6.35755200461808 1 0 1 0 0 0 0 0 0 0 0 0 0 0 0 0 0 0 0 0
"X700015142.V35.241755" 0 1 0 0 0 0 0 0 0 0 0 0 0 0 0 0 0 0 0 0 0 1.58496250072116 0 0 0 0 0 0 0 0 0 0 0 0 0 0 0 0 0 0 0 0 0 0 0 0 1.58496250072116 0 0 0 0 0 0 0 0 0 0 0 0 0 0 0 0 0 0 0 0 0 0 0 0 0 0 0 0 0 8.22881869049588 1 0 0 0 0 0 0 0 0 0 0 0 0 0 0 0 0 0 0 1
"SRS013508.SRX019683" 0 1 0 0 0 0 0 0 0 0 0 0 0 0 0 0 0 9.06608919045777 0 0 0 0 0 0 0 1 0 0 0 0 0 0 0 0 0 0 0 0 0 0 0 0 0 0 0 0 0 5.35755200461808 0 0 0 0 0 0 0 0 0 0 0 0 0 0 0 0 0 0 0 0 5.20945336562895 0 0 0 0 0 0 5.7279204545632 5.8073549220576 0 0 0 0 0 0 0 0 0 0 1 0 0 0 0 0 0 0 0 0
"SRS024169.SRX019683" 0 1 0 0 0 0 0 0 0 0 0 0 0 0 0 0 0 8.28540221886225 0 0 0 1 0 0 0 1.58496250072116 0 0 0 0 0 0 0 0 0 0 0 0 0 0 0 0 0 0 0 0 0 1 0 0 0 0 0 0 0 0 0 0 0 0 0 0 0 0 0 0 0 0 5.7279204545632 0 0 0 0 0 0 3.8073549220576 9.05528243550119 0 0 0 0 0 0 0 0 0 0 3.32192809488736 0 0 0 0 0 0 0 0 0
"X700014584.V35.241766" 0 0 0 0 0 0 0 0 0 0 0 0 0 0 0 0 0 6.4093909361377 0 0 0 1 0 0 0 0 0 0 0 0 0 0 0 0 0 0 0 0 0 0 0 0 0 0 0 0 1 4.39231742277876 0 0 0 0 0 0 0 0 0 0 0 0 0 0 0 0 0 0 0 0 3.32192809488736 0 0 0 0 0 0 6.12928301694497 6.20945336562895 0 0 0 0 0 0 0 0 0 0 0 0 0 0 0 0 0 0 0 0
"SRS017082.SRX019687" 0 2 0 0 0 0 1 0 0 0 0 0 0 0 0 0 0 0 0 0 0 1 0 0 0 2.8073549220576 0 0 0 0 0 0 0 0 0 0 0 0 0 0 0 1.58496250072116 0 0 0 0 1 6.02236781302845 0 0 0 0 0 0 0 0 0 0 0 0 0 0 0 7.60733031374961 0 0 0 0 0 0 0 0 0 0 0 2.58496250072116 5.55458885167764 0 0 0 0 0 0 0 0 0 0 0 0 0 0 0 0 0 0 0 0
"SRS024046.SRX019681" 0 0 0 0 0 0 0 0 0 0 0 0 0 0 0 0 0 0 0 0 0 0 0 0 0 3.32192809488736 0 0 0 0 0 0 0 0 0 0 0 0 0 0 0 0 0 0 0 0 1 3.4594316186373 0 0 0 0 0 0 0 0 0 0 0 0 0 0 0 0 0 0 0 0 0 0 0 0 1 0 0 2 4.32192809488736 2 0 0 0 0 0 0 0 0 0 0 0 0 0 0 0 0 0 0 0
"SRS021988.SRX019689" 0 0 0 0 0 0 0 0 0 0 0 0 0 0 0 0 0 0 1.58496250072116 0 0 0 0 0 0 0 0 0 0 0 0 0 0 0 0 0 0 0 0 0 0 0 0 0 0 0 0 1.58496250072116 0 0 0 0 0 0 0 0 0 0 1 0 0 0 0 0 0 0 0 0 3.8073549220576 0 0 0 0 0 0 0 6.85798099512757 0 0 0 0 0 0 0 0 0 0 0 0 0 0 0 0 0 0 0 0
"SRS021001.SRX022235" 0 0 0 0 0 0 0 0 0 0 0 0 0 0 0 0 0 0 0 0 0 0 0 0 0 2.8073549220576 0 0 0 0 0 0 0 0 0 0 0 0 0 0 0 0 0 0 0 0 0 0 0 0 0 0 0 0 0 0 0 0 0 0 0 0 0 0 0 0 0 0 0 0 0 0 0 0 0 3.90689059560852 8.16992500144231 1 0 0 0 0 0 0 0 0 0 0 0 0 0 0 0 0 0 0 0
"SRS011488.SRX020660" 1.58496250072116 0 0 0 0 0 0 0 0 0 0 0 0 0 0 0 0 0 0 0 0 0 0 0 0 3.58496250072116 0 0 0 0 0 0 0 0 0 0 0 0 0 0 0 0 0 0 0 0 2.58496250072116 0 0 0 0 0 0 0 0 0 0 0 0 0 0 0 0 0 0 0 0 0 0 0 0 0 0 0 0 0 0 2 0 0 0 0 0 0 0 0 0 0 0 0 0 0 0 0 0 0 0
"X700014420.V35.241827" 0 0 0 0 0 0 0 0 0 0 0 0 0 0 0 0 0 0 0 0 0 0 0 0 0 4.52356195605701 0 0 0 0 0 0 0 0 0 0 0 0 0 0 0 0 0 0 0 0 0 5.88264304936184 0 0 0 0 0 0 0 0 0 0 5.04439411935845 0 0 0 0 3 0 0 0 0 0 0 0 0 0 0 0 2.8073549220576 0 3 0 0 0 0 0 0 0 0 0 0 0 0 0 0 0 0 0 0 0
"SRS065545.SRX020689" 0 0 0 0 0 0 0 0 0 0 0 0 0 0 0 0 0 7.82017896241519 0 0 0 0 0 0 0 0 0 0 0 0 0 0 0 0 0 0 0 0 0 0 0 0 0 0 0 0 0 5.52356195605701 0 0 0 0 0 0 0 0 0 0 0 0 0 0 0 0 0 0 0 0 0 0 0 0 0 0 0 6.14974711950468 1.58496250072116 0 0 0 0 0 0 0 0 0 0 1 0 0 0 0 0 0 0 0 0
"SRS052153.SRX022222" 0 0 0 0 0 0 0 0 0 0 0 0 0 0 0 0 0 5.7279204545632 0 0 0 0 0 0 0 0 0 0 0 0 0 0 0 0 0 0 0 0 0 0 0 0 0 0 0 0 1 4.75488750216347 0 0 0 0 0 0 0 0 0 0 0 0 0 0 0 0 0 0 0 0 4.4594316186373 0 0 0 0 0 0 0 1 0 0 0 0 0 0 0 0 0 0 0 0 0 0 0 0 0 0 0 0
"SRS021871.SRX022235" 0 0 0 0 0 0 0 0 0 0 0 0 0 0 0 0 0 0 0 0 0 0 0 0 0 1.58496250072116 0 0 0 0 0 0 0 0 0 0 0 0 0 0 0 0 0 0 0 0 1 1 0 0 0 0 0 0 0 0 0 0 0 0 0 0 0 0 0 0 0 0 0 0 0 0 0 0 0 0 4.32192809488736 0 0 0 0 0 0 0 0 0 0 0 0 0 0 0 0 0 0 0 0
"SRS024472.SRX019684" 0 0 0 0 0 0 0 0 0 0 0 0 0 0 0 0 0 0 0 0 0 0 0 0 0 2 0 0 0 0 0 0 0 0 0 0 0 0 0 0 0 0 0 0 0 0 1 3 0 0 0 0 0 0 0 0 0 0 0 0 0 0 0 0 0 0 0 0 0 0 0 0 0 0 0 4.75488750216347 4.16992500144231 1 0 0 0 0 0 0 0 0 0 1 0 0 0 0 0 0 0 0 0
"SRS043886.SRX020514" 0 0 0 0 0 0 0 0 0 0 0 0 0 0 0 0 0 4.52356195605701 0 0 0 0 0 0 0 0 0 0 0 0 0 0 0 0 0 0 0 0 0 0 0 0 0 0 0 0 1.58496250072116 3.58496250072116 0 0 0 0 0 0 0 0 0 0 1 0 0 0 0 0 0 0 0 0 2.58496250072116 0 0 0 0 0 0 6.91886323727459 6.35755200461808 2 1.58496250072116 0 0 0 0 0 0 0 0 0 0 0 0 3.4594316186373 0 0 0 0 0
