"Turkey.Leftpalm" "Purchade.Leftpalm" "Caryll.Leftpalm" "Cochituate.Leftpalm" "Loveland.Leftpalm" "Malfa.Leftpalm" "Brae.Leftpalm" "Coachmen.Leftpalm" "Lippokd.Leftpalm" "Sylvanus.Leftpalm" "Menekish.Leftpalm" "Hager.Leftpalm" "Azalea.Leftpalm" "Padanaram.Leftpalm" "Ronald.Leftpalm" "Noel.Leftpalm" "Fermanagh.Leftpalm" "Merchants.Leftpalm" "Flagstone.Leftpalm" "Digregorio.Leftpalm" "Winifreds.Leftpalm" "Dias.Leftpalm" "Goddu.Leftpalm" "Mariposa.Leftpalm" "Tewmac.Leftpalm" "Barefoot.Leftpalm" "Balcom.Leftpalm" "Lonergan.Leftpalm" "Nobscot.Leftpalm" "Innkeeper.Leftpalm" "Quinapoxet.Leftpalm" "Zambom.Leftpalm" "Lassell.Leftpalm" "Nyack.Leftpalm" "Trimmer.Leftpalm" "Sandale.Leftpalm" "Maryjane.Leftpalm" "Eisenhower.Leftpalm" "Stannes.Leftpalm" "Gigi.Leftpalm" "Erlandson.Leftpalm" "Cowan.Leftpalm"
"s__acidaminiphila" 0 0 0 0 0 0 0 0 0 0 0 0 0 0 0 0 0 0 0 0 0 0 0 0 0 0 0 0 0 0 0 0 0 0 0 0 0 0 0 0 0 0
"s__acidifaciens" 0 0 0 0 0 0 0 0 0 0 0 0 0 0 0 0 0 0 0 0 0 0 0 0 0 0 0 0 0 0 0 0 0 0 0 0 0 0 0 0 0 0
"s__acnes" 4 2.8073549220576 1.58496250072116 1.58496250072116 2.32192809488736 5.32192809488736 6.02236781302845 4 2.58496250072116 3.8073549220576 2.58496250072116 3.58496250072116 2.32192809488736 1.58496250072116 6.49185309632967 4.8073549220576 4.70043971814109 2.32192809488736 2 3 1 3 2.8073549220576 3.32192809488736 2.32192809488736 2.32192809488736 3.32192809488736 1 4.24792751344359 3.8073549220576 2.58496250072116 4.4594316186373 6.61470984411521 1.58496250072116 3.70043971814109 1.58496250072116 4.52356195605701 5.4262647547021 3.58496250072116 5.28540221886225 1.58496250072116 6.4093909361377
"s__adhaesivum" 1.58496250072116 5.61470984411521 4.16992500144231 2.32192809488736 0 1 1 1.58496250072116 3.32192809488736 2.32192809488736 0 3 1.58496250072116 0 2.8073549220576 2 0 0 0 0 4.95419631038687 0 0 0 3 0 2.58496250072116 0 0 0 2 0 0 3.58496250072116 3 4 0 0 0 0 1.58496250072116 3.8073549220576
"s__adolescentis" 0 3.16992500144231 0 0 1.58496250072116 3.4594316186373 1 0 0 1 0 6.12928301694497 0 0 7.31288295528436 0 4.08746284125034 0 2.58496250072116 0 0 0 2.8073549220576 0 0 3.90689059560852 1 0 0 0 0 0 0 2.58496250072116 0 1 2 0 4 0 0 0
"s__aeria" 2.58496250072116 5.61470984411521 0 1 1 4.85798099512757 3.90689059560852 4.39231742277876 3.8073549220576 4.24792751344359 0 7.37503943134692 4 0 2.32192809488736 3.4594316186373 0 0 0 1 0 7.25738784269265 0 0 0 0 3.90689059560852 4.24792751344359 5.04439411935845 3.90689059560852 7.64385618977472 0 4.58496250072116 3 0 0 4.58496250072116 4.08746284125034 6.44294349584873 5.64385618977472 0 6.39231742277876
"s__aerofaciens" 1.58496250072116 4.16992500144231 0 0 0 1.58496250072116 0 0 0 0 1 4.39231742277876 2.8073549220576 0 1 0 4.85798099512757 0 0 0 1.58496250072116 0 1.58496250072116 0 0 3.16992500144231 2.32192809488736 0 0 0 0 2 0 0 0 2.32192809488736 0 0 0 0 0 0
"s__agalactiae" 0 0 0 0 0 3.8073549220576 0 0 0 0 0 1.58496250072116 0 0 0 0 5 0 0 0 2 0 0 0 0 0 0 0 0 0 0 0 0 0 3.16992500144231 0 1.58496250072116 0 0 0 0 1
"s__aggregatus" 0 1 0 3.70043971814109 0 0 3.8073549220576 1 0 0 2.32192809488736 1 1.58496250072116 0 1 1 0 0 0 0 1 2 3.70043971814109 0 0 3.90689059560852 0 0 0 2 0 0 2 3 0 2.32192809488736 0 2 1 2.8073549220576 0 1.58496250072116
"s__agilis" 0 0 0 0 0 0 0 0 0 0 0 0 0 0 0 0 0 0 0 0 0 0 0 0 0 0 0 0 0 0 0 0 0 0 0 0 0 0 0 0 0 0
"s__ahygroscopicus" 0 0 0 0 0 0 0 0 0 0 0 0 0 0 0 0 0 0 0 0 0 0 0 0 0 0 0 0 0 0 0 0 0 0 0 0 0 0 0 0 0 0
"s__alaskensis" 0 0 3.16992500144231 0 0 0 0 0 2 0 2 0 0 0 0 0 0 0 0 0 0 0 0 0 0 0 0 0 0 0 0 0 0 0 0 0 0 0 0 0 0 0
"s__albidocapillata" 0 0 0 0 0 0 0 0 0 0 0 0 0 0 0 0 0 0 0 0 0 0 0 0 0 0 0 0 1 0 0 0 0 0 0 0 0 0 0 0 0 0
"s__alcaligenes" 0 0 0 0 0 0 0 0 0 0 0 0 0 0 0 0 0 0 0 0 0 0 0 0 0 0 0 0 0 0 0 0 0 0 0 0 0 0 0 0 0 0
"s__alkalitolerans" 0 0 2.32192809488736 0 0 0 0 0 2.8073549220576 1 0 2.32192809488736 0 0 2 0 0 0 0 0 0 0 0 0 0 0 0 0 0 0 0 0 0 0 0 0 0 0 0 3.90689059560852 0 1.58496250072116
"s__aminovorans" 0 0 1 0 2.8073549220576 3 0 2.32192809488736 2 0 0 2.8073549220576 1.58496250072116 0 2.58496250072116 2.8073549220576 0 5.58496250072116 3.4594316186373 0 4 0 0 0 0 0 0 0 0 4.4594316186373 3.8073549220576 0 0 0 3.90689059560852 3.16992500144231 2 0 0 0 0 3.32192809488736
"s__amylolyticus" 0 1 0 0 0 0 0 0 0 0 2.58496250072116 0 0 0 0 0 0 0 0 0 0 0 0 0 0 0 0 0 0 0 0 0 0 0 0 0 0 0 0 0 0 0
"s__amylovorum" 0 0 0 0 0 0 0 0 2 0 0 0 0 0 2 0 0 0 0 0 0 0 0 0 0 0 0 0 0 0 0 0 0 0 0 0 0 0 0 0 0 1.58496250072116
"s__anaerobius" 0 0 0 0 0 0 4.70043971814109 0 0 0 0 1.58496250072116 0 0 2 0 0 0 0 0 0 0 0 0 0 0 0 0 0 0 1 0 0 2.58496250072116 0 0 0 0 0 0 0 0
"s__andropogonis" 1 1 1 2 1 1 1 0 0 2.8073549220576 2 0 1.58496250072116 0 0 1 2.58496250072116 2 2.32192809488736 0 1 1 1 0 1 2.8073549220576 1.58496250072116 0 2.58496250072116 0 0 1 2 1 1 1.58496250072116 1.58496250072116 0 2 1.58496250072116 1 1.58496250072116
"s__anginosus" 0 0 0 0 0 0 4.64385618977472 0 1 0 0 4.24792751344359 0 0 4 0 0 0 0 0 0 4.4594316186373 0 0 0 2.58496250072116 0 0 0 3.16992500144231 0 3.32192809488736 3.16992500144231 0 0 0 0 3.90689059560852 0 3.16992500144231 0 0
"s__angustum" 0 0 0 0 0 0 0 0 0 0 0 0 0 0 0 0 0 0 0 0 0 0 0 0 0 0 0 0 0 0 0 0 0 0 0 0 0 0 0 0 0 0
"s__animalis" 0 0 0 1 0 0 1.58496250072116 0 2 0 0 3.32192809488736 0 0 0 0 0 0 0 0 0 0 0 0 0 0 0 0 0 0 0 0 0 0 0 0 0 0 2 0 0 0
"s__aquatilis" 0 1.58496250072116 0 0 0 0 0 0 0 0 0 0 0 0 0 0 0 0 0 0 0 0 0 0 0 0 0 0 0 0 0 0 0 0 0 0 0 0 0 0 0 0
"s__arupense" 0 0 0 0 0 0 0 0 0 0 0 0 0 0 0 0 0 0 0 0 0 0 0 0 0 0 0 0 0 0 0 0 0 0 0 0 0 0 0 0 0 0
"s__arvensicola" 0 0 0 0 0 0 0 0 0 0 0 0 0 0 0 0 0 0 0 0 0 0 0 0 0 0 0 0 0 0 0 0 0 0 0 0 0 0 0 0 0 0
"s__asini" 0 0 0 0 0 0 0 0 0 0 0 0 0 0 0 0 0 0 0 0 0 0 0 0 0 0 0 0 0 0 0 0 0 0 0 0 0 0 0 0 0 0
"s__atratus" 0 0 0 0 0 0 0 0 0 0 0 0 0 0 0 0 0 0 0 0 0 0 0 0 0 0 0 0 0 0 0 0 0 0 0 0 0 0 0 0 0 0
"s__aureum" 3.16992500144231 0 0 0 0 0 2.32192809488736 0 0 0 2.32192809488736 3 0 0 1.58496250072116 0 0 0 0 0 0 0 0 3.32192809488736 0 2.32192809488736 0 0 0 0 5.28540221886225 0 0 0 0 0 0 0 0 4.90689059560852 0 4.08746284125034
"s__aureus" 1.58496250072116 2.58496250072116 1 0 1.58496250072116 1.58496250072116 1.58496250072116 3.32192809488736 4.32192809488736 3.16992500144231 2 3.58496250072116 2 1.58496250072116 4.24792751344359 4.08746284125034 2 2.32192809488736 0 2.32192809488736 1 1 1 1 2.58496250072116 3.70043971814109 2.8073549220576 0 1 3 1 3.70043971814109 2.58496250072116 2.58496250072116 2.58496250072116 2.32192809488736 2.8073549220576 0 2.58496250072116 4.24792751344359 1.58496250072116 3.4594316186373
"s__aurum" 0 0 0 0 0 0 0 0 0 0 0 0 0 0 0 0 0 0 0 0 1 0 0 0 0 0 0 0 0 0 0 0 0 0 0 0 0 0 0 0 0 0
"s__autotrophicus" 0 0 0 0 0 0 0 0 0 0 0 0 0 0 0 0 0 0 0 0 0 0 0 0 0 0 0 0 0 0 0 0 0 0 0 0 0 0 0 0 0 0
"s__bacteriovorus" 0 1.58496250072116 0 0 0 0 0 0 0 0 0 0 0 0 0 0 0 0 0 0 0 0 0 0 0 0 0 0 0 0 0 0 0 0 0 0 0 0 0 0 0 2.8073549220576
"s__balearica" 0 0 0 0 0 0 0 0 0 0 0 0 0 0 0 0 0 0 0 0 0 0 0 0 0 0 0 0 0 0 0 0 0 0 0 0 0 0 0 0 0 4.75488750216347
"s__barengoltzii" 0 0 0 0 0 0 0 0 0 0 0 0 0 0 0 0 0 0 0 1.58496250072116 0 0 0 2.32192809488736 0 0 0 0 0 0 0 0 0 0 0 0 0 0 0 0 0 0
"s__bifida" 0 3.8073549220576 0 0 0 0 0 0 1 0 0 2 0 0 2.58496250072116 0 0 0 0 0 0 0 0 0 0 0 1.58496250072116 0 0 0 0 0 0 0 0 0 1 0 0 1 0 1
"s__bifidum" 0 0 0 0 0 0 2 0 0 0 0 2 0 0 2.32192809488736 0 0 0 0 0 0 0 0 0 0 0 0 0 0 0 0 0 0 0 0 0 0 0 0 0 0 0
"s__biforme" 0 0 0 0 0 3.16992500144231 0 0 0 2.32192809488736 3.32192809488736 4.75488750216347 2 3.4594316186373 0 0 0 0 0 0 0 0 0 0 0 3 0 0 0 0 0 0 0 0 0 0 0 0 0 0 0 1.58496250072116
"s__biprosthecium" 0 0 0 0 0 0 0 0 0 0 0 0 0 0 0 0 0 0 4.24792751344359 0 0 0 0 0 0 2.58496250072116 0 0 0 0 0 0 1 0 0 0 0 0 0 0 0 0
"s__bispora" 0 0 0 0 0 0 0 0 0 0 0 0 0 0 0 0 0 0 0 0 0 0 0 0 0 0 0 0 0 0 0 0 0 0 0 0 0 0 0 0 0 0
"s__boronitolerans" 0 0 0 0 0 0 0 0 0 0 0 0 0 0 0 0 0 0 0 0 0 0 0 0 0 0 0 1 0 0 0 0 0 0 0 0 0 0 0 0 0 0
"s__bowmanii" 0 0 0 0 0 0 0 0 0 0 0 0 0 0 0 0 0 0 0 0 0 0 0 0 0 0 0 0 0 0 0 0 0 0 0 0 0 0 0 0 0 0
"s__brevis" 0 0 0 0 0 0 0 0 3.58496250072116 0 0 0 0 0 0 0 0 0 0 0 0 0 0 0 0 0 0 0 0 0 0 0 0 0 0 0 0 0 0 0 0 0
"s__bromii" 0 0 0 0 0 0 0 0 0 0 0 0 0 0 0 0 0 0 0 0 0 0 0 0 0 0 0 0 0 0 0 0 0 0 0 0 0 0 0 0 0 0
"s__bryantii" 0 0 0 0 0 0 2.32192809488736 0 0 0 0 0 0 0 0 0 0 0 0 0 0 0 0 0 0 0 0 0 0 0 0 0 0 0 0 0 0 0 0 0 0 0
"s__bryophila" 0 2.58496250072116 0 0 0 0 0 0 0 0 0 0 0 0 0 0 0 0 0 0 0 0 0 0 0 0 0 0 0 0 0 0 0 0 0 0 0 0 0 0 0 0
"s__C21_c20" 0 0 0 0 0 0 0 0 0 0 0 0 0 0 0 0 0 0 0 0 0 0 0 0 0 0 0 0 0 0 0 0 0 0 0 0 0 0 0 0 0 0
"s__caccae" 0 0 0 0 0 0 0 0 0 0 0 0 0 0 0 0 0 0 0 0 0 0 0 0 1 0 0 0 0 0 0 0 0 0 0 0 0 0 0 0 0 0
"s__caeni" 0 0 0 0 0 0 0 0 0 0 0 0 0 0 0 0 0 0 0 0 0 0 0 0 0 0 0 0 0 0 0 0 0 0 0 0 0 0 0 0 0 0
"s__campisalis" 0 0 0 0 0 0 0 0 0 0 0 0 0 0 0 0 0 0 0 0 0 0 0 0 0 0 1 0 0 0 0 0 0 0 0 0 0 0 0 0 0 0
"s__canimorsus" 0 0 0 0 0 0 0 0 0 0 0 0 0 0 0 0 0 0 0 0 0 0 0 0 0 0 0 0 0 0 0 0 0 0 0 0 0 0 0 0 0 0
"s__cateniformis" 0 0 0 0 0 0 0 0 0 0 0 0 0 0 0 0 0 0 0 0 0 0 0 0 0 0 0 0 0 0 0 0 0 0 0 0 0 0 0 0 0 0
"s__catus" 0 0 0 0 0 0 0 0 0 0 0 0 0 0 1 0 0 0 0 0 0 0 0 0 0 0 0 0 0 0 0 0 0 0 0 0 0 0 0 0 0 0
"s__cecorum" 0 0 0 0 0 0 0 0 0 0 0 1 0 0 0 0 0 0 0 0 0 0 0 0 0 0 0 0 0 0 0 0 0 0 0 0 0 0 0 0 0 0
"s__celatum" 0 0 0 0 0 0 0 0 0 0 0 0 0 0 0 0 0 0 0 0 0 0 0 0 0 0 0 0 0 0 0 0 0 0 0 0 0 0 0 0 0 0
"s__celer" 0 0 0 0 0 0 0 0 0 0 0 0 0 0 0 0 0 0 0 0 0 0 0 0 0 0 0 0 0 0 0 0 0 1 0 0 0 0 0 0 0 0
"s__cellulosum" 0 0 0 0 0 0 0 0 0 0 0 0 0 0 0 0 0 0 0 0 0 0 0 0 0 0 0 0 0 0 0 0 0 0 0 0 0 0 0 0 0 0
"s__chitinolyticus" 0 0 0 0 0 0 0 0 0 0 0 0 0 0 0 0 0 0 0 0 0 1.58496250072116 0 0 0 0 0 0 0 0 0 0 0 0 0 0 0 0 0 0 0 0
"s__chondroitinus" 0 0 0 0 0 0 0 0 0 0 0 0 0 0 0 0 0 0 0 0 0 0 0 0 0 0 0 0 0 0 0 0 0 0 0 0 0 0 0 0 0 0
"s__cinerea" 2.32192809488736 2 1.58496250072116 2 2 1 2 4.4594316186373 5.08746284125034 2 2 3.58496250072116 1.58496250072116 0 4.8073549220576 3.70043971814109 1 1.58496250072116 1 1.58496250072116 1.58496250072116 7.4093909361377 1 3 0 6.3037807481771 0 2.58496250072116 1.58496250072116 3 4.64385618977472 1 3.16992500144231 1 1 1.58496250072116 2.32192809488736 0 3.16992500144231 3 1 4.52356195605701
"s__citronellolis" 0 0 0 0 0 0 0 0 0 0 0 0 0 0 0 0 0 0 0 0 0 0 0 0 0 0 0 0 0 0 0 0 0 0 1.58496250072116 0 0 0 0 0 0 0
"s__clausii" 0 0 0 0 0 0 0 0 0 0 0 0 0 0 0 0 0 0 0 0 0 0 0 0 0 0 0 0 0 0 0 0 0 0 0 0 0 0 0 0 0 0
"s__coagulans" 0 0 0 0 0 0 0 0 0 0 0 0 0 0 0 0 0 0 0 0 0 0 0 0 0 0 0 0 0 0 0 0 0 0 0 0 0 0 0 0 0 0
"s__coleohominis" 0 0 0 0 0 0 0 0 0 0 0 0 0 0 0 0 0 0 0 0 0 0 0 0 0 0 0 0 0 0 0 0 0 0 0 0 0 0 0 0 0 0
"s__copri" 5.95419631038687 4.95419631038687 0 4.70043971814109 0 0 3.58496250072116 1 2.32192809488736 1 4.32192809488736 6.4594316186373 8.35314682549808 6.08746284125034 12.2167458581953 0 1.58496250072116 1.58496250072116 5.35755200461808 3.32192809488736 3.70043971814109 4.90689059560852 1.58496250072116 2.8073549220576 1.58496250072116 8.43462822763673 2.58496250072116 1 5.7279204545632 0 5.24792751344359 3.90689059560852 5.08746284125034 0 4.24792751344359 3.16992500144231 3.4594316186373 1 3.58496250072116 2.32192809488736 2.32192809488736 2.8073549220576
"s__coprophilus" 0 0 0 0 0 0 0 0 0 0 0 0 0 0 0 0 0 0 0 0 0 0 0 0 0 0 0 0 0 0 0 0 0 0 0 0 0 0 0 0 0 0
"s__cosmopolitanus" 0 0 0 0 0 0 0 0 0 0 0 0 0 0 0 0 0 0 0 0 0 0 0 0 0 0 0 0 0 1 0 0 0 0 0 0 0 0 0 0 0 0
"s__cowanii" 0 0 0 0 0 0 0 0 0 0 0 0 0 0 0 0 0 0 0 0 0 0 0 0 0 0 0 0 0 0 0 0 0 0 0 0 0 0 0 0 0 0
"s__cryaerophilus" 0 0 0 0 0 0 0 0 0 0 0 0 0 0 0 0 0 0 0 0 0 0 0 0 0 0 0 0 0 0 0 0 0 0 0 0 0 0 0 0 0 0
"s__cryoconitis" 0 0 2 0 0 0 0 0 0 0 0 0 0 0 1.58496250072116 2.32192809488736 0 0 0 0 2.32192809488736 1.58496250072116 0 0 0 0 0 0 0 0 0 0 0 0 0 0 0 0 0 0 0 0
"s__curvus" 0 0 0 0 0 0 0 0 0 0 0 0 0 0 0 0 0 0 0 0 0 0 0 0 0 1 0 0 0 0 0 0 0 0 0 0 0 0 0 0 0 0
"s__D168" 0 0 0 0 0 0 0 0 0 0 0 0 0 0 0 0 0 0 0 0 0 0 0 0 0 0 0 0 0 0 0 0 0 0 0 0 0 0 0 0 0 0
"s__delafieldii" 0 0 0 0 0 0 0 0 0 0 0 0 0 0 0 0 0 0 0 0 0 0 0 0 0 0 0 0 0 0 0 0 0 0 0 0 0 0 0 0 0 0
"s__delbrueckii" 0 0 0 0 1 0 0 0 0 0 0 0 0 0 0 0 0 0 0 0 0 0 0 0 0 0 0 0 0 0 0 0 0 0 0 0 0 0 0 0 0 1
"s__dentocariosa" 2.8073549220576 2 4 0 3 5.4262647547021 4.39231742277876 6.71424551766612 7.36632221424582 7.90086680798075 4.16992500144231 8.67595703294175 5.4262647547021 1 8.4262647547021 6.32192809488736 1.58496250072116 1 0 4.52356195605701 5.4594316186373 11.3314768218596 5.75488750216347 1 0 3.58496250072116 3.4594316186373 0 5.24792751344359 6.90689059560852 6.28540221886225 6.68650052718322 7.05528243550119 5.28540221886225 4.58496250072116 4 2.8073549220576 3.70043971814109 6.58496250072116 5.90689059560852 0 8.02236781302845
"s__depolymerans" 0 0 0 0 0 0 0 0 0 0 0 0 0 0 0 0 0 0 0 0 0 0 0 0 0 0 0 0 0 0 0 0 0 0 0 0 0 0 0 0 0 0
"s__diminuta" 0 0 0 2 0 0 0 2 0 0 0 0 1.58496250072116 0 0 2 1 0 0 0 4.08746284125034 0 3.4594316186373 0 0 4.16992500144231 0 0 1.58496250072116 0 2.32192809488736 0 0 0 0 0 0 2.32192809488736 0 0 1 2.58496250072116
"s__diospyrosa" 0 0 0 0 0 0 0 0 0 0 0 0 0 0 0 0 0 0 0 0 0 0 0 0 0 0 0 0 0 0 0 0 0 0 0 0 0 0 0 0 0 0
"s__dispar" 3.58496250072116 5.12928301694497 4.75488750216347 5.75488750216347 5.8073549220576 3.4594316186373 5.12928301694497 5.4594316186373 8.13955135239879 7.93663793900257 7.04439411935845 9.04165915163721 7.23840473932508 3.8073549220576 7.10852445677817 4.32192809488736 5.7279204545632 1 4.90689059560852 4 5 9.54689445988764 7.04439411935845 5.24792751344359 5.4594316186373 9.54303182025524 2.58496250072116 1 6.32192809488736 7.64385618977472 4.85798099512757 2.58496250072116 7.96000193206808 3.8073549220576 5.20945336562895 5.4594316186373 3.58496250072116 8.7515440590891 5.6724253419715 6.39231742277876 4.32192809488736 6
"s__dispersa" 0 0 0 0 0 0 0 0 0 0 0 0 0 0 0 0 0 0 0 0 0 0 0 0 0 0 0 0 0 0 0 0 0 0 0 0 0 0 0 0 0 0
"s__distasonis" 3.32192809488736 1 0 3.70043971814109 2.8073549220576 0 1 1 1 2.32192809488736 0 0 3 0 6.33985000288462 1.58496250072116 0 0 0 0 0 0 4 0 0 4.32192809488736 0 0 2.8073549220576 0 0 0 0 0 0 0 0 0 0 0 0 0
"s__doebereinerae" 0 0 0 0 0 0 0 0 0 0 0 0 0 0 0 0 0 0 0 0 0 0 0 0 0 0 0 0 0 0 0 0 0 0 0 0 0 0 0 0 0 0
"s__dolichum" 0 0 0 2.8073549220576 0 0 0 0 0 0 0 0 0 0 2 0 0 0 0 0 0 0 0 0 0 3.32192809488736 0 0 0 0 0 0 0 0 0 0 0 0 0 0 0 0
"s__durum" 4.8073549220576 2.58496250072116 1 0 4.90689059560852 2 4.70043971814109 5.04439411935845 4.32192809488736 6.4594316186373 0 6 0 0 6.18982455888002 3.16992500144231 0 2.8073549220576 0 4.58496250072116 3.16992500144231 8.49185309632967 5.55458885167764 0 0 1 0 1.58496250072116 6.06608919045777 7.21916852046216 6.75488750216347 6.18982455888002 2.58496250072116 3.70043971814109 0 3 2.8073549220576 3.90689059560852 4.52356195605701 5.24792751344359 0 6.37503943134692
"s__echinoides" 0 3.58496250072116 3.90689059560852 0 0 0 0 2 0 0 0 2.32192809488736 0 0 2.32192809488736 0 0 0 0 0 2.8073549220576 0 0 0 0 0 0 0 0 0 0 0 0 0 0 0 0 0 0 0 3.4594316186373 0
"s__effusa" 0 0 0 0 0 0 0 0 0 0 0 0 0 0 0 0 0 0 0 0 0 0 0 0 0 0 0 0 0 0 0 0 0 0 0 0 0 0 0 0 0 0
"s__eggerthii" 0 5.78135971352466 1 3.16992500144231 0 0 0 0 0 0 0 2.32192809488736 0 0 0 2.58496250072116 3.70043971814109 0 0 0 1 0 0 0 1 5.52356195605701 4 0 0 0 2 2.8073549220576 0 0 1 0 0 0 0 0 0 1
"s__eikelboomii" 0 0 0 0 0 0 0 0 0 0 0 0 0 0 0 0 0 0 0 0 0 0 0 0 0 0 0 0 0 0 0 0 0 0 0 0 0 0 0 0 0 0
"s__elegans" 0 0 0 0 0 0 0 0 0 0 0 0 0 0 0 0 0 0 0 0 0 0 0 0 0 0 0 0 0 0 0 0 0 0 0 2 0 0 0 0 0 0
"s__elkanii" 0 0 1 0 0 0 0 1 0 0 0 0 0 0 0 0 0 0 0 0 0 0 0 0 1 0 0 0 0 0 0 0 0 0 0 0 0 0 0 0 0 0
"s__endodontalis" 0 0 0 0 0 0 0 0 3.90689059560852 2 0 0 0 0 4.64385618977472 3.4594316186373 0 0 0 0 0 1 4 0 0 3.32192809488736 0 0 1.58496250072116 0 0 0 0 0 0 1.58496250072116 0 0 0 0 0 2.32192809488736
"s__endophyticus" 0 0 0 0 0 0 0 0 0 0 0 2.58496250072116 0 0 0 0 0 0 0 0 0 0 0 0 0 0 0 1 0 0 0 0 0 0 0 0 0 0 0 0 0 0
"s__enterica" 0 0 0 0 0 0 0 0 1 0 1.58496250072116 0 0 0 0 0 0 0 0 0 0 0 0 0 0 2 0 0 0 0 0 0 0 0 0 0 0 0 0 0 0 1
"s__epidermidis" 1 2.32192809488736 0 0 2 2.32192809488736 2.8073549220576 2 3.8073549220576 3.8073549220576 0 4.75488750216347 1.58496250072116 0 3 3.8073549220576 0 2 0 2 1 0 0 2.32192809488736 2.58496250072116 3.16992500144231 1.58496250072116 0 0 2 0 3.58496250072116 3 1.58496250072116 2 0 2.8073549220576 0 2.58496250072116 2.8073549220576 1 4.85798099512757
"s__equi" 0 0 0 0 0 0 0 0 0 0 0 0 0 0 0 0 0 0 0 0 0 1.58496250072116 0 0 0 0 0 0 0 0 1.58496250072116 0 0 0 0 0 0 0 0 0 0 0
"s__equorum" 0 0 0 0 1 1 0 0 0 0 1 0 0 1 0 1.58496250072116 0 0 0 0 0 0 0 0 0 0 1 0 0 1 0 1 0 0 0 1 1 0 0 1 0 1.58496250072116
"s__europaeus" 0 3.90689059560852 0 0 0 0 0 0 0 0 0 0 0 0 2.32192809488736 0 0 0 0 0 0 0 0 0 0 0 0 0 0 0 0 0 0 0 0 0 0 0 0 1.58496250072116 0 0
"s__eutactus" 0 0 0 0 0 0 0 0 0 0 0 0 0 0 0 0 0 0 0 0 0 0 0 0 0 0 0 0 0 0 0 0 0 0 0 0 0 0 0 0 0 0
"s__exhalans" 0 0 0 0 0 0 0 0 0 0 0 0 0 0 0 0 0 0 0 0 0 0 0 0 0 0 0 0 0 0 0 0 0 0 0 0 0 0 0 0 0 0
"s__faecis" 0 2.32192809488736 0 0 0 0 0 0 0 0 0 1 0 0 3.90689059560852 3 0 0 0 0 0 0 0 0 1.58496250072116 2 0 0 0 0 0 0 0 0 0 0 1 0 0 0 0 0
"s__faecium" 1.58496250072116 0 0 0 0 0 2.8073549220576 0 0 0 0 4.39231742277876 0 0 1 0 0 0 0 0 5.35755200461808 3.58496250072116 0 0 0 0 0 0 0 0 0 0 0 0 0 0 0 0 0 0 0 6.24792751344359
"s__farmeri" 0 0 0 0 0 0 0 0 0 0 0 0 0 0 0 0 0 0 0 0 0 0 0 0 0 0 0 0 0 0 0 0 0 0 0 0 0 0 0 0 0 0
"s__fascians" 0 0 3.32192809488736 0 0 0 2 0 2.32192809488736 0 2.58496250072116 1 0 0 0 0 0 0 0 0 0 0 0 0 0 0 3.70043971814109 0 0 0 2 4.75488750216347 0 1.58496250072116 2.8073549220576 0 0 2 0 1 0 1.58496250072116
"s__firmus" 0 0 0 0 0 0 0 0 0 0 0 0 0 0 0 0 0 0 0 0 0 0 0 0 0 0 0 0 0 0 0 0 0 0 0 0 0 0 0 0 0 0
"s__fischeri" 0 0 0 0 0 0 0 0 0 0 0 0 0 0 0 0 0 0 0 0 0 0 0 0 0 0 0 0 0 0 0 0 0 0 0 0 0 0 0 0 0 0
"s__flavefaciens" 0 1 0 0 0 0 0 0 0 0 0 0 5.8073549220576 0 4.58496250072116 0 0 0 0 0 0 1 0 0 0 0 0 0 0 0 0 0 0 2 0 1 0 0 0 0 0 0
"s__flexus" 0 3.4594316186373 0 1 0 6.4757334309664 1.58496250072116 0 2 1 0 2.8073549220576 1 1 0 2.8073549220576 0 0 1 0 0 0 0 1 0 3 1.58496250072116 1.58496250072116 1 1 1 0 1 0 2.8073549220576 3 2 0 1.58496250072116 3.32192809488736 1 1
"s__formicigenerans" 0 0 0 0 0 0 0 0 0 0 0 0 0 0 0 0 0 0 0 0 0 0 0 0 0 0 0 0 0 0 0 0 0 0 0 0 0 0 0 0 0 0
"s__formigenes" 0 0 0 0 0 0 0 0 0 0 0 0 0 0 0 0 0 0 0 0 0 0 0 0 0 0 0 0 0 0 0 0 0 0 0 0 0 0 0 0 0 0
"s__fragi" 1.58496250072116 0 2.58496250072116 0 1.58496250072116 3.70043971814109 6.35755200461808 13.3030672138429 4.24792751344359 0 0 4.64385618977472 6.65821148275179 4.4594316186373 3.8073549220576 1.58496250072116 0 0 0 4 4.58496250072116 4.52356195605701 1 4.16992500144231 3 3.4594316186373 5.28540221886225 3.16992500144231 3.4594316186373 0 4.8073549220576 5.39231742277876 0 0 0 1 3.4594316186373 5.04439411935845 4.8073549220576 2.8073549220576 0 9.39660478118186
"s__fragilis" 3.16992500144231 0 0 3.4594316186373 0 0 0 0 0 0 1 0 1 0 2.58496250072116 3.4594316186373 1 0 0 0 1 0 0 0 0 4.95419631038687 0 0 0 1 2.58496250072116 1 0 0 0 0 1.58496250072116 0 0 0 0 0
"s__fulvum" 0 0 0 0 0 0 0 0 0 0 0 0 0 0 0 0 0 0 0 0 0 0 0 0 0 0 0 0 0 0 0 0 0 0 0 0 0 0 0 0 0 0
"s__fusca" 0 0 0 0 0 0 0 0 0 0 0 0 0 0 0 0 0 0 0 0 0 0 0 0 0 0 0 0 0 0 0 0 0 0 0 0 0 0 0 0 0 0
"s__gargensis" 0 0 2.8073549220576 0 0 0 0 0 0 0 0 0 0 0 0 0 0 0 0 0 0 0 0 0 0 0 0 0 0 0 0 0 0 0 0 0 0 0 0 0 0 0
"s__garvieae" 0 0 0 0 0 0 0 0 0 0 0 0 0 0 0 0 0 0 0 0 0 0 0 0 0 0 0 0 0 0 0 0 0 0 0 0 0 0 0 0 0 0
"s__gelatinosus" 1 1 1.58496250072116 2.32192809488736 2.58496250072116 2 1.58496250072116 0 1.58496250072116 2 4 0 1 2 0 2 1.58496250072116 1.58496250072116 0 0 0 0 3.32192809488736 3.4594316186373 2.58496250072116 3.32192809488736 2 1.58496250072116 2.32192809488736 1.58496250072116 2 0 2.32192809488736 2.32192809488736 2.58496250072116 1 1.58496250072116 2 1.58496250072116 2 2 0
"s__genomosp." 0 0 0 0 0 0 0 0 0 0 0 0 0 0 0 0 0 0 0 0 0 0 0 0 0 0 0 0 0 0 0 0 0 0 0 0 0 0 0 0 0 0
"s__genosp." 0 1 0 0 0 0 0 0 0 0 0 0 0 0 0 0 0 0 0 0 0 0 0 1 0 0 0 0 0 0 0 0 0 0 0 0 0 1.58496250072116 2.8073549220576 0 0 0
"s__geothermalis" 0 0 0 0 0 0 0 0 0 0 0 0 0 0 0 0 0 0 0 0 0 0 0 0 0 0 0 0 0 0 0 0 0 0 0 0 0 0 0 0 0 0
"s__gibsonii" 0 0 0 0 0 0 0 0 0 0 0 0 3 0 0 0 0 0 0 0 0 0 0 0 0 0 0 0 0 0 0 0 0 0 0 0 0 0 0 2.8073549220576 0 0
"s__ginsengihumi" 0 0 0 0 0 1 0 0 0 0 0 0 0 0 0 0 0 0 0 0 0 0 0 0 0 0 0 0 0 0 0 0 0 0 0 0 0 0 0 0 0 0
"s__gladioli" 0 0 0 0 0 0 0 0 0 0 0 0 0 0 0 0 0 0 0 0 0 0 0 0 0 0 0 0 0 0 0 0 0 0 0 0 0 0 0 0 0 0
"s__globerulus" 0 0 0 0 0 0 0 0 0 0 0 0 0 0 0 0 0 0 0 0 0 0 0 0 0 0 0 0 0 0 0 0 0 0 0 0 0 0 0 0 0 0
"s__gnavus" 0 3.70043971814109 0 0 1 4.58496250072116 2.58496250072116 0 1 0 1 4.64385618977472 4.8073549220576 3.70043971814109 7.74146698640115 1 0 0 3 1 0 1 0 1 1 5.58496250072116 2.32192809488736 0 0 2.32192809488736 1 3 0 0 3.8073549220576 1.58496250072116 1.58496250072116 0 0 0 0 1
"s__gordonii" 0 0 0 0 0 0 0 0 0 0 0 0 0 0 0 0 0 0 0 0 0 0 0 0 0 0 0 0 0 0 0 0 0 0 0 0 0 0 0 0 0 0
"s__granuli" 0 0 0 0 0 0 0 0 0 0 1 0 0 0 0 0 0 0 0 0 0 0 0 0 0 0 0 0 0 0 0 0 0 0 0 0 0 0 0 0 0 0
"s__granulosum" 0 0 0 0 0 0 0 0 0 0 0 1.58496250072116 0 0 1 0 0 0 0 0 0 0 0 0 0 0 1 0 0 0 0 0 0 0 0 0 0 0 0 0 0 0
"s__gubbeenense" 0 0 0 0 0 0 0 0 0 0 0 0 0 0 0 0 0 0 0 0 0 0 0 0 0 0 0 0 0 0 0 0 0 0 0 0 0 0 0 0 0 0
"s__guilliermondii" 0 0 0 0 0 0 0 0 0 0 0 0 0 0 0 0 0 0 0 0 0 0 0 0 0 0 0 0 0 0 0 0 0 0 0 0 0 0 0 0 0 0
"s__guillouiae" 0 0 0 0 0 0 0 0 7.4093909361377 0 0 0 0 1 0 0 0 2.58496250072116 0 0 0 0 0 2.8073549220576 0 0 0 0 0 0 0 0 0 0 0 1 0 0 0 0 0 0
"s__haemolyticus" 0 0 0 0 0 0 0 0 1.58496250072116 0 0 1.58496250072116 1 0 1 1 0 0 0 0 0 0 0 1.58496250072116 0 1.58496250072116 0 0 0 0 0 0 0 1 1 0 1 0 0 1 0 2
"s__haemoperoxidus" 0 1 0 0 0 0 0 0 0 0 0 0 0 0 0 0 0 0 0 0 0 0 0 0 0 1 0 0 0 0 0 1 0 0 0 0 0 0 0 0 0 0
"s__halodurans" 0 0 0 0 0 0 0 0 0 0 0 0 0 0 0 0 0 0 0 0 0 0 0 0 0 0 0 0 0 0 1 0 0 0 0 0 0 0 0 0 0 0
"s__halophilus" 0 0 0 0 0 0 0 0 0 0 0 0 0 0 0 0 0 0 0 0 0 0 0 0 0 0 0 0 0 0 0 0 0 0 0 0 0 0 0 0 0 0
"s__halophobica" 0 0 0 0 0 0 0 0 0 0 0 0 0 0 0 0 0 0 0 0 0 0 2 0 0 0 0 0 0 0 0 0 1 0 0 0 0 0 0 0 0 0
"s__hiranonis" 0 0 0 0 0 0 0 0 1 0 0 0 0 0 1 0 0 0 0 0 0 0 0 0 0 1.58496250072116 2.32192809488736 0 0 0 0 0 0 0 0 0 0 0 0 0 3.32192809488736 0
"s__huakuii" 0 3.4594316186373 0 0 0 0 0 0 0 0 0 0 0 0 0 0 0 0 0 0 0 0 0 0 0 0 0 0 0 0 0 0 0 0 0 0 0 0 0 0 0 0
"s__humi" 0 0 0 0 0 0 0 0 0 0 0 1 0 0 0 0 0 0 0 0 1 0 0 0 0 0 0 0 0 0 0 1 0 0 0 0 0 0 0 0 0 0
"s__hydrocarbonoclasticus" 0 0 0 0 0 0 0 0 0 0 0 0 0 0 0 0 0 0 0 0 0 0 0 0 0 0 0 0 0 0 0 0 0 0 0 0 0 0 0 0 0 0
"s__hyovaginalis" 0 0 0 0 0 0 0 0 0 0 0 1 0 0 0 0 0 0 0 0 0 0 0 0 0 1 0 0 0 1 0 0 0 0 0 0 0 0 0 0 0 0
"s__hypermegale" 0 0 3.16992500144231 0 0 0 0 0 0 0 0 0 0 0 0 0 0 0 0 0 0 0 0 0 0 0 0 0 0 0 0 0 0 0 0 0 0 0 0 0 0 0
"s__ichthyoenteri" 0 0 0 0 0 0 0 0 0 0 0 0 0 0 0 0 0 0 0 0 0 0 0 0 0 0 0 0 0 0 0 0 0 0 0 0 0 0 0 1.58496250072116 0 0
"s__indoligenes" 0 0 0 0 0 0 0 0 0 0 0 0 0 0 0 0 0 0 0 0 0 0 0 0 0 0 0 0 0 0 0 0 0 0 0 0 0 0 0 0 0 0
"s__iners" 0 0 9.86727873970966 1.58496250072116 0 0 9.79928162152192 0 0 0 3.8073549220576 0 0 0 3.16992500144231 3 0 0 0 2.8073549220576 2.32192809488736 5.58496250072116 0 2.8073549220576 3.70043971814109 5.20945336562895 0 3 0 0 0 0 0 2.58496250072116 1 0 2 0 0 3.8073549220576 0 2.8073549220576
"s__infantis" 2 0 0 0 1.58496250072116 0 0 1 1 1.58496250072116 1 0 0 0 2 0 0 0 0 0 1 2.32192809488736 1 0 0 1 1 0 1.58496250072116 2.32192809488736 2.58496250072116 0 2.32192809488736 0 0 0 1 1.58496250072116 2 1 0 2.32192809488736
"s__influenzae" 0 0 0 0 1 0 4.39231742277876 0 0 0 0 2.32192809488736 0 0 5.24792751344359 0 0 0 0 0 0 1.58496250072116 0 0 0 0 0 5.16992500144231 0 0 1 0 0 0 0 0 0 0 0 0 0 0
"s__insecticola" 0 0 0 0 0 0 0 0 0 0 0 0 0 0 0 0 0 0 0 0 0 0 4.64385618977472 0 0 0 0 0 0 0 0 0 0 0 0 0 0 0 0 0 0 0
"s__intermedia" 0 0 0 0 4.16992500144231 0 0 0 3.32192809488736 0 0 0 0 0 0 0 0 0 0 0 0 0 3.8073549220576 0 0 0 0 4.90689059560852 3.32192809488736 1.58496250072116 0 0 0 0 0 0 0 0 0 0 0 0
"s__intermedium" 0 0 0 0 0 0 0 0 0 0 0 0 0 0 0 0 0 1 0 0 0 0 0 0 0 0 0 0 0 0 0 0 0 0 0 0 0 0 0 0 0 0
"s__invocatus" 0 0 0 0 0 0 0 1 0 0 1.58496250072116 0 0 0 0 0 0 0 0 0 0 0 0 0 0 0 0 0 0 0 0 0 0 0 0 0 0 0 0 0 0 0
"s__jenensis" 0 0 0 0 0 0 0 0 0 0 0 0 0 0 0 1 0 0 0 0 0 0 0 0 0 0 0 0 0 0 0 0 0 0 0 0 0 0 0 0 0 0
"s__johnsonii" 12.9067027324608 14.0546891000863 12.5693809595223 13.9602734981942 14.380258121093 13.9878857294021 13.9251835194342 13.3032099489448 13.5598550415136 13.731849336137 14.4603919002557 12.596888567028 14.08406094195 13.1847204059978 12.0801513096141 13.9252762584849 14.8148828292179 14.91405805929 15.0296754598749 13.1761731491075 14.3125993788626 13.859146495426 14.3872095807196 14.4829969767126 14.753216749179 13.9432473959016 14.6239386298452 13.9467235507476 14.4020127657781 13.8737324688988 13.3002095422324 14.5755983337242 14.5355791466598 14.452820364694 14.9135906836734 12.7938064914558 13.3561768305164 14.3242508791009 14.2705873404475 14.2678839532387 12.2735042339622 13.3144416300369
"s__kashmirensis" 0 3 0 0 0 0 0 0 0 0 0 3.32192809488736 0 0 0 0 0 0 0 0 0 0 0 0 0 0 0 0 0 0 0 0 0 0 0 0 0 0 0 0 0 0
"s__kestanbolensis" 1 0 2.8073549220576 0 0 1 0 0 2 0 1 0 0 0 0 3.8073549220576 0 0 0 0 0 0 0 0 3.16992500144231 1 1 0 0 0 0 3.58496250072116 0 0 0 3.70043971814109 0 0 2 1.58496250072116 0 2.32192809488736
"s__komagatae" 0 0 0 0 0 0 0 0 0 0 0 1 0 0 0 0 0 0 0 0 0 0 0 0 0 0 0 0 0 0 0 0 0 0 0 0 0 0 0 0 0 0
"s__kroppenstedtii" 6.56985560833095 4.39231742277876 0 0 1 1 3 0 5.28540221886225 7.3037807481771 2.32192809488736 7.2667865406949 1 0 1 0 0 5.88264304936184 0 2.32192809488736 7.4093909361377 0 0 0 1.58496250072116 0 8.60362634498619 1 0 0 1.58496250072116 2.8073549220576 1 0 2.58496250072116 2.32192809488736 0 5.28540221886225 2.58496250072116 0 0 4.70043971814109
"s__kuhniae" 0 0 0 0 0 0 0 0 0 0 0 0 0 0 0 0 0 0 0 0 0 0 0 0 0 0 0 0 0 0 0 0 0 0 4.52356195605701 0 0 0 0 3.16992500144231 0 0
"s__kujiense" 0 0 0 0 0 0 0 0 0 0 0 0 0 0 0 0 0 0 0 0 0 0 0 0 0 0 0 0 0 0 0 0 0 0 0 0 0 0 0 0 0 0
"s__lanatus" 0 0 0 0 0 0 0 0 0 0 0 0 0 0 0 0 0 0 0 0 0 0 0 0 0 0 0 0 0 0 0 0 0 0 0 0 0 0 0 0 0 0
"s__larsenii" 0 0 0 0 0 0 0 0 0 0 0 0 0 0 0 0 0 0 0 0 0 0 0 0 0 0 0 0 0 0 0 0 0 0 0 0 0 0 0 0 0 0
"s__lautus" 0 0 0 0 0 0 0 0 0 0 0 0 0 0 0 0 0 0 0 0 0 0 0 0 0 0 0 0 0 0 0 0 0 0 0 0 0 0 0 0 0 0
"s__leguminosarum" 0 0 1.58496250072116 0 0 0 0 0 0 0 2 0 0 3.4594316186373 0 3.16992500144231 0 3.16992500144231 2.32192809488736 0 0 0 0 0 0 0 0 0 0 0 0 0 0 0 0 0 1.58496250072116 0 1.58496250072116 2 0 4
"s__lenta" 0 0 0 0 0 0 0 0 0 0 0 0 0 0 0 0 0 0 0 0 0 0 0 0 0 0 0 0 0 0 0 0 0 0 0 0 0 0 0 0 0 0
"s__limosus" 0 0 0 0 0 0 0 0 0 0 0 0 0 0 0 0 0 0 0 0 0 0 0 0 0 0 0 0 0 0 0 0 0 0 0 0 0 0 0 0 0 0
"s__lividum" 0 0 0 0 0 0 0 0 1 0 1 0 0 1 0 0 0 0 0 0 1 1 1 0 0 0 1.58496250072116 0 0 0 0 1.58496250072116 0 0 0 1 0 0 0 1 0 3
"s__longum" 0 0 0 0 0 0 0 0 0 0 0 0 0 0 0 0 0 0 0 0 0 0 0 0 0 0 0 0 0 0 0 0 0 0 0 0 0 0 0 0 0 0
"s__luteciae" 0 0 0 0 0 0 0 0 0 0 0 1 0 0 0 0 0 0 0 0 0 0 0 0 0 0 0 0 0 0 0 0 0 0 0 0 0 0 0 0 0 0
"s__luteus" 1 5.04439411935845 4.90689059560852 1 5.28540221886225 5.39231742277876 3.16992500144231 3.70043971814109 4.58496250072116 5.28540221886225 0 6.2667865406949 8.19475685442225 2.58496250072116 5.4262647547021 5.39231742277876 0 0 0 2.58496250072116 5.52356195605701 5.58496250072116 2.8073549220576 3.4594316186373 1.58496250072116 7.52356195605701 6.12928301694497 6.08746284125034 5.49185309632967 6.93073733756289 7.98299357469431 4.24792751344359 4.52356195605701 2.8073549220576 6.06608919045777 1.58496250072116 4.90689059560852 4 4.75488750216347 7.05528243550119 0 9.69522829149575
"s__lwoffii" 0 2.32192809488736 0 0 0 1 0 1 0 1.58496250072116 3.32192809488736 3 3.8073549220576 1.58496250072116 0 0 0 1 0 2.58496250072116 2 3 0 0 0 1 3.16992500144231 0 0 0 1 3.16992500144231 0 0 2.32192809488736 0 0 5.24792751344359 0 0 0 0
"s__macerans" 0 0 0 0 0 0 0 0 0 0 0 0 0 0 0 0 0 0 0 0 0 0 0 0 0 0 0 0 0 0 0 0 0 0 0 0 0 0 0 0 0 0
"s__maitriensis" 0 0 0 0 0 0 0 0 0 0 0 0 0 0 0 0 0 0 0 0 0 0 0 0 0 0 0 0 0 0 0 0 0 0 0 0 0 0 0 0 0 0
"s__marcescens" 0 0 0 0 0 0 0 0 0 0 0 0 0 0 0 0 0 0 0 0 0 0 0 0 0 0 0 0 0 0 0 0 0 0 0 0 0 0 0 0 0 0
"s__marincola" 0 0 0 0 0 0 0 0 0 0 0 0 0 0 0 0 0 0 0 0 0 0 0 0 0 0 0 0 0 0 0 0 0 0 0 0 0 0 0 0 0 0
"s__marisflavi" 0 0 0 0 0 0 0 0 0 0 0 0 0 0 0 0 0 0 0 0 0 0 0 0 0 0 0 0 0 0 0 0 0 0 0 0 0 0 0 0 0 0
"s__maritypicum" 0 0 0 0 0 0 0 0 0 0 0 0 0 0 0 0 0 0 0 0 0 0 0 0 0 0 0 0 0 0 0 0 0 0 0 0 0 0 0 0 0 0
"s__mastitidis" 0 0 0 0 0 0 0 0 0 0 0 0 0 0 0 0 0 0 0 0 1 0 0 0 0 0 0 0 0 0 0 0 0 0 0 0 0 0 0 0 0 0
"s__mazei" 0 0 0 0 0 0 0 0 0 0 1 0 0 0 0 0 0 0 0 2.8073549220576 0 0 0 0 0 0 0 0 0 0 0 0 0 0 0 0 0 0 0 0 0 0
"s__mediolanus" 0 0 0 0 0 0 0 0 0 0 0 0 0 0 0 0 0 0 0 0 0 0 0 0 0 0 0 0 0 0 0 0 0 0 0 0 0 0 0 0 0 0
"s__melaninogenica" 1 6.3037807481771 3.4594316186373 4.58496250072116 5.28540221886225 1.58496250072116 4.95419631038687 2.8073549220576 6.71424551766612 5.95419631038687 5.7279204545632 5.78135971352466 5.55458885167764 3.8073549220576 6.79441586635011 3.16992500144231 1.58496250072116 1 5.20945336562895 3.8073549220576 3.58496250072116 7.95419631038687 2 1 1 10.0901124196643 3.8073549220576 3.32192809488736 5.83289001416474 5.64385618977472 4.16992500144231 1.58496250072116 6.6724253419715 3.4594316186373 3.58496250072116 4.58496250072116 3.90689059560852 7.4093909361377 5.12928301694497 4.58496250072116 1.58496250072116 5.32192809488736
"s__melopsittaci" 0 0 0 0 0 0 0 0 0 0 0 0 0 0 0 0 0 0 0 0 0 0 0 0 0 0 0 0 0 0 0 0 0 0 0 0 0 0 0 1 0 0
"s__meningoseptica" 0 0 0 0 0 1 0 0 2.58496250072116 0 0 0 0 0 2.8073549220576 0 0 0 0 0 0 0 3.58496250072116 0 0 0 0 0 0 0 0 0 0 0 0 0 0 0 0 0 0 0
"s__mephitis" 0 0 0 0 0 0 0 0 0 0 0 0 0 0 0 0 0 0 0 0 0 0 0 0 0 0 0 0 0 0 0 0 0 0 0 0 0 0 0 0 0 0
"s__mesenteroides" 0 0 0 0 0 0 3.4594316186373 4.58496250072116 1.58496250072116 0 0 3 0 0 2 0 3.4594316186373 0 0 0 0 0 0 0 0 0 0 2.8073549220576 2 0 0 0 0 0 0 0 0 0 0 0 0 1.58496250072116
"s__metschnikovii" 0 0 0 0 0 0 0 0 0 0 0 1 0 0 0 0 0 0 0 0 0 0 0 0 0 0 0 0 0 0 0 0 0 0 0 0 0 0 0 0 0 0
"s__mexicana" 0 0 0 0 0 0 0 0 0 0 0 0 0 0 0 0 0 0 0 0 0 0 0 0 0 0 0 0 0 0 0 0 0 0 0 0 0 0 0 0 0 0
"s__michiganensis" 0 2 0 0 0 1 0 0 0 0 2.32192809488736 2.58496250072116 0 0 0 0 0 0 0 0 0 0 0 0 0 0 0 0 0 0 0 0 1.58496250072116 0 0 1.58496250072116 0 0 0 0 1.58496250072116 0
"s__minor" 0 0 0 0 0 0 0 0 0 0 0 0 0 0 0 0 0 0 0 0 0 0 0 0 0 0 0 0 0 0 0 0 0 0 0 0 0 0 0 0 0 0
"s__mobilis" 0 4.8073549220576 0 0 0 1 0 0 0 0 0 0 0 0 0 0 0 0 0 1.58496250072116 0 0 0 0 0 4.24792751344359 0 0 0 0 0 0 0 0 3.16992500144231 0 0 3.16992500144231 0 0 0 0
"s__modestum" 0 0 0 0 0 0 0 0 0 0 0 2 0 0 1.58496250072116 0 0 0 0 0 0 0 0 0 0 0 1.58496250072116 0 0 0 0 0 0 0 0 0 0 0 0 0 0 0
"s__moniliformis" 0 0 0 0 0 0 0 0 0 0 0 0 0 0 0 0 0 0 0 0 0 0 0 0 0 0 0 0 0 0 0 0 0 0 0 0 0 0 0 0 0 0
"s__moorei" 0 0 0 0 0 0 0 1 3.70043971814109 1 0 1 0 0 3 2.8073549220576 0 0 1.58496250072116 0 0 4.58496250072116 4.08746284125034 0 0 4.39231742277876 0 0 2.8073549220576 3.8073549220576 1.58496250072116 0 0 0 0 1 0 4.39231742277876 0 2.8073549220576 0 2
"s__morganii" 0 0 0 0 0 0 0 0 0 0 0 0 0 0 0 0 0 0 0 0 0 0 0 0 0 0 0 0 0 0 0 0 0 0 0 0 0 0 0 0 0 0
"s__mucilaginosa" 2.58496250072116 5.6724253419715 3.32192809488736 4.4594316186373 2.8073549220576 5 4.95419631038687 6.58496250072116 9.33762190199251 7.3037807481771 6.32192809488736 7.93073733756289 6.8073549220576 3.8073549220576 7.31288295528436 6.08746284125034 3.58496250072116 4.70043971814109 1 3.16992500144231 4.95419631038687 6 5.32192809488736 3.70043971814109 3.70043971814109 7.2667865406949 3.90689059560852 6.24792751344359 5.88264304936184 6.02236781302845 9.27612440527424 6.37503943134692 7.96000193206808 4 5.85798099512757 6.28540221886225 6.33985000288462 4.08746284125034 5.4594316186373 6.4757334309664 3.32192809488736 9.14974711950468
"s__muciniphila" 2 0 0 4.08746284125034 0 1 1 0 0 0 1 3 4 1 0 0 0 0 1 0 0 2.58496250072116 3.32192809488736 0 0 5.12928301694497 1 1 0 0 0 0 0 1 1 0 0 0 6.20945336562895 0 0 2.8073549220576
"s__mucosa" 0 3.16992500144231 0 0 0 0 0 0 0 0 0 0 0 0 0 4.16992500144231 0 0 0 0 0 0 0 2.32192809488736 0 0 0 4 0 0 0 0 0 0 2.8073549220576 0 0 0 1.58496250072116 4.24792751344359 0 1.58496250072116
"s__mucosae" 0 0 0 0 0 0 0 0 2.8073549220576 0 0 0 0 0 0 0 0 0 0 0 0 0 0 0 0 0 0 0 0 0 0 0 0 0 0 0 0 0 0 0 0 0
"s__multivorum" 0 0 1 0 2.32192809488736 0 0 0 0 0 4.8073549220576 3.8073549220576 0 0 0 0 0 4.39231742277876 0 0 0 0 0 0 2.32192809488736 2.58496250072116 0 4.8073549220576 0 0 2.32192809488736 0 0 0 0 0 0 0 0 2.32192809488736 0 1
"s__multocida" 0 0 0 0 0 0 0 0 1 0 0 0 0 0 0 0 0 0 0 0 0 0 0 0 0 0 0 0 0 0 0 0 0 0 3 0 0 0 0 0 0 0
"s__muralis" 0 0 0 0 0 2.8073549220576 0 0 0 0 0 0 0 0 0 0 0 0 0 0 0 0 0 0 0 0 0 0 0 0 0 0 0 0 0 0 0 0 0 0 0 0
"s__nanceiensis" 0 1 0 3.58496250072116 0 2.8073549220576 2.8073549220576 2 3.16992500144231 0 0 3.16992500144231 0 1 7.17990909001493 3 0 2.32192809488736 0 0 3.32192809488736 1 0 1 0 5.4594316186373 0 3.8073549220576 3 0 0 3.8073549220576 4.58496250072116 3.58496250072116 1 3.8073549220576 3.32192809488736 3.16992500144231 1 1 0 4.52356195605701
"s__natatoria" 0 0 0 0 0 0 0 0 0 0 0 0 0 0 0 0 0 0 0 0 0 0 0 0 0 0 0 0 0 0 0 0 0 0 0 0 0 0 0 0 0 0
"s__neonatale" 0 0 0 0 0 0 0 0 0 0 0 0 0 0 0 0 0 0 0 0 0 0 0 0 0 0 0 0 0 0 0 0 0 0 0 0 0 0 0 0 0 0
"s__nigrescens" 0 0 0 0 4.52356195605701 0 3.58496250072116 0 3.16992500144231 4 0 2.32192809488736 3 0 5.16992500144231 3.8073549220576 0 0 0 2.8073549220576 0 7.8008998999203 6.06608919045777 0 3 0 3.90689059560852 2.32192809488736 0 5.20945336562895 2.8073549220576 2.58496250072116 4.24792751344359 0 0 3.70043971814109 0 7.13955135239879 3.8073549220576 0 1.58496250072116 1
"s__nitritophilus" 0 0 0 0 0 0 0 0 0 0 0 0 0 0 0 0 0 0 0 0 0 0 0 0 0 0 0 0 0 0 0 0 0 0 0 0 0 0 0 0 0 0
"s__nitroreducens" 0 0 0 0 0 0 0 0 0 0 0 0 0 0 0 0 0 2.8073549220576 0 0 0 0 0 0 0 0 0 0 0 0 0 0 0 0 4.4594316186373 0 4.95419631038687 0 0 0 0 1.58496250072116
"s__noxia" 1.58496250072116 0 0 0 0 0 0 3.16992500144231 3.16992500144231 1.58496250072116 1 5 0 0 4.16992500144231 0 0 0 0 0 0 5.20945336562895 6.04439411935845 0 0 1 0 2.58496250072116 0 5.55458885167764 0 0 0 2.58496250072116 0 1 0 7.72109918870719 1.58496250072116 0 0 3.16992500144231
"s__obeum" 0 0 0 0 0 0 0 0 0 0 0 0 0 0 0 0 0 0 0 0 0 0 0 0 0 0 0 0 0 0 0 0 0 0 0 0 0 0 0 0 0 0
"s__obscurus" 0 0 0 0 0 0 0 0 0 0 0 0 0 0 0 0 0 0 0 0 0 0 0 0 0 0 0 0 0 0 0 0 0 0 0 0 0 0 0 0 0 0
"s__ochracea" 0 1 0 0 1.58496250072116 0 0 3.58496250072116 0 1.58496250072116 0 3.90689059560852 3.32192809488736 0 0 0 3 1 0 0 0 5.20945336562895 6 0 0 0 0 0 0 4.64385618977472 1 0 0 2.58496250072116 0 0 0 5.93073733756289 0 3.70043971814109 0 3.16992500144231
"s__odoratimimus" 0 0 1.58496250072116 0 0 0 3.32192809488736 0 0 0 0 0 0 1.58496250072116 0 0 0 0 0 0 0 0 0 0 2.32192809488736 0 0 0 0 0 0 0 0 0 0 0 0 0 0 0 0 2.32192809488736
"s__organophilum" 0 0 0 0 0 0 0 0 0 0 0 1 0 0 0 0 0 0 0 0 0 0 0 0 0 0 0 0 0 0 0 0 0 0 0 0 0 0 0 0 0 0
"s__oryzae" 0 0 0 0 0 0 0 0 0 0 0 0 0 0 0 0 0 0 0 0 0 0 0 0 0 0 0 0 0 0 0 0 0 0 0 0 0 0 0 0 0 0
"s__otitis" 0 0 0 0 2 0 0 0 0 0 4 0 0 1.58496250072116 0 0 4.39231742277876 0 0 0 0 3.16992500144231 0 0 2.8073549220576 0 0 0 0 0 0 0 0 0 0 5.88264304936184 0 0 0 0 1.58496250072116 3.58496250072116
"s__ovatus" 3.8073549220576 3 0 0 1.58496250072116 2.8073549220576 0 0 1 1 0 2 3.16992500144231 1 5.95419631038687 3.58496250072116 0 0 0 1 0 4.16992500144231 2.8073549220576 1 2.58496250072116 6.93073733756289 3.90689059560852 0 1.58496250072116 3.58496250072116 0 2.8073549220576 0 0 1 0 0 0 8.35314682549808 0 0 0
"s__p-1630-c5" 0 0 0 0 0 0 0 0 0 0 0 3 0 0 0 0 0 0 0 0 0 0 0 0 0 0 0 0 0 0 0 0 0 0 0 0 0 0 0 0 0 0
"s__pachnodae" 0 0 0 0 0 0 0 0 0 0 0 0 0 0 0 0 0 0 0 0 0 0 0 0 0 0 0 0 0 0 0 0 0 0 0 0 0 0 0 0 0 0
"s__pallens" 2.58496250072116 0 0 0 1 3.58496250072116 0 0 1.58496250072116 0 4.32192809488736 1 0 0 4 3.4594316186373 1 0 0 1.58496250072116 1 3.16992500144231 1.58496250072116 0 0 6.24792751344359 1 1.58496250072116 4.85798099512757 5.64385618977472 0 0 1 1.58496250072116 0 0 0 0 0 0 0 2.58496250072116
"s__palleronii" 0 0 0 0 0 0 0 0 0 0 0 0 0 0 0 0 0 0 0 0 0 0 0 0 0 0 0 0 0 0 0 0 0 0 0 0 0 0 0 0 0 0
"s__palustris" 0 1 1.58496250072116 0 0 0 1 0 0 0 0 0 0 0 2 0 0 0 0 0 0 0 0 0 0 0 1.58496250072116 2.32192809488736 0 2 0 0 1 0 0 0 0 0 0 2.32192809488736 0 2.32192809488736
"s__paradoxus" 0 3 2 0 1.58496250072116 0 1 0 3 0 3.4594316186373 2.58496250072116 0 0 3.32192809488736 3 4.08746284125034 0 0 0 2 0 0 0 0 2 0 0 0 2.58496250072116 2 0 0 0 0 0 0 0 2 2.8073549220576 0 2.58496250072116
"s__parahaemolyticus" 3.70043971814109 0 0 2 0 6 0 0 5.49185309632967 0 4.32192809488736 0 0 0 5.64385618977472 0 0 0 0 2.58496250072116 0 0 0 0 0 0 0 0 0 0 6.18982455888002 0 0 0 0 0 0 0 0 2.32192809488736 0 5.24792751344359
"s__parainfluenzae" 6.8703647195834 6.06608919045777 3.4594316186373 7.33091687811462 7.90086680798075 6.10852445677817 7.97154355395077 7.19967234483636 10.1861142395416 6.28540221886225 7.36632221424582 6.6724253419715 7.17990909001493 6.62935662007961 8.45532722030456 7.29462074889163 5.32192809488736 5.08746284125034 5.64385618977472 5.4262647547021 6.70043971814109 9.2045711442492 8.45121111183233 5.83289001416474 5.16992500144231 9.87498134765377 6.65821148275179 7.8073549220576 5.97727992349992 9.65642486327778 10.9395792143147 6.53915881110803 9.68650052718322 5.64385618977472 5.83289001416474 6.62935662007961 6.35755200461808 6.59991284218713 9.24792751344359 9.92035285541508 5.16992500144231 9.7176764230664
"s__parvula" 0 4.08746284125034 4.75488750216347 5.4262647547021 4.70043971814109 4.90689059560852 4.75488750216347 3.90689059560852 7.75488750216347 6.98868468677217 5.32192809488736 6.83289001416474 4.4594316186373 3.8073549220576 6.08746284125034 5.61470984411521 3.58496250072116 1 4.75488750216347 2.8073549220576 3.4594316186373 9.37286506011259 5.90689059560852 1 3.32192809488736 7.57742882803575 1 5.04439411935845 1.58496250072116 7.64385618977472 5.4594316186373 3.32192809488736 6.16992500144231 2.32192809488736 3.58496250072116 4.90689059560852 5 5.28540221886225 6.02236781302845 6.90689059560852 2.8073549220576 6.4093909361377
"s__pasteurianum" 0 0 0 0 0 0 0 0 0 0 0 0 0 0 0 0 0 0 0 0 0 0 0 0 0 0 0 0 0 0 0 0 0 0 0 0 0 0 0 1 0 0
"s__paucivorans" 0 7.52356195605701 0 0 0 1.58496250072116 0 3 6.3037807481771 0 0 5.08746284125034 3.8073549220576 1.58496250072116 2.58496250072116 3 0 4.08746284125034 0 4 0 0 1 0 0 5.39231742277876 0 0 0 0 0 0 3.4594316186373 3.16992500144231 0 0 0 0 0 4 0 0
"s__perfringens" 0 0 0 0 0 0 0 0 0 0 0 0 0 0 0 0 0 0 0 0 0 0 0 0 0 0 0 0 0 0 0 0 0 0 0 0 0 0 0 0 0 0
"s__petroleiphilum" 0 0 0 3.32192809488736 0 0 0 0 0 0 0 0 0 0 0 0 1 0 0 0 0 0 1 0 1 0 1 1 0 0 0 0 0 0 0 0 0 0 0 1 0 1.58496250072116
"s__pettenkoferi" 0 0 0 0 0 0 0 0 0 0 0 0 0 0 0 0 0 0 0 0 0 0 0 0 0 0 0 0 0 0 0 0 0 0 0 0 0 0 0 0 0 0
"s__piscolens" 0 0 0 0 0 0 0 0 0 0 0 0 0 0 0 0 0 0 0 0 0 0 0 0 0 0 0 0 0 0 0 0 0 0 0 0 0 0 0 0 0 0
"s__plebeius" 0 0 0 0 0 4.95419631038687 0 0 0 0 1 0 6.37503943134692 0 1.58496250072116 0 2 0 0 1 0 0 0 0 3.90689059560852 0 0 0 0 0 0 0 0 0 2.32192809488736 0 0 0 0 0 0 0
"s__pneumotropica" 0 0 0 0 0 0 0 0 0 0 0 0 0 0 0 0 0 0 0 0 0 0 0 0 0 0 0 0 0 0 0 0 0 0 0 0 0 0 0 0 0 0
"s__porcinus" 2.58496250072116 0 0 0 0 1 0 0 2 0 1 0 0 0 3.58496250072116 0 0 0 0 0 0 0 0 0 0 0 0 0 0 0 6.4262647547021 0 0 0 0 1 0 0 0 0 0 1.58496250072116
"s__porphyrae" 0 0 0 0 0 0 0 0 0 0 0 0 0 0 0 0 0 0 0 0 0 0 0 0 0 0 0 0 0 0 0 0 0 0 0 0 0 0 0 0 0 0
"s__prausnitzii" 5.04439411935845 4.39231742277876 2 4.58496250072116 2.8073549220576 5.32192809488736 0 0 0 1 0 5.75488750216347 5.75488750216347 0 7.58496250072116 3 4.24792751344359 0 5.20945336562895 0 0 2.58496250072116 4.24792751344359 1 2.32192809488736 6.20945336562895 1.58496250072116 3 1 0 0 3.58496250072116 0 1 0 1.58496250072116 2.58496250072116 0 3 0 0 0
"s__producta" 0 0 0 0 0 1 0 0 0 1.58496250072116 0 0 3.70043971814109 0 0 0 0 0 3.16992500144231 0 0 0 0 2.32192809488736 2.58496250072116 0 4.95419631038687 0 0 0 0 1.58496250072116 0 0 1 1.58496250072116 2.8073549220576 1 0 0 0 0
"s__pseudolongum" 0 0 0 0 0 0 0 0 0 0 0 0 0 0 0 0 0 0 0 0 0 0 0 0 0 1.58496250072116 0 0 0 1.58496250072116 0 0 0 0 0 0 0 0 1 0 0 0
"s__psychrolactophilus" 0 0 0 4 0 0 0 0 0 0 0 2 0 0 1 0 0 0 0 1.58496250072116 0 0 2.8073549220576 0 0 0 0 1.58496250072116 0 0 0 0 0 0 0 0 0 0 0 0 0 0
"s__psychrophilus" 0 0 0 0 0 0 0 0 0 0 0 2.8073549220576 0 0 0 0 0 0 0 1 0 0 0 0 0 0 0 0 0 0 0 0 0 0 0 0 0 0 0 2 0 0
"s__psychrotolerans" 0 2.32192809488736 0 0 0 0 0 0 0 0 0 0 0 0 0 0 0 0 0 0 2.32192809488736 0 0 0 0 0 0 0 0 0 0 3.16992500144231 0 0 0 0 0 0 0 4.16992500144231 0 0
"s__pulmonis" 3 0 0 0 0 0 0 0 0 0 0 0 0 0 3.32192809488736 0 0 0 0 2 0 0 4.08746284125034 0 0 4 0 0 0 0 0 0 0 0 0 0 0 0 2.58496250072116 6.16992500144231 0 0
"s__ramosa" 0 0 0 0 0 0 0 0 0 0 0 0 0 0 0 0 0 0 0 0 0 0 0 0 0 0 0 0 0 0 0 0 0 0 0 0 0 0 0 0 0 0
"s__ramosum" 0 0 0 0 0 0 0 0 0 0 0 1 0 0 0 0 0 0 0 0 0 0 0 0 0 0 0 0 0 1 0 0 0 0 0 0 0 0 0 0 0 0
"s__rectus" 0 4.16992500144231 0 0 4.16992500144231 0 1.58496250072116 2.58496250072116 4 2.58496250072116 0 4.16992500144231 2.8073549220576 0 3.32192809488736 2.58496250072116 0 0 0 0 0 6.93073733756289 6.61470984411521 0 0 3.70043971814109 1 0 4.39231742277876 6.24792751344359 0 2 3.32192809488736 0 0 0 3.8073549220576 5.28540221886225 4.24792751344359 4.24792751344359 0 3.8073549220576
"s__reuszeri" 0 0 0 0 0 0 0 0 0 0 0 0 0 0 0 0 0 0 0 0 0 0 0 0 0 0 0 0 0 0 0 0 0 0 0 0 0 0 0 0 0 0
"s__reuteri" 0 0 0 0 0 0 0 0 0 0 0 0 0 0 0 0 0 0 0 0 0 0 0 0 0 0 0 0 0 0 0 0 0 0 0 0 0 0 0 0 0 0
"s__rhizophila" 0 4.32192809488736 2.8073549220576 0 3.90689059560852 3.16992500144231 6.06608919045777 2 2.58496250072116 0 0 4.75488750216347 5.85798099512757 5.4594316186373 4.24792751344359 3.16992500144231 0 0 0 0 2.8073549220576 1 0 2 2 0 1 6.59991284218713 3.8073549220576 7.16992500144231 5.6724253419715 0 3.4594316186373 0 4.95419631038687 1.58496250072116 2.32192809488736 1 3.8073549220576 6.75488750216347 0 7
"s__rhizosphaerae" 0 2.32192809488736 0 0 0 5.58496250072116 4.64385618977472 1 0 0 1.58496250072116 0 0 1 1.58496250072116 2.32192809488736 0 0 0 0 2.32192809488736 2.8073549220576 0 0 0 1.58496250072116 3.32192809488736 2.8073549220576 3.8073549220576 0 0 0 0 1 3.4594316186373 0 0 0 1.58496250072116 1 0 3.58496250072116
"s__rhizovicinus" 0 0 0 0 0 0 0 0 0 0 0 0 0 0 0 0 0 0 0 0 0 0 0 0 0 0 0 0 0 0 0 0 0 0 0 0 4.39231742277876 0 0 3.70043971814109 0 0
"s__Rickettsia" 0 0 0 0 0 0 0 0 0 0 0 0 0 0 0 0 0 0 0 0 0 0 0 0 0 0 0 0 0 0 0 0 0 0 0 0 0 0 0 0 0 0
"s__rimae" 0 0 0 0 0 0 2 0 0 0 0 0 0 0 5.04439411935845 0 0 0 0 0 0 4.64385618977472 0 0 0 0 0 0 0 0 0 0 0 0 0 2.58496250072116 0 3.58496250072116 0 0 4 3.4594316186373
"s__rosea" 0 0 0 0 0 0 0 0 0 0 3 1 0 0 0 0 0 0 0 0 0 0 1 2.32192809488736 0 4.90689059560852 1 0 0 0 0 3.4594316186373 0 1 0 2.32192809488736 0 0 0 5.4262647547021 0 0
"s__ruber" 0 0 0 0 0 0 0 0 0 0 0 0 0 0 0 0 0 0 0 0 0 0 0 0 0 0 0 0 0 0 0 0 1 0 0 0 0 0 0 0 0 0
"s__rugosa" 0 0 0 0 0 0 0 0 0 0 0 0 0 0 0 0 0 0 0 0 0 0 0 0 0 0 0 0 0 0 0 0 0 0 0 0 0 0 0 0 0 0
"s__ruminis" 0 0 0 0 0 0 0 0 0 0 0 0 0 0 0 0 0 0 0 0 0 0 0 0 0 0 0 0 1 0 0 0 0 0 0 0 0 0 0 0 0 0
"s__rumoiensis" 0 0 0 0 0 0 0 0 0 0 0 0 1.58496250072116 0 0 0 0 0 0 0 0 0 0 0 0 0 0 0 0 0 0 0 0 0 0 0 0 0 0 0 0 0
"s__ruthenica" 0 0 0 0 0 0 0 0 0 0 0 0 0 0 0 0 0 0 0 0 0 0 0 0 0 0 0 0 0 0 0 0 0 0 0 0 0 0 0 0 0 0
"s__saccharolyticum" 0 0 0 0 0 0 0 0 0 0 0 0 0 0 1 0 0 0 0 0 0 0 0 0 0 0 0 0 0 0 0 0 0 0 0 0 0 0 0 0 0 0
"s__salaria" 0 0 0 0 0 0 1 0 0 0 0 0 0 0 0 0 0 0 0 0 0 0 0 0 0 0 0 0 0 0 0 0 0 0 0 0 0 0 0 0 0 0
"s__salsilacus" 0 0 0 0 0 0 0 0 0 0 0 0 0 0 0 0 0 0 0 0 0 0 0 0 0 0 0 0 0 0 0 0 0 0 0 0 0 0 0 0 0 1
"s__SCA1145" 0 0 0 0 0 0 0 0 0 0 0 0 0 0 0 0 0 0 0 0 0 0 0 0 0 0 0 0 0 0 0 0 0 0 0 0 0 0 0 0 0 0
"s__SCA1170" 0 0 0 0 0 0 0 0 0 0 0 0 0 0 0 0 0 0 0 0 0 0 0 0 0 0 0 0 0 0 0 0 0 0 0 0 0 0 0 0 0 0
"s__schaedleri" 0 0 0 0 0 0 0 0 0 0 0 0 0 0 0 0 0 0 0 0 0 0 0 0 0 1.58496250072116 0 0 0 0 0 0 0 0 0 0 0 0 0 0 0 0
"s__schindleri" 5.83289001416474 6.93073733756289 5.32192809488736 6.62935662007961 6.96578428466209 6.59991284218713 6.68650052718322 5.8073549220576 6.12928301694497 6.59991284218713 7.52356195605701 5.32192809488736 6.53915881110803 6.20945336562895 4.70043971814109 6.4093909361377 7.53915881110803 7.36632221424582 7.4262647547021 6.10852445677817 6.84549005094437 6.4093909361377 6.62935662007961 7.33985000288462 7.55458885167764 6.58496250072116 7.37503943134692 6.59991284218713 7.33985000288462 6.95419631038687 6.22881869049588 7.14974711950468 7.24792751344359 7.35755200461808 7.72109918870719 5.70043971814109 6.14974711950468 6.89481776330794 7.12928301694497 7.25738784269265 5 5.97727992349992
"s__sciuri" 2 0 1 1 0 0 1.58496250072116 1 1.58496250072116 1 0 2.58496250072116 2.58496250072116 0 1.58496250072116 1.58496250072116 0 0 1.58496250072116 1 1 0 0 1 1 1.58496250072116 1.58496250072116 1.58496250072116 1.58496250072116 2 1 0 0 0 0 0 0 0 0 1 1 1.58496250072116
"s__segnis" 4.16992500144231 0 0 0 5 0 5 4.24792751344359 6.04439411935845 4.8073549220576 0 1 0 0 5.35755200461808 0 0 4.32192809488736 0 0 0 1 6.33985000288462 0 0 0 0 4 0 3.4594316186373 3.32192809488736 1 4.75488750216347 1.58496250072116 3.58496250072116 4.08746284125034 0 6.20945336562895 0 2.58496250072116 0 5.28540221886225
"s__selenatarsenatis" 0 0 0 0 0 0 0 0 0 0 0 0 0 0 0 0 0 0 0 0 0 0 0 0 0 0 0 0 0 0 0 0 0 0 0 0 0 0 0 0 0 0
"s__serinedens" 0 0 0 0 0 0 0 0 0 0 0 0 0 0 0 0 0 0 0 0 0 0 0 0 0 0 0 0 0 0 0 0 0 0 0 0 0 0 0 2 0 0
"s__shigelloides" 0 0 0 0 0 0 0 0 0 0 0 0 0 0 0 0 0 0 0 0 0 0 0 0 0 0 0 0 0 0 0 0 0 0 0 0 0 0 0 0 0 0
"s__simulans" 5.32192809488736 9.18239435340453 2.8073549220576 5.55458885167764 5.04439411935845 5.49185309632967 7.28540221886225 7.06608919045777 7.53915881110803 8.94251450533924 6.08746284125034 8.25266543245025 7.27612440527424 8.28540221886225 7.07681559705083 6.76818432477693 6.04439411935845 6.06608919045777 4 6.33985000288462 4.95419631038687 5.28540221886225 3.70043971814109 3.32192809488736 5.7279204545632 5.97727992349992 7.53915881110803 3.32192809488736 3.16992500144231 6.18982455888002 5.4594316186373 6.6724253419715 4.90689059560852 2.8073549220576 3.4594316186373 2.8073549220576 5.70043971814109 4.8073549220576 5.88264304936184 8.34429590791582 0 5.95419631038687
"s__socranskii" 0 0 0 0 0 0 0 0 3.16992500144231 0 0 0 0 0 2.32192809488736 0 0 0 0 0 0 4.58496250072116 3.32192809488736 0 0 0 0 0 2.58496250072116 0 0 0 0 0 0 0 0 2 0 0 0 0
"s__somerae" 0 0 0 0 0 0 0 0 0 0 0 0 0 0 0 0 0 0 0 0 0 0 0 0 0 0 0 0 0 0 0 0 0 0 0 0 0 0 0 0 0 0
"s__sphaeroides" 0 0 0 0 0 0 0 0 0 0 0 0 0 0 0 0 0 0 0 0 0 0 0 0 0 0 0 0 0 0 0 0 0 0 0 0 0 0 0 0 0 0
"s__stationis" 0 0 0 0 0 0 0 0 0 0 0 0 0 0 0 0 0 0 0 0 0 0 0 0 0 0 0 0 0 0 0 0 0 0 0 0 0 0 0 0 0 0
"s__stercorea" 0 0 0 0 0 0 0 0 0 1 0 0 0 4 0 0 0 0 1 0 0 0 0 0 2 3.58496250072116 0 0 0 0 0 0 0 0 0 0 0 0 0 0 0 0
"s__stercoris" 0 0 2.32192809488736 0 0 0 0 0 1 0 0 0 0 0 0 0 0 0 0 0 0 0 0 0 0 0 0 0 1.58496250072116 0 0 0 0 0 0 0 2.32192809488736 0 0 2 0 0
"s__stuartii" 0 0 0 0 0 0 3.8073549220576 0 0 0 0 0 0 0 0 0 0 0 0 0 0 0 0 4.16992500144231 0 0 0 0 0 0 0 0 0 0 0 0 0 0 0 0 0 0
"s__stutzeri" 1.58496250072116 2.58496250072116 1 2.32192809488736 0 4.16992500144231 5.35755200461808 3.58496250072116 4.8073549220576 3.58496250072116 5.52356195605701 1.58496250072116 1.58496250072116 0 1.58496250072116 4 4.08746284125034 0 0 2 3.32192809488736 3.16992500144231 4.52356195605701 3.58496250072116 4 4.75488750216347 0 3.16992500144231 5.08746284125034 1.58496250072116 0 3.8073549220576 2.8073549220576 3.90689059560852 4 1.58496250072116 4.08746284125034 2.58496250072116 4.08746284125034 5.28540221886225 1 5.58496250072116
"s__stygium" 0 0 1 0 2.58496250072116 3.4594316186373 0 0 2 0 0 0 0 0 2 1.58496250072116 0 3.32192809488736 2.8073549220576 0 0 0 0 0 0 3.32192809488736 2.58496250072116 1.58496250072116 2 0 3 0 2.58496250072116 3.32192809488736 0 0 0 3.16992500144231 0 4.90689059560852 0 1.58496250072116
"s__subflava" 5.6724253419715 5.90689059560852 2 7.19967234483636 6 4.75488750216347 5.83289001416474 8.3264294871223 9.66177809777199 2.58496250072116 7.77478705960117 7.28540221886225 5.7279204545632 4.95419631038687 9.21916852046216 5.08746284125034 4.08746284125034 5 2.32192809488736 3.16992500144231 4.95419631038687 7.88874324889826 5.4262647547021 6.44294349584873 4.16992500144231 10.9031286768123 2.32192809488736 7.71424551766612 5.49185309632967 8.03342300153745 8.8703647195834 4.32192809488736 5.97727992349992 5.12928301694497 5.52356195605701 6.39231742277876 6.3037807481771 3.58496250072116 6.02236781302845 7.59991284218713 3.16992500144231 8.51569983828404
"s__subterminale" 0 0 0 0 0 0 0 0 0 0 0 0 0 0 0 0 0 0 0 0 0 0 0 0 0 0 0 0 0 0 0 0 0 0 0 0 0 0 0 0 0 0
"s__subterranea" 0 3.16992500144231 4.64385618977472 0 0 2.8073549220576 0 4.08746284125034 1.58496250072116 0 1 0 0 1 3 2.8073549220576 0 0 1 0 0 0 0 0 1 3.8073549220576 0 0 0 0 0 0 3 1 8.08214904135387 0 0 0 0 2.58496250072116 1 5.52356195605701
"s__succinicans" 0 0 0 0 0 0 0 0 0 0 0 0 0 0 0 0 0 0 0 1 3.8073549220576 0 0 0 0 0 0 0 0 0 0 0 0 0 0 0 0 0 0 0 0 1.58496250072116
"s__succinus" 0 0 0 0 0 0 1 0 0 0 1 0 1 0 1 0 0 0 0 0 0 0 0 3 0 0 0 0 0 0 0 0 0 0 0 0 0 0 0 0 0 0
"s__sulfureus" 0 0 0 0 0 0 0 0 0 0 0 0 0 0 0 0 0 0 0 0 0 0 0 0 0 0 0 0 0 0 0 0 0 0 0 0 0 0 0 0 0 0
"s__tannerae" 1.58496250072116 3.16992500144231 0 0 0 0 2.8073549220576 1 3.8073549220576 1 0 0 0 0 4.75488750216347 0 0 0 0 0 0 8.12412131182919 2.58496250072116 0 0 4.32192809488736 3.32192809488736 0 0 2 0 4.24792751344359 1 0 1.58496250072116 1 2.58496250072116 6.62935662007961 0 0 0 4.39231742277876
"s__Taxon" 0 0 0 0 0 0 0 0 0 0 0 0 0 0 0 0 0 0 0 0 0 0 0 0 0 0 0 0 0 0 0 0 0 0 0 0 0 0 1 0 0 0
"s__tenuis" 0 0 0 0 0 0 0 0 0 0 1 0 0 0 0 0 0 0 0 0 0 0 0 0 0 0 0 0 0 0 0 0 0 0 0 0 0 0 0 0 0 0
"s__terrigena" 0 0 0 0 0 0 0 0 0 0 0 0 0 0 0 0 0 0 0 0 0 0 0 0 0 0 0 0 0 0 0 0 0 0 0 0 0 0 0 0 0 0
"s__tetani" 0 0 0 0 0 0 0 0 0 0 0 0 0 0 0 0 0 0 0 0 0 0 0 0 0 0 0 0 0 0 0 0 0 0 0 0 0 0 0 0 0 0
"s__thermoamylovorans" 0 0 0 0 0 0 0 0 0 0 0 0 0 0 0 0 0 0 0 0 0 0 0 0 0 0 0 0 0 0 0 0 0 0 0 0 0 0 0 0 0 0
"s__thermodenitrificans" 0 0 0 0 0 0 0 0 0 0 0 0 0 0 0 0 0 0 0 0 0 0 0 0 0 0 3.16992500144231 0 0 0 0 0 0 0 0 0 0 0 0 0 0 0
"s__toletana" 0 0 0 0 0 0 0 0 0 0 0 0 0 0 0 0 0 0 0 0 0 0 0 0 0 0 0 0 0 0 0 0 0 0 0 0 0 0 0 0 0 0
"s__torques" 0 0 0 0 0 0 0 0 0 0 0 0 0 0 1 0 0 0 0 0 0 0 0 0 0 0 0 0 0 0 0 0 0 0 0 0 0 0 0 0 0 0
"s__transvaalensis" 0 0 0 0 0 0 0 0 0 0 0 0 0 0 0 0 0 0 0 0 0 0 0 0 0 0 0 0 0 0 0 0 0 0 0 0 0 0 0 0 0 0
"s__tropica" 0 0 0 0 0 0 0 0 0 0 0 0 0 0 0 0 0 0 0 0 0 0 0 0 0 0 0 0 0 0 0 0 0 0 0 0 0 0 0 2 0 0
"s__umsongensis" 0 0 0 0 1 0 0 0 0 0 0 0 1 0 1 1 0 0 0 0 0 0 1 0 0 1 0 0 0 0 0 0 0 0 0 0 0 0 0 0 0 0
"s__uniformis" 3.90689059560852 4.39231742277876 0 4.08746284125034 2.32192809488736 2 3.58496250072116 0 0 1 0 3 1 0 4.39231742277876 6.56985560833095 3.16992500144231 0 0 0 1.58496250072116 1 5.49185309632967 1 3.8073549220576 6.84549005094437 3.4594316186373 1 2 0 3.58496250072116 3.32192809488736 0 1 1 0 2 1 4.8073549220576 0 0 0
"s__variabile" 2.32192809488736 1 0 0 0 0 0 0 0 2 0 1.58496250072116 0 1 0 0 0 1 0 1 0 0 0 0 0 0 1 0 0 0 0 2.32192809488736 1.58496250072116 0 0 0 1 0 1 2.58496250072116 0 0
"s__venetianus" 0 0 0 0 0 0 0 0 0 0 1 0 1 0 0 0 0 0 1.58496250072116 0 0 0 0 0 1 0 0 0 0 0 0 0 0 0 0 0 1 0 0 0 0 1
"s__veronii" 1 0 1 0 0 1 3.32192809488736 4.24792751344359 2.8073549220576 0 0 1 2.32192809488736 0 2.8073549220576 0 0 0 1 0 3.70043971814109 1 1.58496250072116 0 0 1 1 3.16992500144231 0 0 1 2.58496250072116 0 0 0 0 0 3.58496250072116 0 2.32192809488736 0 6.61470984411521
"s__versatilis" 0 0 0 0 0 0 0 0 0 0 0 0 0 0 0 0 0 0 0 0 0 0 0 0 0 0 0 0 0 0 0 0 0 0 0 0 0 0 0 0 0 0
"s__vestfoldensis" 0 0 0 0 0 0 0 0 0 0 0 0 0 0 0 0 0 0 0 0 0 0 0 0 0 0 0 0 0 0 0 0 0 0 0 0 0 0 0 0 0 0
"s__viridans" 0 0 0 0 0 0 0 0 0 0 1 0 0 0 0 0 0 0 0 0 0 0 0 0 0 0 0 0 0 0 0 0 0 0 0 0 0 0 0 0 0 0
"s__viridescens" 0 0 0 0 0 0 0 2.32192809488736 0 0 0 0 4.95419631038687 0 0 0 0 0 0 0 0 0 0 0 0 0 0 0 0 0 0 0 0 0 0 0 0 0 0 0 0 2
"s__viridiflava" 0 0 0 0 0 1 3.16992500144231 8.86418614465428 0 0 0 0 2 0 0 0 0 0 0 1.58496250072116 1.58496250072116 2 0 0 0 0 3 1 0 0 1 2 0 0 0 0 0 1.58496250072116 1 0 0 5.4262647547021
"s__wittichii" 0 2.58496250072116 0 0 0 0 0 0 0 0 0 1 0 0 0 1 0 0 0 2 2.8073549220576 0 0 0 0 0 0 0 0 0 2.58496250072116 4.24792751344359 0 0 0 4.85798099512757 0 0 0 0 0 2
"s__xenophagum" 0 0 0 0 0 0 0 0 0 0 0 0 0 0 0 0 0 0 0 0 0 0 0 0 0 0 0 0 0 0 0 0 0 0 0 0 0 0 0 0 0 0
"s__yabuuchiae" 0 1.58496250072116 2 0 0 0 0 1.58496250072116 3.16992500144231 0 0 3 3.58496250072116 0 3.58496250072116 2 0 0 1 2.8073549220576 1 0 2 0 0 0 1.58496250072116 0 0 4 0 0 0 1 0 0 2 0 0 1.58496250072116 0 2.32192809488736
"s__yanoikuyae" 0 1 0 0 1 0 0 0 0 0 0 1 0 0 0 0 0 0 0 0 0 0 1.58496250072116 0 0 0 1 0 0 0 0 0 0 0 0 0 0 1 0 0 1 0
"s__zavarzinii" 0 0 0 0 0 0 0 0 0 0 0 0 0 0 0 0 0 0 0 0 0 3 0 0 0 0 0 0 0 0 0 0 0 0 0 0 0 0 0 0 0 0
"s__zeae" 0 0 0 0 0 0 2.58496250072116 0 5.4594316186373 0 0 0 0 0 0 0 0 0 0 0 0 0 1.58496250072116 0 0 0 0 0 0 0 2 1.58496250072116 0 0 0 0 0 0 2 0 0 0
"s__zeaxanthinifaciens" 2 0 0 0 0 3.4594316186373 0 2.32192809488736 0 0 0 1 0 0 2 0 0 0 0 0 0 0 0 1 0 0 0 0 0 0 3.4594316186373 0 0 0 5.4594316186373 1 0 0 2.58496250072116 0 0 5.78135971352466
