"Salti.Forehead" "Northwind.Forehead" "Stannes.Forehead" "Dias.Forehead" "Caravel.Forehead" "Buckinghan.Forehead" "Willowbe.Forehead" "Misty.Forehead" "Nyack.Forehead" "Bulls.Forehead" "Delmore.Forehead" "Elmira.Forehead" "Bjorkland.Forehead" "Overton.Forehead" "Charmark.Forehead" "Erlandson.Forehead" "Edenfield.Forehead" "Maryjane.Forehead" "Gigi.Forehead" "Devenwood.Forehead" "Zambom.Forehead" "Sandale.Forehead" "Foothill.Forehead" "Cedarhurst.Forehead" "Quinapoxet.Forehead" "Digregorio.Forehead" "Lassell.Forehead" "Balcom.Forehead" "Witch.Forehead" "Ronald.Forehead" "Eisenhower.Forehead" "Noel.Forehead" "Purchade.Forehead" "Slades.Forehead" "Burne.Forehead" "Bows.Forehead" "Brae.Forehead" "Claudett.Forehead" "Milne.Forehead" "Barefoot.Forehead" "Larcridge.Forehead" "Menekish.Forehead" "January.Forehead"
"s__acidaminiphila" 0 0 0 0 0 0 0 0 0 0 0 0 0 0 0 0 0 0 0 0 0 0 0 0 0 0 0 0 0 0 0 0 0 0 0 0 0 0 0 0 0 0 0
"s__acnes" 11.610563503925 4.8073549220576 7.51569983828404 6.94251450533924 7.34872815423108 2.32192809488736 7.8073549220576 8.69696752623429 4.8073549220576 10.90989308377 10.4584066132365 10.4522412404308 3.58496250072116 9.08746284125034 1 9.53332973230583 12.2422809503024 10.5245417150358 6.7279204545632 9.54689445988764 11.1065629404449 7.49185309632967 6.35755200461808 6.70043971814109 9.56414948998573 5.88264304936184 11.297489501161 9.82177398197057 1.58496250072116 5.32192809488736 7.32192809488736 10.8703647195834 8.29462074889163 10.007027266894 6.98868468677217 11.2070143201775 9.82813648419411 11.0161118382205 7.98299357469431 6.56985560833095 10.0223678130285 4.75488750216347 10.2082343583398
"s__adhaesivum" 0 0 0 0 0 1.58496250072116 3.58496250072116 1 2 0 0 3.8073549220576 2 1 4.39231742277876 2 2.58496250072116 1 2.8073549220576 3.90689059560852 1 0 3.90689059560852 0 3.32192809488736 1 0 0 0 0 0 2.32192809488736 0 0 0 2.32192809488736 2 0 0 0 5.12928301694497 2.58496250072116 1
"s__adolescentis" 0 0 2 0 0 0 1.58496250072116 1 1 0 0 0 0 0 0 2 0 0 0 2.32192809488736 1 1.58496250072116 0 1 0 0 0 0 0 0 0 0 0 2.32192809488736 0 2.58496250072116 0 0 0 0 0 0 0
"s__aeria" 4.90689059560852 4.52356195605701 7.94836723158468 7.54689445988764 4.70043971814109 2.32192809488736 6.39231742277876 2.58496250072116 6.39231742277876 3.70043971814109 1 5.4262647547021 8.25266543245025 2.8073549220576 0 0 4.08746284125034 3.16992500144231 2.8073549220576 1 2.58496250072116 2.58496250072116 4.32192809488736 5.28540221886225 3.58496250072116 2.32192809488736 5.12928301694497 0 3.16992500144231 0 0 2 0 3.16992500144231 0 0 0 3.4594316186373 2 0 0 0 0
"s__aerofaciens" 0 0 1 0 0 0 0 0 0 0 0 0 0 0 0 0 0 0 0 0 0 0 0 2.32192809488736 0 0 1.58496250072116 0 0 0 0 0 0 1 0 0 0 0 1.58496250072116 0 0 0 0
"s__agalactiae" 0 1 0 0 0 0 0 0 0 0 0 3.8073549220576 0 0 3 1 0 0 0 0 0 0 0 3.58496250072116 0 2 0 0 0 0 5.90689059560852 0 0 0 0 0 0 0 0 0 0 0 1
"s__aggregatus" 0 2 3 2 0 0 2.58496250072116 0 3.4594316186373 2.32192809488736 0 5.35755200461808 3.58496250072116 0 0 0 0 3.90689059560852 0 0 0 0 3.32192809488736 0 0 0 1.58496250072116 0 0 0 2.8073549220576 2.8073549220576 0 0 0 0 0 1.58496250072116 0 2 0 1 0
"s__agilis" 0 0 0 0 0 0 0 0 0 0 0 0 0 0 0 0 0 0 0 0 0 0 0 0 0 0 0 0 0 0 0 0 0 0 0 0 0 0 0 0 0 0 0
"s__ahygroscopicus" 0 0 0 0 0 0 0 0 0 0 0 0 0 1.58496250072116 2.32192809488736 0 0 0 0 0 0 0 0 0 0 0 0 0 0 0 0 0 0 0 0 0 0 0 0 0 0 0 0
"s__alaskensis" 1.58496250072116 0 0 0 0 0 0 0 0 0 0 0 0 0 0 0 1.58496250072116 0 0 0 0 0 0 0 0 0 0 0 0 0 0 0 0 0 0 0 0 0 0 0 1.58496250072116 0 0
"s__albidocapillata" 0 0 0 0 0 0 0 0 0 0 0 0 0 0 0 0 0 0 0 0 0 0 0 1 0 0 0 0 0 0 0 0 0 0 0 0 0 0 0 0 0 0 0
"s__alcaligenes" 0 0 0 0 0 0 1.58496250072116 0 0 0 0 0 0 0 0 0 0 0 0 0 0 0 0 0 0 0 0 0 0 0 0 0 0 0 0 0 0 0 0 0 0 0 0
"s__alkalitolerans" 0 0 0 0 0 0 0 0 0 0 0 0 0 0 4.58496250072116 0 0 0 0 0 0 0 1 2 0 0 0 0 0 0 0 0 0 0 0 1 0 0 0 0 0 0 0
"s__aminovorans" 3 1 0 3 0 0 4.24792751344359 3.70043971814109 0 1 0 4.4594316186373 2 0 0 0 2 0 1.58496250072116 0 0 0 2.58496250072116 4.58496250072116 3.4594316186373 0 0 3.4594316186373 2.8073549220576 0 0 0 3 0 0 0 5.20945336562895 1 0 1.58496250072116 3.32192809488736 0 0
"s__amylolyticus" 0 0 0 0 0 0 0 0 0 0 0 0 0 0 0 0 0 0 0 0 0 0 0 0 0 0 0 0 0 0 0 0 0 0 0 1 0 0 0 0 0 0 0
"s__amylovorum" 0 0 0 0 0 0 0 0 0 0 0 0 0 0 0 0 0 0 0 0 0 2.58496250072116 0 0 0 0 0 0 0 0 0 0 0 0 0 0 0 0 0 0 0 0 0
"s__anaerobius" 0 0 0 2.58496250072116 0 0 0 0 0 0 0 0 0 0 2.8073549220576 0 0 0 0 0 0 0 1.58496250072116 0 0 1.58496250072116 0 1 0 0 0 0 0 0 0 2 0 0 0 0 1 0 0
"s__andropogonis" 1 1 1.58496250072116 0 1 1.58496250072116 2 0 1 1.58496250072116 1.58496250072116 1 1 0 0 0 1 1 0 0 1 0 0 0 1 0 1 1 1 1 1 0 1.58496250072116 0 0 1.58496250072116 0 1 0 1.58496250072116 0 1.58496250072116 0
"s__anginosus" 0 1 2.32192809488736 1 2 0 0 4.4594316186373 1 4.24792751344359 0 3.8073549220576 0 0 4 0 0 0 0 0 2.58496250072116 3 0 3.8073549220576 3.32192809488736 1.58496250072116 4 0 0 0 0 0 0 3 0 3.58496250072116 0 0 0 0 1.58496250072116 0 0
"s__animalis" 0 0 0 0 0 0 0 0 0 0 0 0 0 0 0 0 0 0 0 0 0 0 0 0 0 0 0 0 0 0 0 0 0 0 0 0 0 0 0 0 0 0 0
"s__aquatilis" 0 0 0 0 0 0 0 0 0 0 0 0 0 0 0 0 0 0 0 0 0 0 0 0 0 0 0 0 0 0 0 0 0 0 0 0 0 0 0 0 1 0 0
"s__arupense" 0 0 0 0 0 0 0 0 0 0 0 0 0 0 0 0 0 0 0 0 0 0 0 0 0 0 0 0 0 0 0 0 0 0 0 0 0 0 0 0 0 0 0
"s__arvensicola" 0 0 0 0 0 0 0 0 0 0 0 0 0 0 0 0 0 0 0 0 0 0 0 0 0 0 0 0 0 0 0 0 0 0 0 0 0 0 0 0 0 0 0
"s__asini" 0 0 0 1 0 0 0 0 0 0 0 0 0 0 0 0 0 0 0 0 0 0 0 0 0 0 0 0 0 0 0 0 0 0 0 0 0 0 0 0 0 0 0
"s__aureum" 0 0 0 0 0 0 2.32192809488736 0 1.58496250072116 1 0 1 3 0 1 0 3 0 0 0 0 0 1.58496250072116 0 1.58496250072116 2 0 0 1 1 0 0 0 0 2 0 2 0 0 0 0 0 2
"s__aureus" 4 1.58496250072116 4.08746284125034 2.32192809488736 3.70043971814109 1.58496250072116 5.08746284125034 4.39231742277876 2 2.8073549220576 6.32192809488736 4.08746284125034 6.55458885167764 3.90689059560852 2.32192809488736 2 5.4262647547021 0 0 1.58496250072116 4.52356195605701 4.95419631038687 4.58496250072116 2 3 3.4594316186373 3.70043971814109 2.32192809488736 0 1.58496250072116 2 5.83289001416474 0 3.16992500144231 2 5.90689059560852 2.8073549220576 3.58496250072116 1 3.8073549220576 4.4594316186373 1 2
"s__aurum" 0 0 0 0 0 0 1 0 0 0 0 0 0 0 0 0 0 0 0 0 0 0 0 0 0 0 0 0 0 0 0 0 0 0 0 0 0 0 0 0 0 0 0
"s__autotrophicus" 0 0 0 0 0 0 0 0 0 0 0 0 0 0 0 0 0 0 0 0 0 0 0 2 0 0 0 0 0 0 0 0 0 0 0 0 0 0 0 0 0 0 0
"s__bacteriovorus" 0 0 1 0 0 0 0 0 0 0 0 0 0 0 0 0 0 0 0 0 0 0 0 0 0 0 0 0 0 0 0 0 0 0 0 0 0 0 0 0 0 0 0
"s__balearica" 0 0 0 0 0 0 0 0 0 0 0 0 0 0 0 0 0 0 0 0 0 0 0 0 0 0 0 0 0 0 0 0 0 0 0 0 0 0 0 0 0 0 0
"s__barengoltzii" 0 0 0 0 0 0 0 0 0 0 0 0 0 0 0 0 0 0 0 0 0 0 0 0 0 0 0 0 0 0 0 0 1.58496250072116 0 0 0 0 0 0 0 0 0 0
"s__bifida" 0 0 0 0 0 0 0 0 0 0 0 1 0 1.58496250072116 0 0 0 0 0 0 0 0 1.58496250072116 2.58496250072116 0 0 0 0 0 0 0 0 1.58496250072116 2 0 0 0 0 0 0 0 0 0
"s__bifidum" 0 0 0 0 0 0 0 0 0 0 0 0 0 0 0 0 0 0 0 0 0 0 0 0 0 0 0 0 0 0 0 1 0 0 0 0 0 0 0 0 0 0 0
"s__biforme" 0 0 0 0 0 0 0 0 0 0 0 0 0 0 0 0 0 0 1.58496250072116 0 0 0 0 4.58496250072116 0 0 0 0 0 0 0 0 0 0 0 0 0 0 0 0 0 1 0
"s__biprosthecium" 0 0 0 0 0 0 0 0 0 0 0 0 0 0 0 0 0 0 0 0 0 0 0 0 0 0 0 0 0 0 0 0 0 0 0 0 0 0 0 0 0 0 0
"s__bispora" 0 0 0 0 0 0 0 0 0 0 0 0 0 0 0 0 0 0 0 0 0 0 0 0 0 0 0 0 0 0 0 0 0 0 0 0 0 0 0 0 0 0 0
"s__boronitolerans" 0 0 0 0 0 0 0 0 0 1 0 1 0 0 0 0 0 0 0 0 0 0 0 0 0 0 0 0 0 0 0 0 0 0 0 0 0 0 0 0 0 0 0
"s__bowmanii" 0 0 0 0 0 0 0 0 0 0 0 0 0 0 0 0 0 0 0 0 0 0 0 0 0 0 0 0 0 0 0 0 0 0 0 0 0 0 0 0 0 0 0
"s__brevis" 2 0 0 0 0 0 0 0 0 0 0 0 0 0 0 0 0 0 0 0 0 0 0 0 0 0 0 0 0 0 0 0 0 0 0 0 0 0 0 0 0 0 0
"s__bryantii" 0 0 0 0 0 0 0 0 0 0 0 0 0 0 0 0 0 0 0 0 0 0 0 0 0 0 0 0 0 0 0 0 0 0 0 0 0 0 0 0 0 0 0
"s__bryophila" 0 0 0 0 0 0 0 0 0 0 0 0 0 0 0 0 0 0 0 0 0 0 0 2.58496250072116 0 0 0 0 0 0 0 1.58496250072116 0 0 0 0 0 0 0 0 0 0 0
"s__C21_c20" 0 0 0 0 2.58496250072116 0 0 0 0 0 0 0 0 0 0 0 0 0 0 0 0 0 0 0 0 0 0 0 0 0 0 0 0 0 0 0 0 0 0 0 0 0 0
"s__caccae" 0 0 0 0 0 0 0 0 0 0 0 0 0 0 0 0 0 0 0 0 0 0 0 0 0 0 0 0 0 0 0 0 0 0 0 0 0 0 0 0 0 0 0
"s__caeni" 0 0 0 0 0 0 0 0 0 0 0 0 0 0 0 0 0 0 0 0 0 0 0 0 0 0 0 0 0 0 0 0 0 0 0 0 0 0 0 0 0 0 0
"s__campisalis" 0 0 0 0 0 0 0 0 0 0 0 0 0 0 0 0 0 0 0 0 0 0 0 0 0 0 0 0 0 0 0 0 0 0 0 0 0 0 0 0 0 0 0
"s__canimorsus" 0 0 0 0 0 0 0 0 0 3.90689059560852 0 0 0 0 0 0 0 0 0 0 0 0 0 0 0 0 0 0 0 0 0 0 0 0 0 0 0 0 0 0 0 0 0
"s__cateniformis" 0 0 0 0 0 0 0 0 0 0 0 0 0 0 0 0 0 0 0 0 0 0 0 0 0 0 0 0 0 0 0 0 0 0 0 0 0 0 0 0 0 0 0
"s__catus" 0 0 0 0 0 0 0 0 0 0 0 0 0 0 0 0 0 0 0 0 0 0 0 0 0 0 0 0 0 0 0 0 0 0 0 0 0 0 0 0 0 0 0
"s__cecorum" 0 0 0 0 0 0 0 0 0 0 0 0 0 0 0 0 0 0 0 0 0 0 0 0 0 0 0 0 0 0 0 0 0 0 0 0 0 0 0 0 0 0 0
"s__celatum" 0 0 0 0 0 0 0 0 0 0 0 0 0 0 0 0 0 0 0 0 0 0 0 0 0 0 0 0 0 0 0 0 0 0 0 0 0 0 0 0 0 0 0
"s__celer" 0 0 0 0 0 0 0 0 0 0 0 0 0 0 0 0 0 0 0 0 0 0 0 0 0 0 0 0 0 0 0 0 0 0 0 0 0 0 0 0 0 0 0
"s__cellulosum" 0 0 0 0 0 0 0 0 0 0 0 0 0 0 0 0 0 0 0 0 0 0 0 0 0 0 0 0 0 0 0 0 0 0 0 0 0 0 0 0 0 0 0
"s__chitinolyticus" 0 0 0 0 0 0 0 0 0 0 0 0 0 0 0 0 0 0 0 0 0 0 0 0 0 0 0 0 0 0 0 0 0 0 0 0 0 0 0 0 0 0 0
"s__chondroitinus" 0 0 0 0 0 0 0 0 0 0 0 0 0 0 0 0 0 0 0 0 0 0 0 0 0 0 0 0 0 0 0 0 0 0 0 0 0 0 0 0 0 0 0
"s__cinerea" 2.8073549220576 3.32192809488736 2.32192809488736 7.02236781302845 4.52356195605701 0 2.8073549220576 3 1.58496250072116 3.70043971814109 1.58496250072116 3 3.32192809488736 5.61470984411521 1.58496250072116 1.58496250072116 1.58496250072116 1 1.58496250072116 1 0 5 1.58496250072116 5.08746284125034 1.58496250072116 0 2.58496250072116 1 3.4594316186373 0 2 0 1 1 1 1.58496250072116 0 1.58496250072116 1.58496250072116 1.58496250072116 1 1 0
"s__citronellolis" 0 0 0 0 0 0 0 0 0 0 0 1 0 0 0 0 0 0 0 0 0 0 0 0 0 0 0 0 0 0 0 0 0 0 0 0 0 0 0 0 0 0 0
"s__clausii" 0 0 0 0 0 0 0 0 0 0 0 0 0 0 0 0 0 0 0 0 0 0 0 0 0 0 0 0 0 0 0 0 0 0 0 0 0 0 0 0 0 0 0
"s__coagulans" 0 0 0 0 0 0 0 0 0 0 0 0 0 0 0 0 0 0 0 0 0 0 0 0 0 0 0 0 0 0 0 0 0 0 0 0 0 0 0 0 0 0 0
"s__coleohominis" 0 0 0 0 0 0 0 0 0 1 0 0 0 0 0 0 0 0 0 0 0 0 0 0 0 0 0 0 0 0 0 0 0 0 0 0 0 0 0 0 0 0 0
"s__copri" 3.4594316186373 3.90689059560852 4.16992500144231 4.08746284125034 1 3.16992500144231 4.8073549220576 3 3.70043971814109 6.56985560833095 3.4594316186373 0 2.32192809488736 10.4167975276061 3.8073549220576 3.32192809488736 2 0 2.8073549220576 1 1 3.32192809488736 2 8.50382573799575 4.64385618977472 0 4.70043971814109 1.58496250072116 2.58496250072116 1 0 2 3 0 3.16992500144231 2.58496250072116 1 2.58496250072116 3.32192809488736 3.90689059560852 3.58496250072116 2.58496250072116 0
"s__cosmopolitanus" 0 0 0 0 0 0 0 0 0 0 0 0 0 0 0 0 0 0 0 0 0 0 0 0 0 0 0 0 0 1.58496250072116 0 0 0 0 0 0 0 0 0 1.58496250072116 0 0 0
"s__cryaerophilus" 0 0 0 0 0 0 0 0 0 0 0 0 0 0 0 0 0 0 0 0 0 0 0 0 0 0 0 0 0 0 0 0 0 0 0 0 0 0 0 0 0 0 0
"s__cryoconitis" 0 0 0 0 0 0 0 0 2.58496250072116 0 0 0 0 0 0 0 0 0 3.16992500144231 0 0 0 0 0 0 0 0 0 0 0 0 0 2.58496250072116 0 0 0 0 0 0 0 0 0 0
"s__curvus" 0 0 0 0 0 0 0 1 0 0 1 0 0 0 0 0 0 0 0 0 0 0 0 1 0 0 0 0 0 0 0 0 0 0 0 0 0 0 0 0 0 0 0
"s__delafieldii" 0 0 0 0 0 0 0 0 0 0 0 0 0 0 0 0 1 0 0 0 0 0 0 0 0 0 0 1.58496250072116 0 0 0 0 0 0 0 0 0 0 0 0 0 0 0
"s__delbrueckii" 0 0 0 0 0 0 0 0 0 0 0 0 0 0 0 0 0 0 0 0 0 0 0 0 0 0 0 0 0 0 0 0 0 0 0 0 0 0 0 0 0 0 0
"s__dentocariosa" 3.70043971814109 5.88264304936184 5.97727992349992 12.2012050072995 6.02236781302845 0 5.83289001416474 4.39231742277876 7.69348695749933 4.90689059560852 7.85174904141606 5 6.33985000288462 3.90689059560852 4 7.21916852046216 5.93073733756289 4.64385618977472 5 6.12928301694497 4.16992500144231 6.2667865406949 8.4594316186373 8.02790599656988 4.95419631038687 1 6.16992500144231 1.58496250072116 0 3.8073549220576 5.4262647547021 3.70043971814109 3 4.32192809488736 0 3 1.58496250072116 4.32192809488736 0 4.39231742277876 4 0 1
"s__diminuta" 0 0 0 0 0 0 0 6.88264304936184 0 0 3.16992500144231 2.32192809488736 2.32192809488736 0 0 0 0 0 2 0 0 0 0 1 2.58496250072116 0 0 6.12928301694497 0 5.39231742277876 0 1.58496250072116 0 2.8073549220576 0 0 0 0 0 2.32192809488736 0 0 0
"s__dispar" 8.71080643369935 11.0881256921882 6.33985000288462 8.46352437327118 6.22881869049588 2.32192809488736 5.08746284125034 7.15987133677839 6.56985560833095 8.7279204545632 5 4.8073549220576 6.33985000288462 11.9121408562957 6.53915881110803 10.0808175276083 6.04439411935845 6 4.64385618977472 3.16992500144231 3.16992500144231 7.89481776330794 3.16992500144231 7.10852445677817 3.8073549220576 3.8073549220576 6.91886323727459 7.37503943134692 4 5.93073733756289 6.16992500144231 3.16992500144231 3.32192809488736 3.90689059560852 2.8073549220576 4.39231742277876 1.58496250072116 2.8073549220576 2.8073549220576 5.64385618977472 5.8073549220576 3 4
"s__dispersa" 0 0 0 0 0 0 0 0 0 0 0 0 0 0 0 0 0 0 0 0 0 0 0 0 0 0 0 0 0 0 0 0 0 0 0 0 0 0 0 0 0 0 0
"s__distasonis" 0 1 0 0 0 0 3 2.8073549220576 0 0 3 0 0 0 0 0 2 0 0 0 0 0 0 3.4594316186373 0 0 1 4 0 0 0 0 0 0 0 1 0 0 0 0 0 0 0
"s__doebereinerae" 0 0 0 0 0 0 0 0 0 0 0 0 0 0 0 0 0 0 0 0 0 0 0 0 0 0 0 0 0 0 0 0 0 0 0 0 0 0 0 0 0 0 0
"s__dolichum" 0 0 0 0 3.8073549220576 0 0 0 0 0 0 0 0 0 0 0 0 0 0 0 0 0 0 2 0 0 0 2 0 0 0 0 2 0 0 0 0 2.58496250072116 0 0 2.8073549220576 0 0
"s__durum" 6.22881869049588 5.58496250072116 4.75488750216347 8.60733031374961 2 2.32192809488736 4.08746284125034 4.16992500144231 4.39231742277876 3.8073549220576 4.58496250072116 5.58496250072116 8.91288933622996 2 3 5.75488750216347 4.32192809488736 0 1.58496250072116 3.32192809488736 2.58496250072116 5.61470984411521 8.1548181090521 5.4262647547021 4.39231742277876 0 3.4594316186373 4.24792751344359 4.75488750216347 0 0 1 2.8073549220576 2.32192809488736 0 3.16992500144231 0 0 1 0 1 0 0
"s__echinoides" 0 0 2 2 0 0 0 0 0 0 0 0 0 0 0 0 0 0 0 0 0 2.32192809488736 0 0 0 1.58496250072116 2.58496250072116 1.58496250072116 0 0 0 0 0 0 0 0 0 0 0 0 1 1 0
"s__effusa" 1 0 0 1 0 0 0 0 0 0 0 0 0 0 0 0 0 0 0 0 0 0 0 0 0 0 0 1 0 0 0 0 0 0 0 0 0 0 0 0 0 0 0
"s__eggerthii" 0 0 0 0 0 0 0 3.16992500144231 0 0 0 0 1 0 0 0 0 1 0 0 0 0 1.58496250072116 0 0 0 0 0 0 0 1 0 0 0 0 0 0 0 0 0 1 0 2.32192809488736
"s__eikelboomii" 0 0 0 0 0 0 0 0 0 0 0 0 0 0 0 0 0 0 0 0 0 0 0 0 0 0 0 0 0 0 0 0 0 0 0 0 0 0 0 0 0 0 0
"s__elegans" 0 0 0 0 0 0 0 0 0 0 0 0 0 0 0 0 0 0 0 0 0 0 0 0 0 0 0 0 0 0 0 0 0 0 0 0 0 0 0 0 0 0 0
"s__elkanii" 0 0 0 0 0 0 0 0 0 0 0 0 0 0 0 0 0 0 0 0 0 0 0 0 1 0 0 0 0 0 0 0 0 0 0 0 1 0 0 0 0 0 0
"s__endodontalis" 0 0 0 0 0 0 0 2.32192809488736 0 4.39231742277876 2.8073549220576 3.90689059560852 0 0 0 0 0 0 0 0 0 2.8073549220576 2.32192809488736 2 0 0 0 0 1.58496250072116 0 0 2 0 0 0 0 0 0 0 0 3.4594316186373 0 0
"s__endophyticus" 0 0 0 0 0 0 0 0 2 0 0 1 0 0 0 0 0 0 0 0 0 0 0 0 0 0 0 0 0 3.32192809488736 0 0 0 0 0 0 0 0 0 0 0 0 0
"s__enterica" 0 0 0 0 0 0 0 0 0 0 0 0 0 0 0 0 0 0 0 0 0 0 0 0 0 0 0 0 0 0 0 0 0 0 0 2 0 0 0 0 0 0 0
"s__epidermidis" 3.90689059560852 2.32192809488736 3.16992500144231 2 3 0 5.24792751344359 4.4594316186373 1 3.16992500144231 6.53915881110803 3.58496250072116 6.14974711950468 2.32192809488736 1 1.58496250072116 5.61470984411521 0 0 1.58496250072116 4.16992500144231 5.24792751344359 3.70043971814109 1.58496250072116 2.8073549220576 3.58496250072116 2.8073549220576 2 0 0 1 6.24792751344359 1 3.8073549220576 1 8.51569983828404 3.4594316186373 3.32192809488736 1 4 3.8073549220576 1 2
"s__equi" 0 0 0 1 0 0 2 0 1 0 0 0 1 0 0 0 0 0 0 0 0 0 0 0 0 0 0 0 0 0 0 0 0 0 0 0 0 0 0 0 0 0 0
"s__equorum" 1 1.58496250072116 1.58496250072116 0 1.58496250072116 0 1 0 0 0 3.32192809488736 1.58496250072116 1.58496250072116 0 0 0 2.58496250072116 0 0 0 2 0 2 0 0 1 1 1.58496250072116 0 0 0 2.8073549220576 0 0 0 3.16992500144231 0 0 0 0 1 0 0
"s__europaeus" 0 0 0 0 0 0 0 0 0 0 0 0 0 0 0 0 0 0 0 0 0 0 0 0 0 0 0 0 0 0 0 0 0 0 0 0 0 0 0 0 4.8073549220576 0 0
"s__exhalans" 0 0 0 0 0 0 0 0 0 0 0 2 0 0 0 0 0 0 0 0 0 0 0 0 0 0 0 0 0 0 0 0 0 0 0 0 0 0 0 0 0 0 0
"s__faecis" 0 0 4 0 0 0 0 1 0 0 0 0 0 0 0 0 1 0 0 0 1 1 0 1.58496250072116 0 0 0 0 0 0 0 0 0 0 0 1 0 0 0 0 0 0 0
"s__faecium" 0 1.58496250072116 0 2 0 0 0 0 1 3 2.32192809488736 1.58496250072116 0 3 0 0 0 0 3.32192809488736 0 0 0 0 0 0 0 0 0 0 0 0 0 0 0 0 0 0 0 0 0 0 0 0
"s__fascians" 1 0 0 0 0 0 3 0 0 0 1.58496250072116 0 2 0 1.58496250072116 0 0 0 0 0 0 0 0 3.70043971814109 1.58496250072116 0 0 0 0 0 2 1.58496250072116 0 0 0 2 0 0 0 0 0 0 0
"s__firmus" 0 0 0 0 0 0 0 0 0 0 0 0 0 1 0 0 0 0 0 0 0 0 0 0 0 0 0 0 0 0 0 0 0 0 0 0 0 0 0 0 0 0 0
"s__fischeri" 0 0 0 0 0 0 0 0 0 0 0 0 0 0 0 0 0 0 0 0 0 0 0 0 0 0 0 0 0 0 0 0 0 0 0 0 0 0 0 0 0 0 0
"s__flavefaciens" 0 0 0 0 0 0 0 0 0 0 0 0 0 0 0 0 0 0 0 0 0 0 0 0 0 0 0 0 0 0 0 0 0 0 0 0 0 0 0 0 0 0 0
"s__flexus" 1 0 2 0 2.58496250072116 0 2.58496250072116 3.4594316186373 0 1.58496250072116 4 4 4.39231742277876 2.32192809488736 0 0 3.4594316186373 0 1 3.32192809488736 3.8073549220576 3.4594316186373 2.32192809488736 1 1 1.58496250072116 0 0 0 1 1 3.32192809488736 0 1.58496250072116 0 4.32192809488736 1.58496250072116 0 0 2.32192809488736 1.58496250072116 0 1
"s__formigenes" 0 0 0 0 0 0 0 0 0 0 0 0 0 0 0 0 0 0 0 0 0 0 0 0 0 0 0 0 0 0 0 0 0 0 0 0 0 0 0 0 0 0 0
"s__fragi" 3.32192809488736 3.90689059560852 1 2.8073549220576 1.58496250072116 1.58496250072116 0 2.58496250072116 6.62935662007961 0 2.8073549220576 3.32192809488736 9.10590850857116 0 3 0 2.32192809488736 0 4.75488750216347 0 2 1.58496250072116 3.32192809488736 6.02236781302845 3.32192809488736 6.98868468677217 2.32192809488736 3.4594316186373 1 0 0 2 3.16992500144231 0 1.58496250072116 6.76818432477693 0 2 0 0 2.8073549220576 0 0
"s__fragilis" 1 0 0 1 1 1.58496250072116 0 1 0 0 3 1.58496250072116 0 1 0 0 0 0 1 0 0 1 0 1 4 0 2 1 1 0 1 1 1 1.58496250072116 0 0 0 1 0 0 1.58496250072116 0 0
"s__fulvum" 0 0 0 0 0 0 0 0 0 0 0 0 0 0 0 0 0 0 0 0 0 0 0 0 1 0 0 0 0 0 0 0 0 0 0 0 0 0 0 0 0 0 0
"s__fusca" 0 0 0 0 0 0 0 0 0 0 0 0 0 0 0 0 0 0 0 0 0 0 0 0 0 0 0 1.58496250072116 0 0 0 0 0 0 0 0 0 0 0 0 0 0 0
"s__gargensis" 0 0 0 0 0 0 0 0 0 0 0 0 0 0 0 0 0 0 0 0 0 0 0 0 0 0 0 0 0 0 0 0 0 0 0 0 0 0 0 0 2.32192809488736 0 0
"s__garvieae" 0 0 0 0 0 0 0 0 0 0 0 0 0 0 0 0 0 0 0 0 0 0 0 0 0 0 0 0 0 0 0 0 0 0 0 0 0 0 0 0 0 0 0
"s__gelatinosus" 0 0 2.58496250072116 1.58496250072116 1 2.32192809488736 2.32192809488736 1 0 2 2 1 1 1.58496250072116 2 2 2 2.32192809488736 0 2 1.58496250072116 0 0 1 1 1 2 1.58496250072116 1 1 2 1 1 1 0 1 0 2.32192809488736 0 1 2.32192809488736 1 0
"s__genomosp." 0 0 0 0 0 0 0 0 0 0 0 0 0 0 0 0 0 0 0 0 0 0 0 0 0 0 0 0 0 0 0 0 0 0 0 0 0 0 0 0 0 0 0
"s__genosp." 0 0 0 0 0 0 0 0 1.58496250072116 0 0 0 0 0 1 0 0 2 0 0 0 0 0 0 0 0 0 0 0 0 0 0 0 0 0 2.32192809488736 0 0 0 0 0 0 0
"s__geothermalis" 0 0 0 0 0 0 0 0 0 0 0 0 0 0 0 0 0 0 0 0 0 0 0 0 0 0 0 0 0 0 0 0 0 0 0 0 0 0 0 0 0 0 0
"s__gibsonii" 0 0 0 0 0 0 0 0 0 0 0 0 1 0 0 0 0 0 0 0 0 0 0 0 0 0 0 0 0 0 0 0 0 0 0 0 0 0 0 0 0 0 0
"s__ginsengihumi" 0 0 0 0 0 0 0 0 0 0 0 0 0 0 0 0 0 0 0 0 0 0 0 0 1 0 0 0 0 0 0 0 0 0 0 0 0 0 0 0 0 0 0
"s__gladioli" 0 0 0 0 0 0 0 0 0 0 2.32192809488736 0 0 0 0 0 0 0 0 0 0 0 0 0 0 0 0 0 0 0 0 0 0 0 0 0 0 0 0 0 0 0 0
"s__gnavus" 0 1 0 0 0 0 0 1.58496250072116 0 0 3.32192809488736 0 1 0 0 2 1 0 0 1 0 3.4594316186373 3.16992500144231 4.32192809488736 0 0 0 2.58496250072116 2.58496250072116 2.32192809488736 0 0 2 0 0 2 0 0 1 1 2 0 0
"s__granuli" 0 0 0 0 0 0 0 0 0 0 0 0 0 0 0 0 0 0 0 0 0 0 0 0 0 0 0 0 0 0 0 0 0 0 0 0 0 0 0 0 0 0 0
"s__granulosum" 1 0 2 0 1 0 1.58496250072116 4 0 0 3.58496250072116 0 2.32192809488736 1.58496250072116 0 0 4 2.32192809488736 0 1 3.16992500144231 2.32192809488736 2.58496250072116 2.8073549220576 3.90689059560852 0 1.58496250072116 1.58496250072116 0 0 0 3.90689059560852 0 1 0 2.8073549220576 3.90689059560852 1 0 0 1.58496250072116 0 2
"s__gubbeenense" 0 0 0 0 0 0 0 0 0 0 0 0 0 0 0 0 0 0 0 0 0 0 0 0 0 0 0 0 0 0 0 0 0 0 0 0 0 0 0 0 0 0 0
"s__guillouiae" 0 0 0 1 0 0 0 0 0 0 0 0 0 0 0 0 0 0 0 0 0 0 0 1 0 0 0 0 0 0 0 0 0 0 0 0 0 0 0 1 0 0 0
"s__haemolyticus" 0 0 2 0 2 0 1 2 0 1.58496250072116 2.8073549220576 1 2.8073549220576 0 0 0 1.58496250072116 0 0 0 0 2 2.32192809488736 0 0 1 0 0 0 0 0 2.58496250072116 0 1 0 2 0 0 0 0 2 0 0
"s__haemoperoxidus" 0 0 0 1.58496250072116 0 0 0 0 0 0 0 1 0 2.58496250072116 0 1 0 0 0 0 0 0 0 0 1 0 0 0 0 0 0 0 0 0 0 0 0 0 0 0 0 0 0
"s__halodurans" 0 0 0 0 0 0 0 0 0 0 0 0 0 0 0 0 0 0 0 0 0 0 0 0 0 0 0 0 0 0 0 0 0 0 0 0 0 0 0 0 0 0 0
"s__halophobica" 0 0 0 0 0 0 0 0 0 0 0 0 0 0 0 0 0 0 0 0 0 0 0 0 0 0 0 0 0 0 0 0 0 0 0 0 0 0 0 0 0 0 0
"s__hiranonis" 0 0 0 0 0 0 0 0 0 0 0 2 0 0 0 0 0 0 0 0 0 0 0 3.90689059560852 0 0 0 0 1 0 0 0 0 0 0 0 0 0 0 0 0 0 0
"s__huakuii" 0 0 0 0 0 0 0 0 0 0 0 0 0 0 0 0 0 0 0 0 0 0 0 0 0 0 0 0 0 0 0 0 0 0 0 0 0 0 0 0 0 0 0
"s__humi" 0 0 0 0 0 0 0 0 0 0 0 0 0 0 0 0 0 0 0 0 0 0 0 0 0 0 0 0 0 0 0 0 0 0 0 0 0 0 0 0 0 0 0
"s__hydrocarbonoclasticus" 0 0 0 0 0 0 0 0 0 0 0 0 0 0 0 0 0 0 0 0 0 0 0 0 0 0 0 0 0 0 0 0 0 0 0 0 0 0 0 0 0 0 0
"s__hyovaginalis" 0 1.58496250072116 0 0 0 0 0 0 0 0 0 0 0 2 0 0 0 0 0 0 0 1.58496250072116 0 0 0 0 0 0 0 0 0 0 1 0 0 0 0 0 0 0 0 0 0
"s__hypermegale" 0 0 0 0 0 0 0 0 0 0 0 0 0 0 0 0 0 0 0 0 0 0 0 0 0 0 0 0 0 0 0 0 0 0 0 0 0 0 0 0 0 0 0
"s__ichthyoenteri" 0 0 0 0 0 0 0 0 0 0 0 0 0 0 0 0 0 0 0 0 0 0 0 0 0 0 0 0 0 0 0 0 0 0 0 0 0 0 0 0 0 0 0
"s__indoligenes" 0 0 0 0 0 0 0 0 0 0 0 0 0 0 0 0 0 0 0 0 0 0 0 0 0 0 0 0 0 0 0 0 0 0 0 0 1 0 0 0 3 0 0
"s__iners" 0 0 2.8073549220576 5.32192809488736 0 0 0 2.32192809488736 0 2 1 5.04439411935845 4.08746284125034 2 0 0 1 0 1.58496250072116 0 0 3.16992500144231 2 0 0 0 0 0 0 0 0 0 0 0 0 5.70043971814109 0 3.70043971814109 0 2.32192809488736 8.7176764230664 0 0
"s__infantis" 2.58496250072116 2.58496250072116 1.58496250072116 2.32192809488736 0 1 0 1 0 0 1 0 0 2.58496250072116 1 2.58496250072116 1 1 1 0 0 1.58496250072116 1 1.58496250072116 0 0 1.58496250072116 1 0 0 0 0 0 0 0 0 0 0 0 0 0 0 0
"s__influenzae" 1 0 0 0 0 0 0 0 0 0 1 4.75488750216347 0 0 0 8.10852445677817 0 0 0 0 0 0 0 0 0 0 0 0 0 0 2.8073549220576 0 0 0 0 4.08746284125034 0 0 0 0 0 0 0
"s__insecticola" 0 0 0 0 0 0 0 0 0 0 0 0 0 0 0 0 0 0 0 0 0 0 0 0 0 0 0 0 0 0 0 0 0 0 0 0 0 0 0 0 0 0 0
"s__intermedia" 0 0 0 0 3.70043971814109 0 0 0 0 3.32192809488736 0 0 2.32192809488736 0 0 0 0 4.4594316186373 0 0 0 0 0 0 0 0 0 0 0 0 0 1 0 0 0 2.58496250072116 0 0 0 0 0 0 0
"s__intermedium" 0 0 0 0 0 0 0 0 0 0 0 0 0 0 0 0 0 0 0 0 0 0 0 0 0 0 0 0 0 0 0 0 0 0 0 0 0 0 0 0 0 0 0
"s__invocatus" 0 0 0 0 0 0 0 0 0 0 0 0 0 0 0 0 0 0 0 0 0 0 0 0 0 0 0 0 0 3.4594316186373 0 0 0 0 0 0 0 0 0 0 0 0 0
"s__jenensis" 0 0 0 0 0 0 0 0 0 0 0 0 0 0 0 0 0 0 0 0 0 0 0 0 0 0 0 0 0 0 0 0 0 0 0 0 0 0 0 0 0 0 0
"s__johnsonii" 11.7553048882624 11.8719052376592 13.7301516731733 13.137471503352 13.5868397879618 13.1722712290547 14.3328757311527 12.6073303137496 12.8938703047851 13.5364900731992 13.3484515374071 13.4998458870832 12.5533893047216 12.5622424242211 14.3527331494979 13.0833131086508 13.7963438571963 14.5245417150358 11.0063260785249 14.1682803688587 13.4381420777437 10.7976615258538 13.0363453517407 11.8336807486547 13.486835021563 12.3125993788626 13.7350270798026 13.7197096693902 12.8986013874039 13.9260179563565 14.4404150104652 12.3459595964041 11.8447057644119 13.1739893741665 13.6697708885255 12.9006781587434 13.0024634388925 13.9897492754621 12.9406806484241 14.5871328935562 13.5437568533759 13.5511074140668 12.1611318829843
"s__kashmirensis" 0 0 0 0 0 0 0 3.32192809488736 0 0 0 0 0 0 0 0 0 0 1 0 0 0 0 1 0 0 0 0 0 0 0 0 0 0 0 0 0 0 0 0 0 0 0
"s__kestanbolensis" 0 0 0 0 0 0 0 0 0 0 0 0 0 0 0 2.58496250072116 0 2 0 0 0 2.58496250072116 2 3 0 0 1 0 3 1 0 0 0 3 0 1 1.58496250072116 0 0 2 0 0 0
"s__komagatae" 0 0 0 0 0 0 0 0 0 0 0 0 0 0 0 0 0 0 1 0 3.16992500144231 0 0 2.32192809488736 0 0 0 0 0 0 0 0 0 0 0 0 0 0 0 0 0 2.58496250072116 0
"s__kroppenstedtii" 5.78135971352466 7.4757334309664 3.90689059560852 1 0 0 2.8073549220576 3.90689059560852 0 2.8073549220576 2 6.3037807481771 3.58496250072116 3.16992500144231 1.58496250072116 0 0 0 11.0306671362469 4.90689059560852 0 7.53915881110803 0 10.6537407787066 0 8.27146302790437 0 0 0 0 0 0 7.18982455888002 0 0 1.58496250072116 3.90689059560852 10.5961897561444 11.047123912114 0 0 1 13.6345841934937
"s__kuhniae" 0 0 0 0 0 0 0 0 0 0 0 0 0 0 0 0 0 0 0 0 0 0 5.20945336562895 0 0 0 0 0 0 0 3.32192809488736 0 0 0 0 0 0 0 0 0 0 0 0
"s__kujiense" 0 0 0 0 0 0 0 0 0 0 0 0 0 0 0 0 0 0 0 0 2 0 0 0 0 0 0 0 0 0 0 0 0 0 0 0 0 0 0 0 0 0 0
"s__lanatus" 0 0 0 0 0 0 0 0 0 0 0 0 0 0 0 0 0 0 0 0 0 0 0 0 0 0 0 0 0 0 0 0 0 0 0 0 0 0 0 0 0 0 0
"s__larsenii" 0 0 0 0 0 0 0 0 0 0 0 0 0 0 0 0 0 0 0 0 0 0 0 0 0 0 0 0 0 0 0 0 0 0 0 0 0 0 0 0 0 0 0
"s__lautus" 0 0 0 0 0 0 0 0 1 0 0 0 0 0 0 0 0 0 0 0 0 0 0 0 0 0 0 0 0 0 0 0 0 0 0 0 0 0 0 0 0 0 0
"s__leguminosarum" 0 0 0 0 0 0 3.16992500144231 0 0 0 0 0 0 0 0 0 0 0 0 0 0 0 0 0 0 0 0 0 0 0 0 0 0 0 0 0 0 0 0 0 0 0 0
"s__lenta" 0 0 0 0 0 0 0 0 0 0 0 0 0 0 0 0 0 0 0 0 0 0 0 0 0 0 0 0 0 0 0 0 0 0 0 0 0 0 0 0 0 0 0
"s__lividum" 0 1 1 2 0 1 1 0 1 1.58496250072116 0 0 0 0 0 0 0 0 1 0 0 0 1 1.58496250072116 0 0 0 0 0 0 0 0 1 1 0 2 0 0 0 0 0 0 0
"s__luteciae" 0 0 0 0 0 0 0 0 0 0 0 0 0 0 0 0 0 0 0 0 0 0 0 0 0 0 0 0 0 0 0 0 0 0 0 0 0 0 0 0 0 0 0
"s__luteus" 4.95419631038687 3 3.8073549220576 2 1.58496250072116 4.95419631038687 6.06608919045777 3.16992500144231 3.70043971814109 12.1195896207411 3.70043971814109 6 6.2667865406949 0 7.52356195605701 3 5.12928301694497 0 4.08746284125034 0 1 1 6.94251450533924 4.8073549220576 7.35755200461808 2 4.4594316186373 2 5.90689059560852 2.8073549220576 2.8073549220576 3.90689059560852 2 2.8073549220576 0 0 9.38801728534514 4 3.4594316186373 5 5.95419631038687 0 0
"s__lwoffii" 0 4.52356195605701 0 2 0 0 0 0 0 1 0 1 1.58496250072116 2.32192809488736 1 1.58496250072116 0 0 0 0 0 0 0 8.98299357469431 0 0 0 2 0 4.08746284125034 0 1 1 0 1.58496250072116 0 0 0 0 0 0 0 0
"s__macerans" 0 0 0 0 0 0 0 0 0 0 0 0 0 0 0 0 0 0 0 0 0 0 0 0 0 0 0 0 0 0 0 0 0 0 0 0 0 0 0 0 0 0 0
"s__maitriensis" 0 0 0 0 0 0 0 0 0 0 0 0 0 0 0 0 0 0 0 0 0 0 0 0 0 0 0 0 0 0 0 0 0 0 0 0 0 0 0 0 0 0 0
"s__marcescens" 0 0 0 0 0 0 0 0 0 0 0 0 0 0 0 0 0 0 0 0 1.58496250072116 0 0 0 0 0 0 0 0 0 0 0 0 0 1 2.8073549220576 0 0 0 0 0 0 0
"s__marisflavi" 0 0 0 0 0 0 0 0 0 0 0 0 0 0 0 0 0 0 0 0 0 0 0 0 0 0 0 0 0 0 0 0 0 0 0 0 0 0 0 0 0 0 0
"s__maritypicum" 0 0 0 0 0 0 0 0 0 0 0 0 0 0 0 0 0 0 0 0 0 0 0 0 0 0 0 0 0 0 0 0 0 0 0 0 0 0 0 0 0 0 0
"s__mastitidis" 0 0 0 0 0 0 0 0 0 0 0 0 0 0 1 0 0 0 0 0 0 0 0 0 0 0 0 0 0 0 0 0 0 0 0 0 0 0 0 0 0 0 0
"s__mazei" 0 0 0 0 0 0 0 0 0 0 0 0 0 0 0 0 0 0 0 0 0 0 0 0 0 0 0 0 0 0 0 0 0 0 0 0 0 0 0 0 0 0 0
"s__melaninogenica" 4.64385618977472 10.0728025345442 5.32192809488736 6.83289001416474 4.08746284125034 0 5.12928301694497 7.59245703726808 5.08746284125034 7.94251450533924 3.8073549220576 4.08746284125034 2.8073549220576 11.4496645384762 5.4594316186373 7.68650052718322 5.49185309632967 6.64385618977472 0 2.8073549220576 1 5.95419631038687 1 6.79441586635011 3.32192809488736 3.8073549220576 5.85798099512757 6.10852445677817 2 1 5.28540221886225 4.08746284125034 2 4.39231742277876 2 6.10852445677817 0 1 2 6.24792751344359 2.32192809488736 2.58496250072116 2
"s__melopsittaci" 0 0 0 0 0 0 0 0 0 0 0 0 0 0 0 0 0 0 0 0 0 0 0 0 0 0 0 0 0 0 0 0 0 0 0 0 0 0 0 0 0 0 0
"s__meningoseptica" 0 0 0 0 2 0 0 0 0 0 0 2 0 0 0 0 0 0 0 0 0 0 2.58496250072116 0 0 0 0 0 0 0 0 0 0 0 0 0 0 0 0 0 0 0 0
"s__mephitis" 0 0 0 0 0 0 0 0 0 0 0 0 0 0 0 0 0 0 0 0 0 0 0 0 0 0 0 0 0 0 0 0 0 0 0 0 0 0 0 0 0 0 0
"s__mesenteroides" 0 0 0 1 0 0 0 3.70043971814109 3.4594316186373 0 2 0 0 0 0 0 0 2 1 0 0 0 0 0 0 0 0 0 0 0 0 0 0 0 0 4.85798099512757 0 0 0 0 2.8073549220576 0 0
"s__metschnikovii" 0 0 0 0 0 0 0 0 0 0 0 0 0 0 0 0 0 0 0 0 0 0 0 0 0 0 0 0 0 0 0 0 0 0 0 0 0 0 0 0 0 0 0
"s__mexicana" 0 0 0 0 0 0 0 0 0 0 0 0 0 0 0 0 0 0 0 0 0 0 0 0 0 0 0 0 0 3.58496250072116 0 0 0 0 0 0 0 0 0 0 0 0 0
"s__michiganensis" 0 0 0 0 0 0 0 0 0 0 2 0 0 0 0 0 1 0 1 0 0 1 2.58496250072116 0 0 0 0 0 3 0 0 0 0 0 0 3.16992500144231 2 0 0 0 0 0 0
"s__mobilis" 1.58496250072116 0 0 0 0 0 0 0 1 0 0 0 0 0 0 1 0 0 1.58496250072116 0 0 1.58496250072116 0 0 2.32192809488736 1.58496250072116 0 0 0 0 0 0 0 0 0 0 0 0 2.32192809488736 0 0 0 0
"s__modestum" 0 0 0 0 0 0 0 0 0 0 0 0 0 0 0 0 0 0 0 0 0 0 0 1 0 0 0 0 0 0 0 0 0 0 0 0 0 0 0 0 0 0 0
"s__moniliformis" 0 0 0 0 0 0 0 0 0 0 0 0 0 0 0 0 0 0 0 0 0 0 1 0 0 0 0 0 0 0 0 0 0 0 0 0 0 0 0 0 0 0 0
"s__moorei" 0 6.7279204545632 2.58496250072116 5.16992500144231 0 0 0 1 3.70043971814109 0 4.39231742277876 2 0 7.98299357469431 2.32192809488736 0 2 0 0 0 0 3 0 2.8073549220576 0 0 1.58496250072116 0 0 0 0 2.32192809488736 0 0 0 0 0 0 1.58496250072116 4.39231742277876 0 1 0
"s__morganii" 0 0 0 0 0 0 0 0 0 0 0 0 0 0 0 0 0 0 0 0 0 0 0 0 0 0 0 0 0 0 0 0 0 0 0 0 0 0 0 0 0 0 0
"s__mucilaginosa" 5.64385618977472 2.32192809488736 4.4594316186373 5.85798099512757 6.4262647547021 1.58496250072116 4.4594316186373 4.16992500144231 5.24792751344359 8.14465824283188 7.92481250360578 7.23840473932508 3.4594316186373 9.87344411251538 4.39231742277876 7.59245703726808 7.31288295528436 5.04439411935845 1.58496250072116 3.58496250072116 6.65821148275179 7.876516946565 4.90689059560852 5.08746284125034 4.95419631038687 4.75488750216347 7.13955135239879 5.32192809488736 4.52356195605701 4.64385618977472 2.58496250072116 4.85798099512757 3.4594316186373 5.4594316186373 0 3.16992500144231 0 5.55458885167764 2.32192809488736 5.75488750216347 4.64385618977472 1 2
"s__muciniphila" 0 0 0 0 4.52356195605701 3 0 3.4594316186373 1 0 0 0 0 0 1 0 0 0 0 0 3.16992500144231 0 1 0 0 0 1 0 3 0 0 0 1 0 0 0 0 0 0 0 1 0 0
"s__mucosa" 0 0 2.32192809488736 0 0 4.32192809488736 3.4594316186373 0 0 0 0 0 0 0 3.16992500144231 0 0 0 0 0 0 0 0 1 0 0 0 0 0 0 0 0 0 0 0 2 5.83289001416474 0 4.24792751344359 0 0 0 0
"s__mucosae" 0 0 0 0 0 0 0 0 0 0 0 0 0 1 0 0 0 0 0 0 0 0 0 0 0 0 0 0 0 0 0 0 0 0 0 0 0 0 0 0 0 0 0
"s__multivorum" 0 0 0 0 0 3 0 1 0 0 4.90689059560852 1.58496250072116 0 0 2 0 1 0 0 2 0 0 0 5.4262647547021 0 0 0 0 1 4.75488750216347 0 2 0 2 0 4.24792751344359 0 0 2.58496250072116 0 1.58496250072116 0 0
"s__multocida" 0 0 0 0 0 0 0 0 0 0 0 3 0 0 0 0 0 0 0 0 0 0 2 0 0 0 0 0 0 3.70043971814109 0 0 0 0 0 0 0 0 0 0 0 0 0
"s__muralis" 0 0 0 0 0 0 0 0 0 0 0 0 0 0 0 0 0 0 0 0 0 0 0 0 0 0 0 0 0 0 0 0 0 0 0 0 0 0 0 0 3.16992500144231 0 0
"s__nanceiensis" 3 2 2 0 3.70043971814109 1 3.90689059560852 1.58496250072116 0 0 3.70043971814109 0 3.4594316186373 7.09803208296053 3.58496250072116 6.56985560833095 5.12928301694497 0 0 0 0 5 0 2.58496250072116 0 3.32192809488736 2.8073549220576 0 0 0 3.90689059560852 0 0 1.58496250072116 0 1 0 0 0 3.90689059560852 1 0 0
"s__natatoria" 0 0 0 0 0 0 0 0 0 0 0 0 0 0 0 0 0 0 0 0 0 0 0 0 1 0 0 0 0 1 0 0 0 0 0 0 0 0 0 0 0 0 0
"s__neonatale" 0 0 0 0 0 0 0 0 0 0 0 0 0 0 0 0 0 0 0 0 0 0 0 0 0 0 0 0 0 0 0 0 0 0 0 0 0 0 0 0 0 0 0
"s__nigrescens" 3.8073549220576 9.21431912080077 2.8073549220576 5.4262647547021 4.75488750216347 1.58496250072116 3.4594316186373 3.58496250072116 3 5.12928301694497 2.58496250072116 4.64385618977472 1 2.58496250072116 3.4594316186373 5 2 0 0 0 0 6.39231742277876 0 4.8073549220576 0 0 4.08746284125034 0 0 0 0 0 1 0 2 1 0 0 0 2 3.16992500144231 0 0
"s__nitroreducens" 0 2 0 0 0 0 0 0 0 0 0 5.35755200461808 1.58496250072116 0 1.58496250072116 0 0 0 0 0 0 0 0 0 0 0 0 0 0 0 0 0 0 0 0 0 5.20945336562895 0 0 0 0 0 0
"s__noxia" 0 10.1623913287569 1.58496250072116 3.58496250072116 2.32192809488736 0 0 3.90689059560852 3.16992500144231 0 3 0 0 0 3.32192809488736 4.16992500144231 0 0 0 0 0 4.32192809488736 0 2 0 0 2 0 0 0 0 1.58496250072116 0 0 0 0 0 0 0 0 0 0 0
"s__obscurus" 0 0 0 0 0 0 0 0 0 0 0 0 0 0 0 0 0 0 0 0 0 0 0 0 0 0 0 0 0 0 0 0 0 0 0 0 0 0 0 1 0 0 0
"s__ochracea" 2.58496250072116 9.04712391211403 2.8073549220576 5.04439411935845 3.16992500144231 0 0 4.64385618977472 4.64385618977472 2.32192809488736 0 0 3 0 0 0 3.58496250072116 2.32192809488736 1 0 0 2.58496250072116 0 2.58496250072116 0 0 0 2 1.58496250072116 0 2.32192809488736 0 1.58496250072116 2 0 1.58496250072116 0 1.58496250072116 0 0 1 0 0
"s__odoratimimus" 0 0 0 0 0 0 0 0 2.58496250072116 0 0 0 0 0 0 0 2.58496250072116 0 0 0 0 0 2 0 0 0 0 1 0 0 0 0 0 0 0 0 2.32192809488736 0 0 0 1 0 1
"s__organophilum" 0 0 0 0 0 0 0 0 0 0 0 0 0 0 0 0 0 0 0 0 0 0 0 0 0 0 0 0 0 0 0 0 0 0 0 0 0 0 0 0 0 0 0
"s__otitis" 0 0 0 3.32192809488736 0 0 0 0 0 0 0 0 0 0 4.58496250072116 3.16992500144231 0 0 0 0 0 7.91288933622996 0 0 1 0 0 0 0 0 0 0 0 1 0 0 0 0 0 0 0 0 0
"s__ovatus" 0 1.58496250072116 0 0 1 0 1 2.58496250072116 0 0 1 1 0 0 0 0 0 1 0 0 1.58496250072116 0 1 0 0 0 3.16992500144231 0 0 0 1 1 0 0 0 1 0 1 0 1 1 0 0
"s__p-1630-c5" 0 0 0 0 0 0 0 0 0 0 0 0 0 0 0 0 0 0 0 0 0 0 0 0 0 0 0 0 0 0 0 0 0 0 0 0 0 0 0 0 0 0 0
"s__pachnodae" 0 0 0 0 0 0 0 0 0 0 0 0 0 0 0 0 0 0 0 0 0 0 0 0 0 0 0 0 0 0 0 0 0 0 0 0 0 0 0 0 0 0 0
"s__pallens" 2.58496250072116 2.32192809488736 2 1.58496250072116 0 0 4.16992500144231 3.58496250072116 4 5.70043971814109 4.39231742277876 1 1.58496250072116 9.07948478382682 2.58496250072116 3.32192809488736 2.32192809488736 3.4594316186373 0 0 0 1.58496250072116 0 2.58496250072116 1 0 4.16992500144231 0 0 0 0 2.58496250072116 0 0 0 3.32192809488736 0 0 0 3 0 0 0
"s__palleronii" 0 0 0 0 0 0 0 0 0 0 0 0 0 0 0 0 0 1 0 0 0 0 0 0 0 0 0 0 0 0 0 0 0 0 0 0 0 0 0 0 0 0 0
"s__palustris" 0 0 0 0 0 0 3 0 0 0 0 0 0 0 0 0 0 0 0 0 0 0 0 0 1 0 0 0 0 0 0 0 1 0 0 1.58496250072116 1 0 1 0 1 0 0
"s__paradoxus" 1 1 3.58496250072116 0 0 2.58496250072116 0 2.8073549220576 0 2.58496250072116 0 5.78135971352466 1.58496250072116 0 3.32192809488736 0 1 0 0 0 2.32192809488736 2.32192809488736 3.58496250072116 2.58496250072116 1 0 1 0 3 4.85798099512757 0 1 2 0 0 0 0 0 0 3.58496250072116 3.8073549220576 0 0
"s__parahaemolyticus" 1 0 0 0 0 0 0 3.16992500144231 0 0 0 0 1 2.58496250072116 0 5.85798099512757 0 0 0 2.8073549220576 0 0 0 1 0 2.32192809488736 0 1 0 0 0 1 0 0 0 0 0 0 0 0 0 0 0
"s__parainfluenzae" 9.66355810421727 8.6724253419715 9.50581155391959 8.4757334309664 7.06608919045777 2 7.29462074889163 6.10852445677817 4.52356195605701 8.4178525148859 9.08746284125034 7.27612440527424 7.54689445988764 10.9476369379518 4.70043971814109 11.7797193551434 7.39231742277876 6.4093909361377 5.97727992349992 6.6724253419715 6.04439411935845 9.46352437327118 7.4178525148859 5.20945336562895 7.21916852046216 5.12928301694497 9.75822321472672 7.45121111183233 6.37503943134692 5.12928301694497 6.71424551766612 6.08746284125034 4.39231742277876 4.90689059560852 4.32192809488736 5.08746284125034 2 5.20945336562895 3.90689059560852 6.94251450533924 4 3 4.70043971814109
"s__parvula" 7.21916852046216 7.31288295528436 5.28540221886225 8.02790599656988 5.4262647547021 0 5.52356195605701 5.58496250072116 3.90689059560852 5.4594316186373 5.90689059560852 5.70043971814109 5.16992500144231 9.46964181723952 4.64385618977472 8.26209484537018 5.58496250072116 0 1.58496250072116 0 0 6.71424551766612 4.24792751344359 6.79441586635011 5.4594316186373 3 5.4262647547021 3.4594316186373 5 5.24792751344359 5.20945336562895 4.16992500144231 2 4.90689059560852 1.58496250072116 4.4594316186373 2 1 1 6.8073549220576 4.90689059560852 2.32192809488736 1
"s__pasteurianum" 0 0 0 0 0 0 0 0 0 0 0 0 0 0 0 0 0 0 0 0 0 0 0 0 0 0 0 0 0 0 0 0 0 0 0 0 0 0 0 0 0 0 0
"s__paucivorans" 0 0 0 0 0 0 0 6.59991284218713 0 0 0 0 2 2.32192809488736 0 0 0 1 0 0 0 1 0 3.70043971814109 0 0 0 0 0 0 0 0 4 1.58496250072116 0 0 0 0 0 2.32192809488736 0 0 0
"s__perfringens" 0 0 0 0 0 0 0 0 0 0 1 0 0 0 0 0 0 0 0 0 0 0 0 0 0 0 0 0 0 0 0 0 0 0 0 0 0 0 0 0 0 0 0
"s__petroleiphilum" 0 3 0 0 2 2 0 0 0 1 0 0 0 2.58496250072116 1 0 0 0 0 0 2.32192809488736 0 0 0 0 1 4.52356195605701 0 1 0 0 1.58496250072116 0 0 0 0 0 0 0 0 0 0 0
"s__pettenkoferi" 0 0 0 0 0 0 0 0 0 0 0 0 0 0 0 0 0 0 0 0 0 0 0 0 0 0 0 0 0 0 0 1 0 0 0 0 0 0 0 0 0 0 0
"s__plebeius" 0 0 0 0 0 0 0 0 0 0 0 0 0 0 0 0 0 0 0 1 1 1 0 0 0 1 0 0 0 0 0 0 0 0 0 0 0 0 0 0 1.58496250072116 0 0
"s__porcinus" 0 0 0 0 0 0 0 0 0 0 0 0 0 0 0 2.58496250072116 0 0 0 0 0 0 0 0 2.58496250072116 0 0 0 0 0 0 0 0 0 0 0 0 0 0 0 0 0 0
"s__porphyrae" 0 0 0 0 0 0 0 0 0 0 0 0 0 0 0 0 0 0 0 0 0 0 0 0 0 0 0 0 0 0 0 0 0 0 0 0 0 0 0 0 0 0 0
"s__prausnitzii" 1 1 3.4594316186373 0 0 2.32192809488736 1 2.32192809488736 0 1 2 3.32192809488736 0 0 0 1.58496250072116 0 0 0 0 3.58496250072116 0 4.24792751344359 5.28540221886225 4 1.58496250072116 0 1 0 1 0 0 2.8073549220576 0 3 0 0 0 0 1 0 0 0
"s__producta" 1.58496250072116 0 2 2 4.16992500144231 0 2.8073549220576 0 0 0 0 2.8073549220576 0 1.58496250072116 0 0 0 3.32192809488736 0 0 3.32192809488736 1 0 1.58496250072116 0 1 0 0 3.90689059560852 2.32192809488736 0 0 0 2 2.32192809488736 0 0 0 2.58496250072116 0 0 0 1.58496250072116
"s__pseudolongum" 0 0 0 0 0 0 0 0 0 0 0 0 0 0 0 0 0 0 0 0 0 0 0 0 0 0 0 0 0 0 0 0 0 0 0 0 0 0 0 0 0 0 0
"s__psychrolactophilus" 0 0 0 2.32192809488736 0 0 0 0 0 0 0 0 1 0 0 0 0 0 0 0 0 0 0 0 0 0 0 0 0 0 0 0 0 0 0 2.32192809488736 2 0 0 0 0 0 0
"s__psychrophilus" 0 0 0 0 0 0 0 0 0 0 0 0 0 0 0 0 0 0 0 0 0 0 0 0 0 0 0 0 0 0 0 0 2.58496250072116 0 0 0 0 0 0 0 0 0 0
"s__psychrotolerans" 0 0 1.58496250072116 0 0 0 0 0 0 0 0 0 0 0 0 0 0 4.58496250072116 0 0 0 0 0 0 0 0 0 0 0 0 0 0 0 0 0 0 0 0 0 0 0 0 0
"s__pulmonis" 0 0 0 0 0 0 0 0 0 0 3.70043971814109 0 1.58496250072116 0 0 1 4.8073549220576 2.32192809488736 0 1 2 1 0 1 3.90689059560852 3.16992500144231 0 0 0 0 0 2 0 0 1 2 0 0 0 0 4.4594316186373 0 0
"s__ramosa" 0 0 0 0 0 0 0 0 0 0 0 0 0 0 0 0 0 0 0 0 0 0 0 0 0 0 0 0 0 0 0 0 0 0 0 0 0 0 0 0 0 0 0
"s__ramosum" 0 0 0 0 0 0 0 0 0 0 0 0 0 0 0 0 0 0 0 0 0 0 0 0 0 0 0 0 0 0 0 0 0 0 0 0 0 0 0 0 0 0 0
"s__rectus" 4.39231742277876 9.10852445677817 5.08746284125034 5 3.58496250072116 0 0 4.24792751344359 1 2.32192809488736 3.16992500144231 1.58496250072116 3.70043971814109 1.58496250072116 0 3.90689059560852 0 3.16992500144231 0 0 0 3.58496250072116 1.58496250072116 4.32192809488736 0 1 3.70043971814109 0 0 0 0 1 0 0 2 0 0 0 0 0 0 0 0
"s__reuszeri" 0 0 0 0 0 0 0 0 0 0 0 0 0 0 0 0 0 0 0 0 0 0 0 0 0 0 0 0 0 0 0 0 0 0 0 0 0 0 0 0 0 0 0
"s__reuteri" 0 0 0 0 0 0 0 0 0 0 0 0 0 0 0 1 0 0 0 0 0 0 0 0 0 0 0 0 0 0 0 0 0 0 0 0 0 0 0 0 0 0 0
"s__rhizophila" 2.58496250072116 1 0 2 0 1 7.25738784269265 5.64385618977472 1 4.75488750216347 4.90689059560852 4.32192809488736 4.16992500144231 0 3 0 4.24792751344359 6.22881869049588 2 0 0 1 5.28540221886225 4.39231742277876 5.4594316186373 3.58496250072116 0 3.32192809488736 4.75488750216347 0 3.16992500144231 0 1 2.8073549220576 1 5.39231742277876 6.8703647195834 5 6.3037807481771 0 3.8073549220576 0 0
"s__rhizosphaerae" 0 2.32192809488736 0 0 0 0 1 3 2 0 0 2.32192809488736 7.36632221424582 3.32192809488736 0 2.58496250072116 1.58496250072116 3.70043971814109 0 0 2.32192809488736 1 0 7.35755200461808 0 0 0 1 4.52356195605701 3 0 3.16992500144231 2.58496250072116 0 0 2.58496250072116 0 0 1 0 0 0 0
"s__rhizovicinus" 0 0 0 0 0 0 0 0 0 0 0 0 0 0 0 0 0 0 0 0 0 0 0 1 0 0 0 0 0 0 0 0 0 0 0 0 0 0 0 0 0 0 0
"s__rimae" 0 4.4594316186373 0 1.58496250072116 0 0 0 0 0 0 0 0 0 0 0 0 0 2.8073549220576 0 0 0 2 0 2.32192809488736 0 0 0 0 0 0 0 0 0 1.58496250072116 0 0 0 0 0 0 0 0 0
"s__rosea" 0 0 0 0 0 0 0 0 0 0 1 5.70043971814109 1.58496250072116 1 0 0 3.4594316186373 0 0 0 0 0 2.8073549220576 0 0 2.32192809488736 0 0 0 0 0 0 0 0 0 0 0 0 1.58496250072116 2 0 0 0
"s__ruber" 0 0 0 0 0 0 0 0 0 0 0 0 0 0 0 0 0 0 0 0 0 0 0 0 0 0 0 0 0 0 0 0 0 0 0 0 0 0 0 0 0 0 0
"s__rugosa" 0 0 0 0 0 0 0 0 0 0 0 0 0 0 0 0 0 0 0 0 0 0 0 0 0 0 0 0 0 0 0 0 0 0 0 0 0 0 0 0 0 0 0
"s__ruminis" 0 0 0 0 0 0 0 0 0 0 0 0 0 0 0 0 0 0 0 2.58496250072116 0 0 0 0 0 0 0 0 0 0 0 0 0 0 0 0 0 0 0 0 0 0 0
"s__rumoiensis" 0 0 0 0 0 0 0 0 0 0 0 0 0 0 0 0 0 0 0 0 0 0 0 0 0 0 0 0 0 0 0 0 0 0 0 0 0 0 0 0 0 0 0
"s__saccharolyticum" 0 0 0 0 0 0 0 0 0 0 0 0 0 0 0 0 0 0 0 0 0 0 0 0 0 0 0 0 0 0 0 0 0 0 0 1 0 0 0 0 0 0 0
"s__salaria" 0 0 0 0 0 0 0 0 0 0 0 0 0 0 0 0 0 0 0 0 0 0 0 0 0 0 0 0 0 0 0 0 0 0 0 0 0 0 0 0 0 0 0
"s__salsilacus" 0 0 0 0 0 0 0 0 1 0 0 0 0 0 0 0 0 0 1.58496250072116 0 0 0 0 0 0 0 0 0 0 0 0 0 0 0 0 0 0 0 0 0 0 0 0
"s__SCA1145" 0 0 0 0 0 0 0 0 0 0 0 0 0 0 0 0 0 0 0 0 0 0 0 0 0 0 0 0 0 2 0 0 0 0 0 0 0 0 0 0 0 0 0
"s__SCA1170" 0 0 0 0 0 0 0 0 0 0 0 0 0 0 0 0 0 0 0 0 0 0 0 0 0 0 0 0 0 0 0 0 0 0 0 1 0 0 0 0 0 0 0
"s__schaedleri" 0 0 0 0 0 0 0 0 0 0 0 0 0 0 0 0 0 0 0 0 0 0 0 0 0 0 0 0 0 0 0 0 0 0 0 0 0 0 0 0 0 0 0
"s__schindleri" 5.04439411935845 4.70043971814109 6.85798099512757 6.4262647547021 6.70043971814109 6.4594316186373 7.40087943628218 6.06608919045777 6 6.2667865406949 6.84549005094437 6.68650052718322 5.24792751344359 5.4594316186373 7.33985000288462 5.61470984411521 7.09803208296053 7.49185309632967 3.8073549220576 7.10852445677817 6.35755200461808 3.8073549220576 6.44294349584873 5.20945336562895 6.4262647547021 5.49185309632967 6.59991284218713 7.05528243550119 6.04439411935845 6.95419631038687 7.92481250360578 5.4262647547021 5.28540221886225 6.49185309632967 6.55458885167764 5.90689059560852 5.95419631038687 7.19967234483636 5.55458885167764 7.56224242422107 6.70043971814109 6.8703647195834 4.90689059560852
"s__sciuri" 1.58496250072116 0 1 0 1 0 1.58496250072116 2 0 0 3 2 2.58496250072116 0 0 0 2.8073549220576 0 1 0 1.58496250072116 1.58496250072116 1.58496250072116 1 1 1 1 2 0 1 0 0 0 0 0 2 0 0 0 0 2 0 0
"s__segnis" 4.08746284125034 9.21431912080077 3.4594316186373 0 4.32192809488736 0 2.8073549220576 6.4262647547021 1 4.8073549220576 1.58496250072116 5.08746284125034 2.32192809488736 3.90689059560852 0 5.16992500144231 0 4.8073549220576 0 0 0 7.06608919045777 0 5.24792751344359 0 0 5.52356195605701 0 3.90689059560852 0 0 0 1 0 1 3 0 3.16992500144231 0 3.90689059560852 1 0 0
"s__selenatarsenatis" 0 0 0 0 0 0 0 0 0 0 0 0 0 1.58496250072116 0 0 0 0 0 0 0 0 0 0 0 0 0 0 0 0 0 0 0 0 0 0 0 0 0 0 0 0 0
"s__serinedens" 0 0 0 0 0 0 0 0 0 0 0 0 0 0 0 0 0 0 0 0 0 0 0 0 0 0 0 0 0 0 0 0 0 0 0 0 0 0 0 0 0 0 0
"s__shigelloides" 0 0 0 0 0 0 0 0 0 0 0 0 0 0 0 0 0 0 0 0 0 0 0 0 0 0 0 0 0 0 0 0 0 0 0 0 0 0 0 0 0 0 0
"s__simulans" 2 3.70043971814109 6.44294349584873 5.20945336562895 3.32192809488736 4.52356195605701 3 8.79766152585376 2.32192809488736 6.20945336562895 5.04439411935845 7.3037807481771 6.78135971352466 6.32192809488736 5.35755200461808 4.64385618977472 7.63662462054365 5.08746284125034 2.8073549220576 3.32192809488736 6.76818432477693 5.08746284125034 5.58496250072116 6.94251450533924 6.84549005094437 5.08746284125034 4.24792751344359 5.4594316186373 3.16992500144231 7.70043971814109 5.58496250072116 5.52356195605701 6.56985560833095 5 2.58496250072116 8.76487159073609 4.24792751344359 1 2.8073549220576 2 7.96578428466209 1.58496250072116 6.22881869049588
"s__socranskii" 1.58496250072116 7.57742882803575 0 3.4594316186373 0 0 0 2 0 0 0 2.8073549220576 0 0 3.70043971814109 0 0 0 0 0 0 3 0 2 0 0 1 0 0 0 0 0 0 0 0 0 0 0 0 0 0 0 0
"s__somerae" 0 0 3 0 0 0 0 0 0 0 0 0 0 0 0 0 0 0 0 0 0 0 0 0 0 0 0 0 0 0 0 0 0 0 0 0 0 0 0 0 0 0 0
"s__stationis" 0 0 0 0 0 0 0 0 0 0 0 0 0 0 0 0 0 0 0 0 0 0 0 0 0 0 0 0 0 0 0 0 0 0 0 0 0 0 0 0 0 0 0
"s__stercorea" 0 0 0 0 0 0 0 0 0 0 0 0 0 0 0 0 1 0 0 0 0 0 0 0 0 0 0 0 0 0 0 0 0 0 0 0 0 0 0 0 0 0 0
"s__stercoris" 0 0 0 0 0 0 0 0 0 0 0 0 0 0 0 0 0 0 0 0 0 0 2.32192809488736 2 0 0 0 0 0 0 0 0 0 0 0 0 0 0 0 0 0 0 0
"s__stuartii" 0 0 0 0 0 0 0 1 0 0 0 0 0 0 0 1.58496250072116 0 0 0 0 0 0 0 0 0 0 0 0 0 0 0 1.58496250072116 0 2 0 0 0 0 0 0 3 0 0
"s__stutzeri" 1 3.32192809488736 3.70043971814109 3.90689059560852 2.32192809488736 3.16992500144231 3 2.8073549220576 2 4.58496250072116 2.32192809488736 2.32192809488736 4.64385618977472 1.58496250072116 3.8073549220576 3.70043971814109 2 3.4594316186373 3 3 2 2.32192809488736 2.8073549220576 2 2.32192809488736 2.8073549220576 4.24792751344359 4.16992500144231 4.64385618977472 4.4594316186373 3.70043971814109 1.58496250072116 1 0 2.32192809488736 7.32192809488736 3.58496250072116 3 2.58496250072116 5.32192809488736 2.32192809488736 2.8073549220576 1.58496250072116
"s__stygium" 0 0 0 3.58496250072116 0 0 2.32192809488736 2 1 2.8073549220576 0 0 2 0 0 0 0 1 0 2.8073549220576 0 1 0 1.58496250072116 0 0 0 3.70043971814109 0 1.58496250072116 0 2 0 0 0 0 2.32192809488736 3.70043971814109 3.32192809488736 2.8073549220576 0 2.32192809488736 0
"s__subflava" 6 6.59991284218713 5.55458885167764 8.12412131182919 5.39231742277876 1 5.97727992349992 6.75488750216347 4.58496250072116 7.74146698640115 6.06608919045777 7.05528243550119 5.83289001416474 10.0834793273318 4.75488750216347 5.20945336562895 4.64385618977472 2.32192809488736 3.16992500144231 3.70043971814109 4.32192809488736 8.4262647547021 4.8073549220576 6.62935662007961 6.08746284125034 3.32192809488736 6.65821148275179 3 6.08746284125034 4.24792751344359 5 2.32192809488736 3.4594316186373 4.58496250072116 2 4.75488750216347 2 4.95419631038687 2.32192809488736 6.8703647195834 3.4594316186373 3 2
"s__subterminale" 0 0 0 0 0 0 0 0 0 0 0 0 0 0 0 0 0 0 0 0 0 0 0 0 0 0 0 0 0 0 0 0 0 0 0 0 0 0 0 0 0 0 0
"s__subterranea" 2.32192809488736 1 0 1 0 0 5.83289001416474 3 2 3.58496250072116 1.58496250072116 1.58496250072116 3.32192809488736 0 1.58496250072116 0 1 0 0 0 0 1.58496250072116 0 1 3 0 0 0 0 2.32192809488736 0 0 0 1.58496250072116 0 0 8.4262647547021 0 0 0 3 0 0
"s__succinicans" 0 0 0 0 0 0 0 0 0 0 0 0 1.58496250072116 0 0 0 0 0 2.32192809488736 0 0 0 0 0 0 0 0 0 0 0 0 0 0 0 0 0 0 0 0 0 2.8073549220576 0 0
"s__succinus" 0 0 0 0 0 0 0 0 0 0 0 0 0 0 0 0 0 0 0 0 0 0 0 0 0 0 0 0 0 0 0 0 0 0 0 0 0 0 0 0 0 0 0
"s__tannerae" 0 8.33985000288462 0 6.4262647547021 0 1 0 5.32192809488736 1.58496250072116 2.32192809488736 0 3 2.8073549220576 6.10852445677817 0 4.39231742277876 0 0 0 0 0 4.24792751344359 0 0 0 1 0 0 0 0 2 1.58496250072116 0 2.58496250072116 2 0 0 0 0 0 2 0 0
"s__Taxon" 0 0 0 0 0 0 0 0 0 0 0 0 0 0 0 1 0 0 0 0 0 0 0 0 0 0 0 0 0 0 0 0 0 0 0 0 0 0 0 0 0 0 0
"s__tenuis" 0 0 0 0 0 0 0 0 0 0 0 0 0 0 0 0 0 0 0 0 0 0 0 0 0 0 0 0 0 1 0 0 0 0 0 0 0 0 0 0 0 0 0
"s__thermodenitrificans" 0 0 0 0 0 0 0 0 0 0 0 0 0 0 0 0 0 0 0 0 0 0 0 0 0 0 0 0 0 0 0 0 0 0 0 0 0 0 0 0 0 0 0
"s__toletana" 0 0 0 0 0 0 0 0 0 0 0 0 0 0 0 0 0 0 0 0 0 0 0 0 0 0 0 0 0 0 0 0 0 0 0 0 0 0 0 0 0 0 0
"s__torques" 0 0 0 0 0 0 0 0 0 0 0 1 0 0 0 0 0 0 0 0 0 0 1 0 0 0 0 0 0 0 0 0 0 0 0 0 0 0 0 0 0 0 0
"s__transvaalensis" 0 0 0 0 0 0 0 0 0 0 0 0 0 0 0 0 0 0 0 0 0 0 0 0 0 0 0 0 0 0 0 0 0 0 0 0 0 0 0 0 0 0 0
"s__tropica" 0 0 0 0 0 0 0 0 0 0 0 0 0 0 0 0 0 0 0 0 0 0 0 0 0 0 0 0 0 0 0 0 0 0 0 0 0 0 0 0 0 0 0
"s__umsongensis" 0 0 0 0 0 0 0 0 0 0 0 0 0 0 0 0 0 0 0 0 0 0 1 0 1 0 0 1.58496250072116 0 0 0 0 0 0 0 0 0 0 0 0 0 0 0
"s__uniformis" 1 1 3.16992500144231 2.32192809488736 1 1.58496250072116 0 5.6724253419715 1.58496250072116 0 3.70043971814109 1 1.58496250072116 0 0 0 1.58496250072116 1.58496250072116 0 0 3.16992500144231 2 2.32192809488736 1 3.32192809488736 0 1 1.58496250072116 0 0 0 3.70043971814109 0 0 0 0 1 1 2.58496250072116 0 3 0 0
"s__variabile" 2 0 1 0 2 0 0 2.32192809488736 0 0 0 0 1 0 0 0 1.58496250072116 0 0 0 0 0 1 1 0 0 0 0 0 0 0 1.58496250072116 0 1 0 2 1 0 0 0 1 0 0
"s__venetianus" 0 0 0 1 0 0 0 0 0 0 0 1 0 0 0 0 0 0 0 0 0 0 0 2 0 1 0 0 0 0 0 0 0 0 0 1 0 0 0 0 0 0 0
"s__veronii" 0 0 1.58496250072116 1 0 0 1 0 1.58496250072116 4.08746284125034 2.58496250072116 0 5.08746284125034 0 0 0 0 1 3.8073549220576 0 2.58496250072116 0 1 1 1 1 0 5.78135971352466 0 0 0 0 1 0 0 1.58496250072116 1 0 0 0 1.58496250072116 0 0
"s__viridans" 0 0 0 0 0 0 0 0 0 0 0 0 0 0 0 0 0 0 0 0 0 0 0 0 0 0 0 0 0 0 0 0 0 0 0 0 0 0 0 0 0 0 0
"s__viridescens" 0 0 0 0 0 0 0 0 0 0 0 0 0 0 0 0 0 0 0 0 0 0 0 0 0 0 0 0 0 0 0 0 0 0 0 0 0 0 0 0 0 0 0
"s__viridiflava" 0 1 0 0 0 1.58496250072116 0 1 2.32192809488736 0 0 0 5.93073733756289 0 0 0 0 0 2.32192809488736 0 0 1 0 2.32192809488736 0 3.4594316186373 1.58496250072116 4.24792751344359 0 0 1 0 0 0 1 3.32192809488736 0 0 0 0 0 0 0
"s__wittichii" 1 0 1.58496250072116 0 0 0 1 0 0 0 0 3 0 0 0 1 0 0 0 0 0 1 0 2 0 1.58496250072116 0 0 0 3.90689059560852 0 0 1.58496250072116 0 0 2 0 0 0 2.8073549220576 0 0 0
"s__xenophagum" 0 0 0 0 0 0 0 0 0 0 0 0 0 0 0 0 0 0 0 0 0 0 0 0 0 0 0 0 0 0 0 0 0 0 0 0 0 0 0 0 0 0 0
"s__yabuuchiae" 0 0 5.64385618977472 0 0 0 0 1.58496250072116 0 0 2.8073549220576 4 3.32192809488736 0 4.39231742277876 0 0 2 2.8073549220576 0 0 0 0 3.70043971814109 0 0 0 3.4594316186373 0 0 0 0 2.32192809488736 0 0 2 1 1.58496250072116 0 0 0 0 0
"s__yanoikuyae" 0 0 0 0 0 0 0 0 0 0 0 0 0 0 0 0 0 1 0 0 0 0 0 0 0 0 0 0 0 0 0 0 0 0 0 0 0 0 0 0 0 0 0
"s__zavarzinii" 0 0 0 0 0 0 0 0 0 0 0 0 0 0 0 0 0 0 0 0 0 0 0 0 0 0 0 0 0 0 0 0 0 0 0 0 0 0 0 0 0 0 0
"s__zeae" 0 0 0 0 0 0 0 0 1 0 3 0 1 0 0 0 0 0 0 0 1 0 0 0 0 0 0 0 0 0 0 0 0 1 0 0 0 0 0 0 0 0 0
"s__zeaxanthinifaciens" 0 0 2 0 0 0 3.70043971814109 0 2.58496250072116 0 0 6.4093909361377 0 0 4.32192809488736 0 2.32192809488736 0 0 0 0 0 1 2 3 0 0 3.32192809488736 0 0 3.32192809488736 0 0 0 0 0 6.4757334309664 0 0 0 5.52356195605701 0 0
