connecting
connected
0.0 0.0 0.0 0.0 0.0 0.0 0.0 0.0 0.0 0.0 0.0 0.0 0.0 0.0 0.0 0.0 0.0 0.0 0.0 0.0 0.0 0.0 0.0 0.0 0.0 0.0 0.0 0.0 0.0 0.0 0.0 0.0 0.0 0.0 0.0 0.0 0.0 0.0 0.0 0.0 0.0 0.0 0.0 
11.610563503925 4.8073549220576 7.51569983828404 6.94251450533924 7.34872815423108 2.32192809488736 7.8073549220576 8.69696752623429 4.8073549220576 10.90989308377 10.4584066132365 10.4522412404308 3.58496250072116 9.08746284125034 1.0 9.53332973230583 12.2422809503024 10.5245417150358 6.7279204545632 9.54689445988764 11.1065629404449 7.49185309632967 6.35755200461808 6.70043971814109 9.56414948998573 5.88264304936184 11.297489501161 9.82177398197057 1.58496250072116 5.32192809488736 7.32192809488736 10.8703647195834 8.29462074889163 10.007027266894 6.98868468677217 11.2070143201775 9.82813648419411 11.0161118382205 7.98299357469431 6.56985560833095 10.0223678130285 4.75488750216347 10.2082343583398 
0.0 0.0 0.0 0.0 0.0 1.58496250072116 3.58496250072116 1.0 2.0 0.0 0.0 3.8073549220576 2.0 1.0 4.39231742277876 2.0 2.58496250072116 1.0 2.8073549220576 3.90689059560852 1.0 0.0 3.90689059560852 0.0 3.32192809488736 1.0 0.0 0.0 0.0 0.0 0.0 2.32192809488736 0.0 0.0 0.0 2.32192809488736 2.0 0.0 0.0 0.0 5.12928301694497 2.58496250072116 1.0 
0.0 0.0 2.0 0.0 0.0 0.0 1.58496250072116 1.0 1.0 0.0 0.0 0.0 0.0 0.0 0.0 2.0 0.0 0.0 0.0 2.32192809488736 1.0 1.58496250072116 0.0 1.0 0.0 0.0 0.0 0.0 0.0 0.0 0.0 0.0 0.0 2.32192809488736 0.0 2.58496250072116 0.0 0.0 0.0 0.0 0.0 0.0 0.0 
4.90689059560852 4.52356195605701 7.94836723158468 7.54689445988764 4.70043971814109 2.32192809488736 6.39231742277876 2.58496250072116 6.39231742277876 3.70043971814109 1.0 5.4262647547021 8.25266543245025 2.8073549220576 0.0 0.0 4.08746284125034 3.16992500144231 2.8073549220576 1.0 2.58496250072116 2.58496250072116 4.32192809488736 5.28540221886225 3.58496250072116 2.32192809488736 5.12928301694497 0.0 3.16992500144231 0.0 0.0 2.0 0.0 3.16992500144231 0.0 0.0 0.0 3.4594316186373 2.0 0.0 0.0 0.0 0.0 
0.0 0.0 1.0 0.0 0.0 0.0 0.0 0.0 0.0 0.0 0.0 0.0 0.0 0.0 0.0 0.0 0.0 0.0 0.0 0.0 0.0 0.0 0.0 2.32192809488736 0.0 0.0 1.58496250072116 0.0 0.0 0.0 0.0 0.0 0.0 1.0 0.0 0.0 0.0 0.0 1.58496250072116 0.0 0.0 0.0 0.0 
0.0 1.0 0.0 0.0 0.0 0.0 0.0 0.0 0.0 0.0 0.0 3.8073549220576 0.0 0.0 3.0 1.0 0.0 0.0 0.0 0.0 0.0 0.0 0.0 3.58496250072116 0.0 2.0 0.0 0.0 0.0 0.0 5.90689059560852 0.0 0.0 0.0 0.0 0.0 0.0 0.0 0.0 0.0 0.0 0.0 1.0 
0.0 2.0 3.0 2.0 0.0 0.0 2.58496250072116 0.0 3.4594316186373 2.32192809488736 0.0 5.35755200461808 3.58496250072116 0.0 0.0 0.0 0.0 3.90689059560852 0.0 0.0 0.0 0.0 3.32192809488736 0.0 0.0 0.0 1.58496250072116 0.0 0.0 0.0 2.8073549220576 2.8073549220576 0.0 0.0 0.0 0.0 0.0 1.58496250072116 0.0 2.0 0.0 1.0 0.0 
0.0 0.0 0.0 0.0 0.0 0.0 0.0 0.0 0.0 0.0 0.0 0.0 0.0 0.0 0.0 0.0 0.0 0.0 0.0 0.0 0.0 0.0 0.0 0.0 0.0 0.0 0.0 0.0 0.0 0.0 0.0 0.0 0.0 0.0 0.0 0.0 0.0 0.0 0.0 0.0 0.0 0.0 0.0 
0.0 0.0 0.0 0.0 0.0 0.0 0.0 0.0 0.0 0.0 0.0 0.0 0.0 1.58496250072116 2.32192809488736 0.0 0.0 0.0 0.0 0.0 0.0 0.0 0.0 0.0 0.0 0.0 0.0 0.0 0.0 0.0 0.0 0.0 0.0 0.0 0.0 0.0 0.0 0.0 0.0 0.0 0.0 0.0 0.0 
1.58496250072116 0.0 0.0 0.0 0.0 0.0 0.0 0.0 0.0 0.0 0.0 0.0 0.0 0.0 0.0 0.0 1.58496250072116 0.0 0.0 0.0 0.0 0.0 0.0 0.0 0.0 0.0 0.0 0.0 0.0 0.0 0.0 0.0 0.0 0.0 0.0 0.0 0.0 0.0 0.0 0.0 1.58496250072116 0.0 0.0 
0.0 0.0 0.0 0.0 0.0 0.0 0.0 0.0 0.0 0.0 0.0 0.0 0.0 0.0 0.0 0.0 0.0 0.0 0.0 0.0 0.0 0.0 0.0 1.0 0.0 0.0 0.0 0.0 0.0 0.0 0.0 0.0 0.0 0.0 0.0 0.0 0.0 0.0 0.0 0.0 0.0 0.0 0.0 
0.0 0.0 0.0 0.0 0.0 0.0 1.58496250072116 0.0 0.0 0.0 0.0 0.0 0.0 0.0 0.0 0.0 0.0 0.0 0.0 0.0 0.0 0.0 0.0 0.0 0.0 0.0 0.0 0.0 0.0 0.0 0.0 0.0 0.0 0.0 0.0 0.0 0.0 0.0 0.0 0.0 0.0 0.0 0.0 
0.0 0.0 0.0 0.0 0.0 0.0 0.0 0.0 0.0 0.0 0.0 0.0 0.0 0.0 4.58496250072116 0.0 0.0 0.0 0.0 0.0 0.0 0.0 1.0 2.0 0.0 0.0 0.0 0.0 0.0 0.0 0.0 0.0 0.0 0.0 0.0 1.0 0.0 0.0 0.0 0.0 0.0 0.0 0.0 
3.0 1.0 0.0 3.0 0.0 0.0 4.24792751344359 3.70043971814109 0.0 1.0 0.0 4.4594316186373 2.0 0.0 0.0 0.0 2.0 0.0 1.58496250072116 0.0 0.0 0.0 2.58496250072116 4.58496250072116 3.4594316186373 0.0 0.0 3.4594316186373 2.8073549220576 0.0 0.0 0.0 3.0 0.0 0.0 0.0 5.20945336562895 1.0 0.0 1.58496250072116 3.32192809488736 0.0 0.0 
0.0 0.0 0.0 0.0 0.0 0.0 0.0 0.0 0.0 0.0 0.0 0.0 0.0 0.0 0.0 0.0 0.0 0.0 0.0 0.0 0.0 0.0 0.0 0.0 0.0 0.0 0.0 0.0 0.0 0.0 0.0 0.0 0.0 0.0 0.0 1.0 0.0 0.0 0.0 0.0 0.0 0.0 0.0 
0.0 0.0 0.0 0.0 0.0 0.0 0.0 0.0 0.0 0.0 0.0 0.0 0.0 0.0 0.0 0.0 0.0 0.0 0.0 0.0 0.0 2.58496250072116 0.0 0.0 0.0 0.0 0.0 0.0 0.0 0.0 0.0 0.0 0.0 0.0 0.0 0.0 0.0 0.0 0.0 0.0 0.0 0.0 0.0 
0.0 0.0 0.0 2.58496250072116 0.0 0.0 0.0 0.0 0.0 0.0 0.0 0.0 0.0 0.0 2.8073549220576 0.0 0.0 0.0 0.0 0.0 0.0 0.0 1.58496250072116 0.0 0.0 1.58496250072116 0.0 1.0 0.0 0.0 0.0 0.0 0.0 0.0 0.0 2.0 0.0 0.0 0.0 0.0 1.0 0.0 0.0 
1.0 1.0 1.58496250072116 0.0 1.0 1.58496250072116 2.0 0.0 1.0 1.58496250072116 1.58496250072116 1.0 1.0 0.0 0.0 0.0 1.0 1.0 0.0 0.0 1.0 0.0 0.0 0.0 1.0 0.0 1.0 1.0 1.0 1.0 1.0 0.0 1.58496250072116 0.0 0.0 1.58496250072116 0.0 1.0 0.0 1.58496250072116 0.0 1.58496250072116 0.0 
0.0 1.0 2.32192809488736 1.0 2.0 0.0 0.0 4.4594316186373 1.0 4.24792751344359 0.0 3.8073549220576 0.0 0.0 4.0 0.0 0.0 0.0 0.0 0.0 2.58496250072116 3.0 0.0 3.8073549220576 3.32192809488736 1.58496250072116 4.0 0.0 0.0 0.0 0.0 0.0 0.0 3.0 0.0 3.58496250072116 0.0 0.0 0.0 0.0 1.58496250072116 0.0 0.0 
0.0 0.0 0.0 0.0 0.0 0.0 0.0 0.0 0.0 0.0 0.0 0.0 0.0 0.0 0.0 0.0 0.0 0.0 0.0 0.0 0.0 0.0 0.0 0.0 0.0 0.0 0.0 0.0 0.0 0.0 0.0 0.0 0.0 0.0 0.0 0.0 0.0 0.0 0.0 0.0 0.0 0.0 0.0 
0.0 0.0 0.0 0.0 0.0 0.0 0.0 0.0 0.0 0.0 0.0 0.0 0.0 0.0 0.0 0.0 0.0 0.0 0.0 0.0 0.0 0.0 0.0 0.0 0.0 0.0 0.0 0.0 0.0 0.0 0.0 0.0 0.0 0.0 0.0 0.0 0.0 0.0 0.0 0.0 1.0 0.0 0.0 
0.0 0.0 0.0 0.0 0.0 0.0 0.0 0.0 0.0 0.0 0.0 0.0 0.0 0.0 0.0 0.0 0.0 0.0 0.0 0.0 0.0 0.0 0.0 0.0 0.0 0.0 0.0 0.0 0.0 0.0 0.0 0.0 0.0 0.0 0.0 0.0 0.0 0.0 0.0 0.0 0.0 0.0 0.0 
0.0 0.0 0.0 0.0 0.0 0.0 0.0 0.0 0.0 0.0 0.0 0.0 0.0 0.0 0.0 0.0 0.0 0.0 0.0 0.0 0.0 0.0 0.0 0.0 0.0 0.0 0.0 0.0 0.0 0.0 0.0 0.0 0.0 0.0 0.0 0.0 0.0 0.0 0.0 0.0 0.0 0.0 0.0 
0.0 0.0 0.0 1.0 0.0 0.0 0.0 0.0 0.0 0.0 0.0 0.0 0.0 0.0 0.0 0.0 0.0 0.0 0.0 0.0 0.0 0.0 0.0 0.0 0.0 0.0 0.0 0.0 0.0 0.0 0.0 0.0 0.0 0.0 0.0 0.0 0.0 0.0 0.0 0.0 0.0 0.0 0.0 
0.0 0.0 0.0 0.0 0.0 0.0 2.32192809488736 0.0 1.58496250072116 1.0 0.0 1.0 3.0 0.0 1.0 0.0 3.0 0.0 0.0 0.0 0.0 0.0 1.58496250072116 0.0 1.58496250072116 2.0 0.0 0.0 1.0 1.0 0.0 0.0 0.0 0.0 2.0 0.0 2.0 0.0 0.0 0.0 0.0 0.0 2.0 
4.0 1.58496250072116 4.08746284125034 2.32192809488736 3.70043971814109 1.58496250072116 5.08746284125034 4.39231742277876 2.0 2.8073549220576 6.32192809488736 4.08746284125034 6.55458885167764 3.90689059560852 2.32192809488736 2.0 5.4262647547021 0.0 0.0 1.58496250072116 4.52356195605701 4.95419631038687 4.58496250072116 2.0 3.0 3.4594316186373 3.70043971814109 2.32192809488736 0.0 1.58496250072116 2.0 5.83289001416474 0.0 3.16992500144231 2.0 5.90689059560852 2.8073549220576 3.58496250072116 1.0 3.8073549220576 4.4594316186373 1.0 2.0 
0.0 0.0 0.0 0.0 0.0 0.0 1.0 0.0 0.0 0.0 0.0 0.0 0.0 0.0 0.0 0.0 0.0 0.0 0.0 0.0 0.0 0.0 0.0 0.0 0.0 0.0 0.0 0.0 0.0 0.0 0.0 0.0 0.0 0.0 0.0 0.0 0.0 0.0 0.0 0.0 0.0 0.0 0.0 
0.0 0.0 0.0 0.0 0.0 0.0 0.0 0.0 0.0 0.0 0.0 0.0 0.0 0.0 0.0 0.0 0.0 0.0 0.0 0.0 0.0 0.0 0.0 2.0 0.0 0.0 0.0 0.0 0.0 0.0 0.0 0.0 0.0 0.0 0.0 0.0 0.0 0.0 0.0 0.0 0.0 0.0 0.0 
0.0 0.0 1.0 0.0 0.0 0.0 0.0 0.0 0.0 0.0 0.0 0.0 0.0 0.0 0.0 0.0 0.0 0.0 0.0 0.0 0.0 0.0 0.0 0.0 0.0 0.0 0.0 0.0 0.0 0.0 0.0 0.0 0.0 0.0 0.0 0.0 0.0 0.0 0.0 0.0 0.0 0.0 0.0 
0.0 0.0 0.0 0.0 0.0 0.0 0.0 0.0 0.0 0.0 0.0 0.0 0.0 0.0 0.0 0.0 0.0 0.0 0.0 0.0 0.0 0.0 0.0 0.0 0.0 0.0 0.0 0.0 0.0 0.0 0.0 0.0 0.0 0.0 0.0 0.0 0.0 0.0 0.0 0.0 0.0 0.0 0.0 
0.0 0.0 0.0 0.0 0.0 0.0 0.0 0.0 0.0 0.0 0.0 0.0 0.0 0.0 0.0 0.0 0.0 0.0 0.0 0.0 0.0 0.0 0.0 0.0 0.0 0.0 0.0 0.0 0.0 0.0 0.0 0.0 1.58496250072116 0.0 0.0 0.0 0.0 0.0 0.0 0.0 0.0 0.0 0.0 
0.0 0.0 0.0 0.0 0.0 0.0 0.0 0.0 0.0 0.0 0.0 1.0 0.0 1.58496250072116 0.0 0.0 0.0 0.0 0.0 0.0 0.0 0.0 1.58496250072116 2.58496250072116 0.0 0.0 0.0 0.0 0.0 0.0 0.0 0.0 1.58496250072116 2.0 0.0 0.0 0.0 0.0 0.0 0.0 0.0 0.0 0.0 
0.0 0.0 0.0 0.0 0.0 0.0 0.0 0.0 0.0 0.0 0.0 0.0 0.0 0.0 0.0 0.0 0.0 0.0 0.0 0.0 0.0 0.0 0.0 0.0 0.0 0.0 0.0 0.0 0.0 0.0 0.0 1.0 0.0 0.0 0.0 0.0 0.0 0.0 0.0 0.0 0.0 0.0 0.0 
0.0 0.0 0.0 0.0 0.0 0.0 0.0 0.0 0.0 0.0 0.0 0.0 0.0 0.0 0.0 0.0 0.0 0.0 1.58496250072116 0.0 0.0 0.0 0.0 4.58496250072116 0.0 0.0 0.0 0.0 0.0 0.0 0.0 0.0 0.0 0.0 0.0 0.0 0.0 0.0 0.0 0.0 0.0 1.0 0.0 
0.0 0.0 0.0 0.0 0.0 0.0 0.0 0.0 0.0 0.0 0.0 0.0 0.0 0.0 0.0 0.0 0.0 0.0 0.0 0.0 0.0 0.0 0.0 0.0 0.0 0.0 0.0 0.0 0.0 0.0 0.0 0.0 0.0 0.0 0.0 0.0 0.0 0.0 0.0 0.0 0.0 0.0 0.0 
0.0 0.0 0.0 0.0 0.0 0.0 0.0 0.0 0.0 0.0 0.0 0.0 0.0 0.0 0.0 0.0 0.0 0.0 0.0 0.0 0.0 0.0 0.0 0.0 0.0 0.0 0.0 0.0 0.0 0.0 0.0 0.0 0.0 0.0 0.0 0.0 0.0 0.0 0.0 0.0 0.0 0.0 0.0 
0.0 0.0 0.0 0.0 0.0 0.0 0.0 0.0 0.0 1.0 0.0 1.0 0.0 0.0 0.0 0.0 0.0 0.0 0.0 0.0 0.0 0.0 0.0 0.0 0.0 0.0 0.0 0.0 0.0 0.0 0.0 0.0 0.0 0.0 0.0 0.0 0.0 0.0 0.0 0.0 0.0 0.0 0.0 
0.0 0.0 0.0 0.0 0.0 0.0 0.0 0.0 0.0 0.0 0.0 0.0 0.0 0.0 0.0 0.0 0.0 0.0 0.0 0.0 0.0 0.0 0.0 0.0 0.0 0.0 0.0 0.0 0.0 0.0 0.0 0.0 0.0 0.0 0.0 0.0 0.0 0.0 0.0 0.0 0.0 0.0 0.0 
2.0 0.0 0.0 0.0 0.0 0.0 0.0 0.0 0.0 0.0 0.0 0.0 0.0 0.0 0.0 0.0 0.0 0.0 0.0 0.0 0.0 0.0 0.0 0.0 0.0 0.0 0.0 0.0 0.0 0.0 0.0 0.0 0.0 0.0 0.0 0.0 0.0 0.0 0.0 0.0 0.0 0.0 0.0 
0.0 0.0 0.0 0.0 0.0 0.0 0.0 0.0 0.0 0.0 0.0 0.0 0.0 0.0 0.0 0.0 0.0 0.0 0.0 0.0 0.0 0.0 0.0 0.0 0.0 0.0 0.0 0.0 0.0 0.0 0.0 0.0 0.0 0.0 0.0 0.0 0.0 0.0 0.0 0.0 0.0 0.0 0.0 
0.0 0.0 0.0 0.0 0.0 0.0 0.0 0.0 0.0 0.0 0.0 0.0 0.0 0.0 0.0 0.0 0.0 0.0 0.0 0.0 0.0 0.0 0.0 2.58496250072116 0.0 0.0 0.0 0.0 0.0 0.0 0.0 1.58496250072116 0.0 0.0 0.0 0.0 0.0 0.0 0.0 0.0 0.0 0.0 0.0 
0.0 0.0 0.0 0.0 2.58496250072116 0.0 0.0 0.0 0.0 0.0 0.0 0.0 0.0 0.0 0.0 0.0 0.0 0.0 0.0 0.0 0.0 0.0 0.0 0.0 0.0 0.0 0.0 0.0 0.0 0.0 0.0 0.0 0.0 0.0 0.0 0.0 0.0 0.0 0.0 0.0 0.0 0.0 0.0 
0.0 0.0 0.0 0.0 0.0 0.0 0.0 0.0 0.0 0.0 0.0 0.0 0.0 0.0 0.0 0.0 0.0 0.0 0.0 0.0 0.0 0.0 0.0 0.0 0.0 0.0 0.0 0.0 0.0 0.0 0.0 0.0 0.0 0.0 0.0 0.0 0.0 0.0 0.0 0.0 0.0 0.0 0.0 
0.0 0.0 0.0 0.0 0.0 0.0 0.0 0.0 0.0 0.0 0.0 0.0 0.0 0.0 0.0 0.0 0.0 0.0 0.0 0.0 0.0 0.0 0.0 0.0 0.0 0.0 0.0 0.0 0.0 0.0 0.0 0.0 0.0 0.0 0.0 0.0 0.0 0.0 0.0 0.0 0.0 0.0 0.0 
0.0 0.0 0.0 0.0 0.0 0.0 0.0 0.0 0.0 0.0 0.0 0.0 0.0 0.0 0.0 0.0 0.0 0.0 0.0 0.0 0.0 0.0 0.0 0.0 0.0 0.0 0.0 0.0 0.0 0.0 0.0 0.0 0.0 0.0 0.0 0.0 0.0 0.0 0.0 0.0 0.0 0.0 0.0 
0.0 0.0 0.0 0.0 0.0 0.0 0.0 0.0 0.0 3.90689059560852 0.0 0.0 0.0 0.0 0.0 0.0 0.0 0.0 0.0 0.0 0.0 0.0 0.0 0.0 0.0 0.0 0.0 0.0 0.0 0.0 0.0 0.0 0.0 0.0 0.0 0.0 0.0 0.0 0.0 0.0 0.0 0.0 0.0 
0.0 0.0 0.0 0.0 0.0 0.0 0.0 0.0 0.0 0.0 0.0 0.0 0.0 0.0 0.0 0.0 0.0 0.0 0.0 0.0 0.0 0.0 0.0 0.0 0.0 0.0 0.0 0.0 0.0 0.0 0.0 0.0 0.0 0.0 0.0 0.0 0.0 0.0 0.0 0.0 0.0 0.0 0.0 
0.0 0.0 0.0 0.0 0.0 0.0 0.0 0.0 0.0 0.0 0.0 0.0 0.0 0.0 0.0 0.0 0.0 0.0 0.0 0.0 0.0 0.0 0.0 0.0 0.0 0.0 0.0 0.0 0.0 0.0 0.0 0.0 0.0 0.0 0.0 0.0 0.0 0.0 0.0 0.0 0.0 0.0 0.0 
0.0 0.0 0.0 0.0 0.0 0.0 0.0 0.0 0.0 0.0 0.0 0.0 0.0 0.0 0.0 0.0 0.0 0.0 0.0 0.0 0.0 0.0 0.0 0.0 0.0 0.0 0.0 0.0 0.0 0.0 0.0 0.0 0.0 0.0 0.0 0.0 0.0 0.0 0.0 0.0 0.0 0.0 0.0 
0.0 0.0 0.0 0.0 0.0 0.0 0.0 0.0 0.0 0.0 0.0 0.0 0.0 0.0 0.0 0.0 0.0 0.0 0.0 0.0 0.0 0.0 0.0 0.0 0.0 0.0 0.0 0.0 0.0 0.0 0.0 0.0 0.0 0.0 0.0 0.0 0.0 0.0 0.0 0.0 0.0 0.0 0.0 
0.0 0.0 0.0 0.0 0.0 0.0 0.0 0.0 0.0 0.0 0.0 0.0 0.0 0.0 0.0 0.0 0.0 0.0 0.0 0.0 0.0 0.0 0.0 0.0 0.0 0.0 0.0 0.0 0.0 0.0 0.0 0.0 0.0 0.0 0.0 0.0 0.0 0.0 0.0 0.0 0.0 0.0 0.0 
0.0 0.0 0.0 0.0 0.0 0.0 0.0 0.0 0.0 0.0 0.0 0.0 0.0 0.0 0.0 0.0 0.0 0.0 0.0 0.0 0.0 0.0 0.0 0.0 0.0 0.0 0.0 0.0 0.0 0.0 0.0 0.0 0.0 0.0 0.0 0.0 0.0 0.0 0.0 0.0 0.0 0.0 0.0 
0.0 0.0 0.0 0.0 0.0 0.0 0.0 0.0 0.0 0.0 0.0 0.0 0.0 0.0 0.0 0.0 0.0 0.0 0.0 0.0 0.0 0.0 0.0 0.0 0.0 0.0 0.0 0.0 0.0 0.0 0.0 0.0 0.0 0.0 0.0 0.0 0.0 0.0 0.0 0.0 0.0 0.0 0.0 
0.0 0.0 0.0 0.0 0.0 0.0 0.0 0.0 0.0 0.0 0.0 0.0 0.0 0.0 0.0 0.0 0.0 0.0 0.0 0.0 0.0 0.0 0.0 0.0 0.0 0.0 0.0 0.0 0.0 0.0 0.0 0.0 0.0 0.0 0.0 0.0 0.0 0.0 0.0 0.0 0.0 0.0 0.0 
2.8073549220576 3.32192809488736 2.32192809488736 7.02236781302845 4.52356195605701 0.0 2.8073549220576 3.0 1.58496250072116 3.70043971814109 1.58496250072116 3.0 3.32192809488736 5.61470984411521 1.58496250072116 1.58496250072116 1.58496250072116 1.0 1.58496250072116 1.0 0.0 5.0 1.58496250072116 5.08746284125034 1.58496250072116 0.0 2.58496250072116 1.0 3.4594316186373 0.0 2.0 0.0 1.0 1.0 1.0 1.58496250072116 0.0 1.58496250072116 1.58496250072116 1.58496250072116 1.0 1.0 0.0 
0.0 0.0 0.0 0.0 0.0 0.0 0.0 0.0 0.0 0.0 0.0 1.0 0.0 0.0 0.0 0.0 0.0 0.0 0.0 0.0 0.0 0.0 0.0 0.0 0.0 0.0 0.0 0.0 0.0 0.0 0.0 0.0 0.0 0.0 0.0 0.0 0.0 0.0 0.0 0.0 0.0 0.0 0.0 
0.0 0.0 0.0 0.0 0.0 0.0 0.0 0.0 0.0 0.0 0.0 0.0 0.0 0.0 0.0 0.0 0.0 0.0 0.0 0.0 0.0 0.0 0.0 0.0 0.0 0.0 0.0 0.0 0.0 0.0 0.0 0.0 0.0 0.0 0.0 0.0 0.0 0.0 0.0 0.0 0.0 0.0 0.0 
0.0 0.0 0.0 0.0 0.0 0.0 0.0 0.0 0.0 0.0 0.0 0.0 0.0 0.0 0.0 0.0 0.0 0.0 0.0 0.0 0.0 0.0 0.0 0.0 0.0 0.0 0.0 0.0 0.0 0.0 0.0 0.0 0.0 0.0 0.0 0.0 0.0 0.0 0.0 0.0 0.0 0.0 0.0 
0.0 0.0 0.0 0.0 0.0 0.0 0.0 0.0 0.0 1.0 0.0 0.0 0.0 0.0 0.0 0.0 0.0 0.0 0.0 0.0 0.0 0.0 0.0 0.0 0.0 0.0 0.0 0.0 0.0 0.0 0.0 0.0 0.0 0.0 0.0 0.0 0.0 0.0 0.0 0.0 0.0 0.0 0.0 
3.4594316186373 3.90689059560852 4.16992500144231 4.08746284125034 1.0 3.16992500144231 4.8073549220576 3.0 3.70043971814109 6.56985560833095 3.4594316186373 0.0 2.32192809488736 10.4167975276061 3.8073549220576 3.32192809488736 2.0 0.0 2.8073549220576 1.0 1.0 3.32192809488736 2.0 8.50382573799575 4.64385618977472 0.0 4.70043971814109 1.58496250072116 2.58496250072116 1.0 0.0 2.0 3.0 0.0 3.16992500144231 2.58496250072116 1.0 2.58496250072116 3.32192809488736 3.90689059560852 3.58496250072116 2.58496250072116 0.0 
0.0 0.0 0.0 0.0 0.0 0.0 0.0 0.0 0.0 0.0 0.0 0.0 0.0 0.0 0.0 0.0 0.0 0.0 0.0 0.0 0.0 0.0 0.0 0.0 0.0 0.0 0.0 0.0 0.0 1.58496250072116 0.0 0.0 0.0 0.0 0.0 0.0 0.0 0.0 0.0 1.58496250072116 0.0 0.0 0.0 
0.0 0.0 0.0 0.0 0.0 0.0 0.0 0.0 0.0 0.0 0.0 0.0 0.0 0.0 0.0 0.0 0.0 0.0 0.0 0.0 0.0 0.0 0.0 0.0 0.0 0.0 0.0 0.0 0.0 0.0 0.0 0.0 0.0 0.0 0.0 0.0 0.0 0.0 0.0 0.0 0.0 0.0 0.0 
0.0 0.0 0.0 0.0 0.0 0.0 0.0 0.0 2.58496250072116 0.0 0.0 0.0 0.0 0.0 0.0 0.0 0.0 0.0 3.16992500144231 0.0 0.0 0.0 0.0 0.0 0.0 0.0 0.0 0.0 0.0 0.0 0.0 0.0 2.58496250072116 0.0 0.0 0.0 0.0 0.0 0.0 0.0 0.0 0.0 0.0 
0.0 0.0 0.0 0.0 0.0 0.0 0.0 1.0 0.0 0.0 1.0 0.0 0.0 0.0 0.0 0.0 0.0 0.0 0.0 0.0 0.0 0.0 0.0 1.0 0.0 0.0 0.0 0.0 0.0 0.0 0.0 0.0 0.0 0.0 0.0 0.0 0.0 0.0 0.0 0.0 0.0 0.0 0.0 
0.0 0.0 0.0 0.0 0.0 0.0 0.0 0.0 0.0 0.0 0.0 0.0 0.0 0.0 0.0 0.0 1.0 0.0 0.0 0.0 0.0 0.0 0.0 0.0 0.0 0.0 0.0 1.58496250072116 0.0 0.0 0.0 0.0 0.0 0.0 0.0 0.0 0.0 0.0 0.0 0.0 0.0 0.0 0.0 
0.0 0.0 0.0 0.0 0.0 0.0 0.0 0.0 0.0 0.0 0.0 0.0 0.0 0.0 0.0 0.0 0.0 0.0 0.0 0.0 0.0 0.0 0.0 0.0 0.0 0.0 0.0 0.0 0.0 0.0 0.0 0.0 0.0 0.0 0.0 0.0 0.0 0.0 0.0 0.0 0.0 0.0 0.0 
3.70043971814109 5.88264304936184 5.97727992349992 12.2012050072995 6.02236781302845 0.0 5.83289001416474 4.39231742277876 7.69348695749933 4.90689059560852 7.85174904141606 5.0 6.33985000288462 3.90689059560852 4.0 7.21916852046216 5.93073733756289 4.64385618977472 5.0 6.12928301694497 4.16992500144231 6.2667865406949 8.4594316186373 8.02790599656988 4.95419631038687 1.0 6.16992500144231 1.58496250072116 0.0 3.8073549220576 5.4262647547021 3.70043971814109 3.0 4.32192809488736 0.0 3.0 1.58496250072116 4.32192809488736 0.0 4.39231742277876 4.0 0.0 1.0 
0.0 0.0 0.0 0.0 0.0 0.0 0.0 6.88264304936184 0.0 0.0 3.16992500144231 2.32192809488736 2.32192809488736 0.0 0.0 0.0 0.0 0.0 2.0 0.0 0.0 0.0 0.0 1.0 2.58496250072116 0.0 0.0 6.12928301694497 0.0 5.39231742277876 0.0 1.58496250072116 0.0 2.8073549220576 0.0 0.0 0.0 0.0 0.0 2.32192809488736 0.0 0.0 0.0 
8.71080643369935 11.0881256921882 6.33985000288462 8.46352437327118 6.22881869049588 2.32192809488736 5.08746284125034 7.15987133677839 6.56985560833095 8.7279204545632 5.0 4.8073549220576 6.33985000288462 11.9121408562957 6.53915881110803 10.0808175276083 6.04439411935845 6.0 4.64385618977472 3.16992500144231 3.16992500144231 7.89481776330794 3.16992500144231 7.10852445677817 3.8073549220576 3.8073549220576 6.91886323727459 7.37503943134692 4.0 5.93073733756289 6.16992500144231 3.16992500144231 3.32192809488736 3.90689059560852 2.8073549220576 4.39231742277876 1.58496250072116 2.8073549220576 2.8073549220576 5.64385618977472 5.8073549220576 3.0 4.0 
0.0 0.0 0.0 0.0 0.0 0.0 0.0 0.0 0.0 0.0 0.0 0.0 0.0 0.0 0.0 0.0 0.0 0.0 0.0 0.0 0.0 0.0 0.0 0.0 0.0 0.0 0.0 0.0 0.0 0.0 0.0 0.0 0.0 0.0 0.0 0.0 0.0 0.0 0.0 0.0 0.0 0.0 0.0 
0.0 1.0 0.0 0.0 0.0 0.0 3.0 2.8073549220576 0.0 0.0 3.0 0.0 0.0 0.0 0.0 0.0 2.0 0.0 0.0 0.0 0.0 0.0 0.0 3.4594316186373 0.0 0.0 1.0 4.0 0.0 0.0 0.0 0.0 0.0 0.0 0.0 1.0 0.0 0.0 0.0 0.0 0.0 0.0 0.0 
0.0 0.0 0.0 0.0 0.0 0.0 0.0 0.0 0.0 0.0 0.0 0.0 0.0 0.0 0.0 0.0 0.0 0.0 0.0 0.0 0.0 0.0 0.0 0.0 0.0 0.0 0.0 0.0 0.0 0.0 0.0 0.0 0.0 0.0 0.0 0.0 0.0 0.0 0.0 0.0 0.0 0.0 0.0 
0.0 0.0 0.0 0.0 3.8073549220576 0.0 0.0 0.0 0.0 0.0 0.0 0.0 0.0 0.0 0.0 0.0 0.0 0.0 0.0 0.0 0.0 0.0 0.0 2.0 0.0 0.0 0.0 2.0 0.0 0.0 0.0 0.0 2.0 0.0 0.0 0.0 0.0 2.58496250072116 0.0 0.0 2.8073549220576 0.0 0.0 
6.22881869049588 5.58496250072116 4.75488750216347 8.60733031374961 2.0 2.32192809488736 4.08746284125034 4.16992500144231 4.39231742277876 3.8073549220576 4.58496250072116 5.58496250072116 8.91288933622996 2.0 3.0 5.75488750216347 4.32192809488736 0.0 1.58496250072116 3.32192809488736 2.58496250072116 5.61470984411521 8.1548181090521 5.4262647547021 4.39231742277876 0.0 3.4594316186373 4.24792751344359 4.75488750216347 0.0 0.0 1.0 2.8073549220576 2.32192809488736 0.0 3.16992500144231 0.0 0.0 1.0 0.0 1.0 0.0 0.0 
0.0 0.0 2.0 2.0 0.0 0.0 0.0 0.0 0.0 0.0 0.0 0.0 0.0 0.0 0.0 0.0 0.0 0.0 0.0 0.0 0.0 2.32192809488736 0.0 0.0 0.0 1.58496250072116 2.58496250072116 1.58496250072116 0.0 0.0 0.0 0.0 0.0 0.0 0.0 0.0 0.0 0.0 0.0 0.0 1.0 1.0 0.0 
1.0 0.0 0.0 1.0 0.0 0.0 0.0 0.0 0.0 0.0 0.0 0.0 0.0 0.0 0.0 0.0 0.0 0.0 0.0 0.0 0.0 0.0 0.0 0.0 0.0 0.0 0.0 1.0 0.0 0.0 0.0 0.0 0.0 0.0 0.0 0.0 0.0 0.0 0.0 0.0 0.0 0.0 0.0 
0.0 0.0 0.0 0.0 0.0 0.0 0.0 3.16992500144231 0.0 0.0 0.0 0.0 1.0 0.0 0.0 0.0 0.0 1.0 0.0 0.0 0.0 0.0 1.58496250072116 0.0 0.0 0.0 0.0 0.0 0.0 0.0 1.0 0.0 0.0 0.0 0.0 0.0 0.0 0.0 0.0 0.0 1.0 0.0 2.32192809488736 
0.0 0.0 0.0 0.0 0.0 0.0 0.0 0.0 0.0 0.0 0.0 0.0 0.0 0.0 0.0 0.0 0.0 0.0 0.0 0.0 0.0 0.0 0.0 0.0 0.0 0.0 0.0 0.0 0.0 0.0 0.0 0.0 0.0 0.0 0.0 0.0 0.0 0.0 0.0 0.0 0.0 0.0 0.0 
0.0 0.0 0.0 0.0 0.0 0.0 0.0 0.0 0.0 0.0 0.0 0.0 0.0 0.0 0.0 0.0 0.0 0.0 0.0 0.0 0.0 0.0 0.0 0.0 0.0 0.0 0.0 0.0 0.0 0.0 0.0 0.0 0.0 0.0 0.0 0.0 0.0 0.0 0.0 0.0 0.0 0.0 0.0 
0.0 0.0 0.0 0.0 0.0 0.0 0.0 0.0 0.0 0.0 0.0 0.0 0.0 0.0 0.0 0.0 0.0 0.0 0.0 0.0 0.0 0.0 0.0 0.0 1.0 0.0 0.0 0.0 0.0 0.0 0.0 0.0 0.0 0.0 0.0 0.0 1.0 0.0 0.0 0.0 0.0 0.0 0.0 
0.0 0.0 0.0 0.0 0.0 0.0 0.0 2.32192809488736 0.0 4.39231742277876 2.8073549220576 3.90689059560852 0.0 0.0 0.0 0.0 0.0 0.0 0.0 0.0 0.0 2.8073549220576 2.32192809488736 2.0 0.0 0.0 0.0 0.0 1.58496250072116 0.0 0.0 2.0 0.0 0.0 0.0 0.0 0.0 0.0 0.0 0.0 3.4594316186373 0.0 0.0 
0.0 0.0 0.0 0.0 0.0 0.0 0.0 0.0 2.0 0.0 0.0 1.0 0.0 0.0 0.0 0.0 0.0 0.0 0.0 0.0 0.0 0.0 0.0 0.0 0.0 0.0 0.0 0.0 0.0 3.32192809488736 0.0 0.0 0.0 0.0 0.0 0.0 0.0 0.0 0.0 0.0 0.0 0.0 0.0 
0.0 0.0 0.0 0.0 0.0 0.0 0.0 0.0 0.0 0.0 0.0 0.0 0.0 0.0 0.0 0.0 0.0 0.0 0.0 0.0 0.0 0.0 0.0 0.0 0.0 0.0 0.0 0.0 0.0 0.0 0.0 0.0 0.0 0.0 0.0 2.0 0.0 0.0 0.0 0.0 0.0 0.0 0.0 
3.90689059560852 2.32192809488736 3.16992500144231 2.0 3.0 0.0 5.24792751344359 4.4594316186373 1.0 3.16992500144231 6.53915881110803 3.58496250072116 6.14974711950468 2.32192809488736 1.0 1.58496250072116 5.61470984411521 0.0 0.0 1.58496250072116 4.16992500144231 5.24792751344359 3.70043971814109 1.58496250072116 2.8073549220576 3.58496250072116 2.8073549220576 2.0 0.0 0.0 1.0 6.24792751344359 1.0 3.8073549220576 1.0 8.51569983828404 3.4594316186373 3.32192809488736 1.0 4.0 3.8073549220576 1.0 2.0 
0.0 0.0 0.0 1.0 0.0 0.0 2.0 0.0 1.0 0.0 0.0 0.0 1.0 0.0 0.0 0.0 0.0 0.0 0.0 0.0 0.0 0.0 0.0 0.0 0.0 0.0 0.0 0.0 0.0 0.0 0.0 0.0 0.0 0.0 0.0 0.0 0.0 0.0 0.0 0.0 0.0 0.0 0.0 
1.0 1.58496250072116 1.58496250072116 0.0 1.58496250072116 0.0 1.0 0.0 0.0 0.0 3.32192809488736 1.58496250072116 1.58496250072116 0.0 0.0 0.0 2.58496250072116 0.0 0.0 0.0 2.0 0.0 2.0 0.0 0.0 1.0 1.0 1.58496250072116 0.0 0.0 0.0 2.8073549220576 0.0 0.0 0.0 3.16992500144231 0.0 0.0 0.0 0.0 1.0 0.0 0.0 
0.0 0.0 0.0 0.0 0.0 0.0 0.0 0.0 0.0 0.0 0.0 0.0 0.0 0.0 0.0 0.0 0.0 0.0 0.0 0.0 0.0 0.0 0.0 0.0 0.0 0.0 0.0 0.0 0.0 0.0 0.0 0.0 0.0 0.0 0.0 0.0 0.0 0.0 0.0 0.0 4.8073549220576 0.0 0.0 
0.0 0.0 0.0 0.0 0.0 0.0 0.0 0.0 0.0 0.0 0.0 2.0 0.0 0.0 0.0 0.0 0.0 0.0 0.0 0.0 0.0 0.0 0.0 0.0 0.0 0.0 0.0 0.0 0.0 0.0 0.0 0.0 0.0 0.0 0.0 0.0 0.0 0.0 0.0 0.0 0.0 0.0 0.0 
0.0 0.0 4.0 0.0 0.0 0.0 0.0 1.0 0.0 0.0 0.0 0.0 0.0 0.0 0.0 0.0 1.0 0.0 0.0 0.0 1.0 1.0 0.0 1.58496250072116 0.0 0.0 0.0 0.0 0.0 0.0 0.0 0.0 0.0 0.0 0.0 1.0 0.0 0.0 0.0 0.0 0.0 0.0 0.0 
0.0 1.58496250072116 0.0 2.0 0.0 0.0 0.0 0.0 1.0 3.0 2.32192809488736 1.58496250072116 0.0 3.0 0.0 0.0 0.0 0.0 3.32192809488736 0.0 0.0 0.0 0.0 0.0 0.0 0.0 0.0 0.0 0.0 0.0 0.0 0.0 0.0 0.0 0.0 0.0 0.0 0.0 0.0 0.0 0.0 0.0 0.0 
1.0 0.0 0.0 0.0 0.0 0.0 3.0 0.0 0.0 0.0 1.58496250072116 0.0 2.0 0.0 1.58496250072116 0.0 0.0 0.0 0.0 0.0 0.0 0.0 0.0 3.70043971814109 1.58496250072116 0.0 0.0 0.0 0.0 0.0 2.0 1.58496250072116 0.0 0.0 0.0 2.0 0.0 0.0 0.0 0.0 0.0 0.0 0.0 
0.0 0.0 0.0 0.0 0.0 0.0 0.0 0.0 0.0 0.0 0.0 0.0 0.0 1.0 0.0 0.0 0.0 0.0 0.0 0.0 0.0 0.0 0.0 0.0 0.0 0.0 0.0 0.0 0.0 0.0 0.0 0.0 0.0 0.0 0.0 0.0 0.0 0.0 0.0 0.0 0.0 0.0 0.0 
0.0 0.0 0.0 0.0 0.0 0.0 0.0 0.0 0.0 0.0 0.0 0.0 0.0 0.0 0.0 0.0 0.0 0.0 0.0 0.0 0.0 0.0 0.0 0.0 0.0 0.0 0.0 0.0 0.0 0.0 0.0 0.0 0.0 0.0 0.0 0.0 0.0 0.0 0.0 0.0 0.0 0.0 0.0 
0.0 0.0 0.0 0.0 0.0 0.0 0.0 0.0 0.0 0.0 0.0 0.0 0.0 0.0 0.0 0.0 0.0 0.0 0.0 0.0 0.0 0.0 0.0 0.0 0.0 0.0 0.0 0.0 0.0 0.0 0.0 0.0 0.0 0.0 0.0 0.0 0.0 0.0 0.0 0.0 0.0 0.0 0.0 
1.0 0.0 2.0 0.0 2.58496250072116 0.0 2.58496250072116 3.4594316186373 0.0 1.58496250072116 4.0 4.0 4.39231742277876 2.32192809488736 0.0 0.0 3.4594316186373 0.0 1.0 3.32192809488736 3.8073549220576 3.4594316186373 2.32192809488736 1.0 1.0 1.58496250072116 0.0 0.0 0.0 1.0 1.0 3.32192809488736 0.0 1.58496250072116 0.0 4.32192809488736 1.58496250072116 0.0 0.0 2.32192809488736 1.58496250072116 0.0 1.0 
0.0 0.0 0.0 0.0 0.0 0.0 0.0 0.0 0.0 0.0 0.0 0.0 0.0 0.0 0.0 0.0 0.0 0.0 0.0 0.0 0.0 0.0 0.0 0.0 0.0 0.0 0.0 0.0 0.0 0.0 0.0 0.0 0.0 0.0 0.0 0.0 0.0 0.0 0.0 0.0 0.0 0.0 0.0 
3.32192809488736 3.90689059560852 1.0 2.8073549220576 1.58496250072116 1.58496250072116 0.0 2.58496250072116 6.62935662007961 0.0 2.8073549220576 3.32192809488736 9.10590850857116 0.0 3.0 0.0 2.32192809488736 0.0 4.75488750216347 0.0 2.0 1.58496250072116 3.32192809488736 6.02236781302845 3.32192809488736 6.98868468677217 2.32192809488736 3.4594316186373 1.0 0.0 0.0 2.0 3.16992500144231 0.0 1.58496250072116 6.76818432477693 0.0 2.0 0.0 0.0 2.8073549220576 0.0 0.0 
1.0 0.0 0.0 1.0 1.0 1.58496250072116 0.0 1.0 0.0 0.0 3.0 1.58496250072116 0.0 1.0 0.0 0.0 0.0 0.0 1.0 0.0 0.0 1.0 0.0 1.0 4.0 0.0 2.0 1.0 1.0 0.0 1.0 1.0 1.0 1.58496250072116 0.0 0.0 0.0 1.0 0.0 0.0 1.58496250072116 0.0 0.0 
0.0 0.0 0.0 0.0 0.0 0.0 0.0 0.0 0.0 0.0 0.0 0.0 0.0 0.0 0.0 0.0 0.0 0.0 0.0 0.0 0.0 0.0 0.0 0.0 1.0 0.0 0.0 0.0 0.0 0.0 0.0 0.0 0.0 0.0 0.0 0.0 0.0 0.0 0.0 0.0 0.0 0.0 0.0 
0.0 0.0 0.0 0.0 0.0 0.0 0.0 0.0 0.0 0.0 0.0 0.0 0.0 0.0 0.0 0.0 0.0 0.0 0.0 0.0 0.0 0.0 0.0 0.0 0.0 0.0 0.0 1.58496250072116 0.0 0.0 0.0 0.0 0.0 0.0 0.0 0.0 0.0 0.0 0.0 0.0 0.0 0.0 0.0 
0.0 0.0 0.0 0.0 0.0 0.0 0.0 0.0 0.0 0.0 0.0 0.0 0.0 0.0 0.0 0.0 0.0 0.0 0.0 0.0 0.0 0.0 0.0 0.0 0.0 0.0 0.0 0.0 0.0 0.0 0.0 0.0 0.0 0.0 0.0 0.0 0.0 0.0 0.0 0.0 2.32192809488736 0.0 0.0 
0.0 0.0 0.0 0.0 0.0 0.0 0.0 0.0 0.0 0.0 0.0 0.0 0.0 0.0 0.0 0.0 0.0 0.0 0.0 0.0 0.0 0.0 0.0 0.0 0.0 0.0 0.0 0.0 0.0 0.0 0.0 0.0 0.0 0.0 0.0 0.0 0.0 0.0 0.0 0.0 0.0 0.0 0.0 
0.0 0.0 2.58496250072116 1.58496250072116 1.0 2.32192809488736 2.32192809488736 1.0 0.0 2.0 2.0 1.0 1.0 1.58496250072116 2.0 2.0 2.0 2.32192809488736 0.0 2.0 1.58496250072116 0.0 0.0 1.0 1.0 1.0 2.0 1.58496250072116 1.0 1.0 2.0 1.0 1.0 1.0 0.0 1.0 0.0 2.32192809488736 0.0 1.0 2.32192809488736 1.0 0.0 
0.0 0.0 0.0 0.0 0.0 0.0 0.0 0.0 0.0 0.0 0.0 0.0 0.0 0.0 0.0 0.0 0.0 0.0 0.0 0.0 0.0 0.0 0.0 0.0 0.0 0.0 0.0 0.0 0.0 0.0 0.0 0.0 0.0 0.0 0.0 0.0 0.0 0.0 0.0 0.0 0.0 0.0 0.0 
0.0 0.0 0.0 0.0 0.0 0.0 0.0 0.0 1.58496250072116 0.0 0.0 0.0 0.0 0.0 1.0 0.0 0.0 2.0 0.0 0.0 0.0 0.0 0.0 0.0 0.0 0.0 0.0 0.0 0.0 0.0 0.0 0.0 0.0 0.0 0.0 2.32192809488736 0.0 0.0 0.0 0.0 0.0 0.0 0.0 
0.0 0.0 0.0 0.0 0.0 0.0 0.0 0.0 0.0 0.0 0.0 0.0 0.0 0.0 0.0 0.0 0.0 0.0 0.0 0.0 0.0 0.0 0.0 0.0 0.0 0.0 0.0 0.0 0.0 0.0 0.0 0.0 0.0 0.0 0.0 0.0 0.0 0.0 0.0 0.0 0.0 0.0 0.0 
0.0 0.0 0.0 0.0 0.0 0.0 0.0 0.0 0.0 0.0 0.0 0.0 1.0 0.0 0.0 0.0 0.0 0.0 0.0 0.0 0.0 0.0 0.0 0.0 0.0 0.0 0.0 0.0 0.0 0.0 0.0 0.0 0.0 0.0 0.0 0.0 0.0 0.0 0.0 0.0 0.0 0.0 0.0 
0.0 0.0 0.0 0.0 0.0 0.0 0.0 0.0 0.0 0.0 0.0 0.0 0.0 0.0 0.0 0.0 0.0 0.0 0.0 0.0 0.0 0.0 0.0 0.0 1.0 0.0 0.0 0.0 0.0 0.0 0.0 0.0 0.0 0.0 0.0 0.0 0.0 0.0 0.0 0.0 0.0 0.0 0.0 
0.0 0.0 0.0 0.0 0.0 0.0 0.0 0.0 0.0 0.0 2.32192809488736 0.0 0.0 0.0 0.0 0.0 0.0 0.0 0.0 0.0 0.0 0.0 0.0 0.0 0.0 0.0 0.0 0.0 0.0 0.0 0.0 0.0 0.0 0.0 0.0 0.0 0.0 0.0 0.0 0.0 0.0 0.0 0.0 
0.0 1.0 0.0 0.0 0.0 0.0 0.0 1.58496250072116 0.0 0.0 3.32192809488736 0.0 1.0 0.0 0.0 2.0 1.0 0.0 0.0 1.0 0.0 3.4594316186373 3.16992500144231 4.32192809488736 0.0 0.0 0.0 2.58496250072116 2.58496250072116 2.32192809488736 0.0 0.0 2.0 0.0 0.0 2.0 0.0 0.0 1.0 1.0 2.0 0.0 0.0 
0.0 0.0 0.0 0.0 0.0 0.0 0.0 0.0 0.0 0.0 0.0 0.0 0.0 0.0 0.0 0.0 0.0 0.0 0.0 0.0 0.0 0.0 0.0 0.0 0.0 0.0 0.0 0.0 0.0 0.0 0.0 0.0 0.0 0.0 0.0 0.0 0.0 0.0 0.0 0.0 0.0 0.0 0.0 
1.0 0.0 2.0 0.0 1.0 0.0 1.58496250072116 4.0 0.0 0.0 3.58496250072116 0.0 2.32192809488736 1.58496250072116 0.0 0.0 4.0 2.32192809488736 0.0 1.0 3.16992500144231 2.32192809488736 2.58496250072116 2.8073549220576 3.90689059560852 0.0 1.58496250072116 1.58496250072116 0.0 0.0 0.0 3.90689059560852 0.0 1.0 0.0 2.8073549220576 3.90689059560852 1.0 0.0 0.0 1.58496250072116 0.0 2.0 
0.0 0.0 0.0 0.0 0.0 0.0 0.0 0.0 0.0 0.0 0.0 0.0 0.0 0.0 0.0 0.0 0.0 0.0 0.0 0.0 0.0 0.0 0.0 0.0 0.0 0.0 0.0 0.0 0.0 0.0 0.0 0.0 0.0 0.0 0.0 0.0 0.0 0.0 0.0 0.0 0.0 0.0 0.0 
0.0 0.0 0.0 1.0 0.0 0.0 0.0 0.0 0.0 0.0 0.0 0.0 0.0 0.0 0.0 0.0 0.0 0.0 0.0 0.0 0.0 0.0 0.0 1.0 0.0 0.0 0.0 0.0 0.0 0.0 0.0 0.0 0.0 0.0 0.0 0.0 0.0 0.0 0.0 1.0 0.0 0.0 0.0 
0.0 0.0 2.0 0.0 2.0 0.0 1.0 2.0 0.0 1.58496250072116 2.8073549220576 1.0 2.8073549220576 0.0 0.0 0.0 1.58496250072116 0.0 0.0 0.0 0.0 2.0 2.32192809488736 0.0 0.0 1.0 0.0 0.0 0.0 0.0 0.0 2.58496250072116 0.0 1.0 0.0 2.0 0.0 0.0 0.0 0.0 2.0 0.0 0.0 
0.0 0.0 0.0 1.58496250072116 0.0 0.0 0.0 0.0 0.0 0.0 0.0 1.0 0.0 2.58496250072116 0.0 1.0 0.0 0.0 0.0 0.0 0.0 0.0 0.0 0.0 1.0 0.0 0.0 0.0 0.0 0.0 0.0 0.0 0.0 0.0 0.0 0.0 0.0 0.0 0.0 0.0 0.0 0.0 0.0 
0.0 0.0 0.0 0.0 0.0 0.0 0.0 0.0 0.0 0.0 0.0 0.0 0.0 0.0 0.0 0.0 0.0 0.0 0.0 0.0 0.0 0.0 0.0 0.0 0.0 0.0 0.0 0.0 0.0 0.0 0.0 0.0 0.0 0.0 0.0 0.0 0.0 0.0 0.0 0.0 0.0 0.0 0.0 
0.0 0.0 0.0 0.0 0.0 0.0 0.0 0.0 0.0 0.0 0.0 0.0 0.0 0.0 0.0 0.0 0.0 0.0 0.0 0.0 0.0 0.0 0.0 0.0 0.0 0.0 0.0 0.0 0.0 0.0 0.0 0.0 0.0 0.0 0.0 0.0 0.0 0.0 0.0 0.0 0.0 0.0 0.0 
0.0 0.0 0.0 0.0 0.0 0.0 0.0 0.0 0.0 0.0 0.0 2.0 0.0 0.0 0.0 0.0 0.0 0.0 0.0 0.0 0.0 0.0 0.0 3.90689059560852 0.0 0.0 0.0 0.0 1.0 0.0 0.0 0.0 0.0 0.0 0.0 0.0 0.0 0.0 0.0 0.0 0.0 0.0 0.0 
0.0 0.0 0.0 0.0 0.0 0.0 0.0 0.0 0.0 0.0 0.0 0.0 0.0 0.0 0.0 0.0 0.0 0.0 0.0 0.0 0.0 0.0 0.0 0.0 0.0 0.0 0.0 0.0 0.0 0.0 0.0 0.0 0.0 0.0 0.0 0.0 0.0 0.0 0.0 0.0 0.0 0.0 0.0 
0.0 0.0 0.0 0.0 0.0 0.0 0.0 0.0 0.0 0.0 0.0 0.0 0.0 0.0 0.0 0.0 0.0 0.0 0.0 0.0 0.0 0.0 0.0 0.0 0.0 0.0 0.0 0.0 0.0 0.0 0.0 0.0 0.0 0.0 0.0 0.0 0.0 0.0 0.0 0.0 0.0 0.0 0.0 
0.0 0.0 0.0 0.0 0.0 0.0 0.0 0.0 0.0 0.0 0.0 0.0 0.0 0.0 0.0 0.0 0.0 0.0 0.0 0.0 0.0 0.0 0.0 0.0 0.0 0.0 0.0 0.0 0.0 0.0 0.0 0.0 0.0 0.0 0.0 0.0 0.0 0.0 0.0 0.0 0.0 0.0 0.0 
0.0 1.58496250072116 0.0 0.0 0.0 0.0 0.0 0.0 0.0 0.0 0.0 0.0 0.0 2.0 0.0 0.0 0.0 0.0 0.0 0.0 0.0 1.58496250072116 0.0 0.0 0.0 0.0 0.0 0.0 0.0 0.0 0.0 0.0 1.0 0.0 0.0 0.0 0.0 0.0 0.0 0.0 0.0 0.0 0.0 
0.0 0.0 0.0 0.0 0.0 0.0 0.0 0.0 0.0 0.0 0.0 0.0 0.0 0.0 0.0 0.0 0.0 0.0 0.0 0.0 0.0 0.0 0.0 0.0 0.0 0.0 0.0 0.0 0.0 0.0 0.0 0.0 0.0 0.0 0.0 0.0 0.0 0.0 0.0 0.0 0.0 0.0 0.0 
0.0 0.0 0.0 0.0 0.0 0.0 0.0 0.0 0.0 0.0 0.0 0.0 0.0 0.0 0.0 0.0 0.0 0.0 0.0 0.0 0.0 0.0 0.0 0.0 0.0 0.0 0.0 0.0 0.0 0.0 0.0 0.0 0.0 0.0 0.0 0.0 0.0 0.0 0.0 0.0 0.0 0.0 0.0 
0.0 0.0 0.0 0.0 0.0 0.0 0.0 0.0 0.0 0.0 0.0 0.0 0.0 0.0 0.0 0.0 0.0 0.0 0.0 0.0 0.0 0.0 0.0 0.0 0.0 0.0 0.0 0.0 0.0 0.0 0.0 0.0 0.0 0.0 0.0 0.0 1.0 0.0 0.0 0.0 3.0 0.0 0.0 
0.0 0.0 2.8073549220576 5.32192809488736 0.0 0.0 0.0 2.32192809488736 0.0 2.0 1.0 5.04439411935845 4.08746284125034 2.0 0.0 0.0 1.0 0.0 1.58496250072116 0.0 0.0 3.16992500144231 2.0 0.0 0.0 0.0 0.0 0.0 0.0 0.0 0.0 0.0 0.0 0.0 0.0 5.70043971814109 0.0 3.70043971814109 0.0 2.32192809488736 8.7176764230664 0.0 0.0 
2.58496250072116 2.58496250072116 1.58496250072116 2.32192809488736 0.0 1.0 0.0 1.0 0.0 0.0 1.0 0.0 0.0 2.58496250072116 1.0 2.58496250072116 1.0 1.0 1.0 0.0 0.0 1.58496250072116 1.0 1.58496250072116 0.0 0.0 1.58496250072116 1.0 0.0 0.0 0.0 0.0 0.0 0.0 0.0 0.0 0.0 0.0 0.0 0.0 0.0 0.0 0.0 
1.0 0.0 0.0 0.0 0.0 0.0 0.0 0.0 0.0 0.0 1.0 4.75488750216347 0.0 0.0 0.0 8.10852445677817 0.0 0.0 0.0 0.0 0.0 0.0 0.0 0.0 0.0 0.0 0.0 0.0 0.0 0.0 2.8073549220576 0.0 0.0 0.0 0.0 4.08746284125034 0.0 0.0 0.0 0.0 0.0 0.0 0.0 
0.0 0.0 0.0 0.0 0.0 0.0 0.0 0.0 0.0 0.0 0.0 0.0 0.0 0.0 0.0 0.0 0.0 0.0 0.0 0.0 0.0 0.0 0.0 0.0 0.0 0.0 0.0 0.0 0.0 0.0 0.0 0.0 0.0 0.0 0.0 0.0 0.0 0.0 0.0 0.0 0.0 0.0 0.0 
0.0 0.0 0.0 0.0 3.70043971814109 0.0 0.0 0.0 0.0 3.32192809488736 0.0 0.0 2.32192809488736 0.0 0.0 0.0 0.0 4.4594316186373 0.0 0.0 0.0 0.0 0.0 0.0 0.0 0.0 0.0 0.0 0.0 0.0 0.0 1.0 0.0 0.0 0.0 2.58496250072116 0.0 0.0 0.0 0.0 0.0 0.0 0.0 
0.0 0.0 0.0 0.0 0.0 0.0 0.0 0.0 0.0 0.0 0.0 0.0 0.0 0.0 0.0 0.0 0.0 0.0 0.0 0.0 0.0 0.0 0.0 0.0 0.0 0.0 0.0 0.0 0.0 0.0 0.0 0.0 0.0 0.0 0.0 0.0 0.0 0.0 0.0 0.0 0.0 0.0 0.0 
0.0 0.0 0.0 0.0 0.0 0.0 0.0 0.0 0.0 0.0 0.0 0.0 0.0 0.0 0.0 0.0 0.0 0.0 0.0 0.0 0.0 0.0 0.0 0.0 0.0 0.0 0.0 0.0 0.0 3.4594316186373 0.0 0.0 0.0 0.0 0.0 0.0 0.0 0.0 0.0 0.0 0.0 0.0 0.0 
0.0 0.0 0.0 0.0 0.0 0.0 0.0 0.0 0.0 0.0 0.0 0.0 0.0 0.0 0.0 0.0 0.0 0.0 0.0 0.0 0.0 0.0 0.0 0.0 0.0 0.0 0.0 0.0 0.0 0.0 0.0 0.0 0.0 0.0 0.0 0.0 0.0 0.0 0.0 0.0 0.0 0.0 0.0 
11.7553048882624 11.8719052376592 13.7301516731733 13.137471503352 13.5868397879618 13.1722712290547 14.3328757311527 12.6073303137496 12.8938703047851 13.5364900731992 13.3484515374071 13.4998458870832 12.5533893047216 12.5622424242211 14.3527331494979 13.0833131086508 13.7963438571963 14.5245417150358 11.0063260785249 14.1682803688587 13.4381420777437 10.7976615258538 13.0363453517407 11.8336807486547 13.486835021563 12.3125993788626 13.7350270798026 13.7197096693902 12.8986013874039 13.9260179563565 14.4404150104652 12.3459595964041 11.8447057644119 13.1739893741665 13.6697708885255 12.9006781587434 13.0024634388925 13.9897492754621 12.9406806484241 14.5871328935562 13.5437568533759 13.5511074140668 12.1611318829843 
0.0 0.0 0.0 0.0 0.0 0.0 0.0 3.32192809488736 0.0 0.0 0.0 0.0 0.0 0.0 0.0 0.0 0.0 0.0 1.0 0.0 0.0 0.0 0.0 1.0 0.0 0.0 0.0 0.0 0.0 0.0 0.0 0.0 0.0 0.0 0.0 0.0 0.0 0.0 0.0 0.0 0.0 0.0 0.0 
0.0 0.0 0.0 0.0 0.0 0.0 0.0 0.0 0.0 0.0 0.0 0.0 0.0 0.0 0.0 2.58496250072116 0.0 2.0 0.0 0.0 0.0 2.58496250072116 2.0 3.0 0.0 0.0 1.0 0.0 3.0 1.0 0.0 0.0 0.0 3.0 0.0 1.0 1.58496250072116 0.0 0.0 2.0 0.0 0.0 0.0 
0.0 0.0 0.0 0.0 0.0 0.0 0.0 0.0 0.0 0.0 0.0 0.0 0.0 0.0 0.0 0.0 0.0 0.0 1.0 0.0 3.16992500144231 0.0 0.0 2.32192809488736 0.0 0.0 0.0 0.0 0.0 0.0 0.0 0.0 0.0 0.0 0.0 0.0 0.0 0.0 0.0 0.0 0.0 2.58496250072116 0.0 
5.78135971352466 7.4757334309664 3.90689059560852 1.0 0.0 0.0 2.8073549220576 3.90689059560852 0.0 2.8073549220576 2.0 6.3037807481771 3.58496250072116 3.16992500144231 1.58496250072116 0.0 0.0 0.0 11.0306671362469 4.90689059560852 0.0 7.53915881110803 0.0 10.6537407787066 0.0 8.27146302790437 0.0 0.0 0.0 0.0 0.0 0.0 7.18982455888002 0.0 0.0 1.58496250072116 3.90689059560852 10.5961897561444 11.047123912114 0.0 0.0 1.0 13.6345841934937 
0.0 0.0 0.0 0.0 0.0 0.0 0.0 0.0 0.0 0.0 0.0 0.0 0.0 0.0 0.0 0.0 0.0 0.0 0.0 0.0 0.0 0.0 5.20945336562895 0.0 0.0 0.0 0.0 0.0 0.0 0.0 3.32192809488736 0.0 0.0 0.0 0.0 0.0 0.0 0.0 0.0 0.0 0.0 0.0 0.0 
0.0 0.0 0.0 0.0 0.0 0.0 0.0 0.0 0.0 0.0 0.0 0.0 0.0 0.0 0.0 0.0 0.0 0.0 0.0 0.0 2.0 0.0 0.0 0.0 0.0 0.0 0.0 0.0 0.0 0.0 0.0 0.0 0.0 0.0 0.0 0.0 0.0 0.0 0.0 0.0 0.0 0.0 0.0 
0.0 0.0 0.0 0.0 0.0 0.0 0.0 0.0 0.0 0.0 0.0 0.0 0.0 0.0 0.0 0.0 0.0 0.0 0.0 0.0 0.0 0.0 0.0 0.0 0.0 0.0 0.0 0.0 0.0 0.0 0.0 0.0 0.0 0.0 0.0 0.0 0.0 0.0 0.0 0.0 0.0 0.0 0.0 
0.0 0.0 0.0 0.0 0.0 0.0 0.0 0.0 0.0 0.0 0.0 0.0 0.0 0.0 0.0 0.0 0.0 0.0 0.0 0.0 0.0 0.0 0.0 0.0 0.0 0.0 0.0 0.0 0.0 0.0 0.0 0.0 0.0 0.0 0.0 0.0 0.0 0.0 0.0 0.0 0.0 0.0 0.0 
0.0 0.0 0.0 0.0 0.0 0.0 0.0 0.0 1.0 0.0 0.0 0.0 0.0 0.0 0.0 0.0 0.0 0.0 0.0 0.0 0.0 0.0 0.0 0.0 0.0 0.0 0.0 0.0 0.0 0.0 0.0 0.0 0.0 0.0 0.0 0.0 0.0 0.0 0.0 0.0 0.0 0.0 0.0 
0.0 0.0 0.0 0.0 0.0 0.0 3.16992500144231 0.0 0.0 0.0 0.0 0.0 0.0 0.0 0.0 0.0 0.0 0.0 0.0 0.0 0.0 0.0 0.0 0.0 0.0 0.0 0.0 0.0 0.0 0.0 0.0 0.0 0.0 0.0 0.0 0.0 0.0 0.0 0.0 0.0 0.0 0.0 0.0 
0.0 0.0 0.0 0.0 0.0 0.0 0.0 0.0 0.0 0.0 0.0 0.0 0.0 0.0 0.0 0.0 0.0 0.0 0.0 0.0 0.0 0.0 0.0 0.0 0.0 0.0 0.0 0.0 0.0 0.0 0.0 0.0 0.0 0.0 0.0 0.0 0.0 0.0 0.0 0.0 0.0 0.0 0.0 
0.0 1.0 1.0 2.0 0.0 1.0 1.0 0.0 1.0 1.58496250072116 0.0 0.0 0.0 0.0 0.0 0.0 0.0 0.0 1.0 0.0 0.0 0.0 1.0 1.58496250072116 0.0 0.0 0.0 0.0 0.0 0.0 0.0 0.0 1.0 1.0 0.0 2.0 0.0 0.0 0.0 0.0 0.0 0.0 0.0 
0.0 0.0 0.0 0.0 0.0 0.0 0.0 0.0 0.0 0.0 0.0 0.0 0.0 0.0 0.0 0.0 0.0 0.0 0.0 0.0 0.0 0.0 0.0 0.0 0.0 0.0 0.0 0.0 0.0 0.0 0.0 0.0 0.0 0.0 0.0 0.0 0.0 0.0 0.0 0.0 0.0 0.0 0.0 
4.95419631038687 3.0 3.8073549220576 2.0 1.58496250072116 4.95419631038687 6.06608919045777 3.16992500144231 3.70043971814109 12.1195896207411 3.70043971814109 6.0 6.2667865406949 0.0 7.52356195605701 3.0 5.12928301694497 0.0 4.08746284125034 0.0 1.0 1.0 6.94251450533924 4.8073549220576 7.35755200461808 2.0 4.4594316186373 2.0 5.90689059560852 2.8073549220576 2.8073549220576 3.90689059560852 2.0 2.8073549220576 0.0 0.0 9.38801728534514 4.0 3.4594316186373 5.0 5.95419631038687 0.0 0.0 
0.0 4.52356195605701 0.0 2.0 0.0 0.0 0.0 0.0 0.0 1.0 0.0 1.0 1.58496250072116 2.32192809488736 1.0 1.58496250072116 0.0 0.0 0.0 0.0 0.0 0.0 0.0 8.98299357469431 0.0 0.0 0.0 2.0 0.0 4.08746284125034 0.0 1.0 1.0 0.0 1.58496250072116 0.0 0.0 0.0 0.0 0.0 0.0 0.0 0.0 
0.0 0.0 0.0 0.0 0.0 0.0 0.0 0.0 0.0 0.0 0.0 0.0 0.0 0.0 0.0 0.0 0.0 0.0 0.0 0.0 0.0 0.0 0.0 0.0 0.0 0.0 0.0 0.0 0.0 0.0 0.0 0.0 0.0 0.0 0.0 0.0 0.0 0.0 0.0 0.0 0.0 0.0 0.0 
0.0 0.0 0.0 0.0 0.0 0.0 0.0 0.0 0.0 0.0 0.0 0.0 0.0 0.0 0.0 0.0 0.0 0.0 0.0 0.0 0.0 0.0 0.0 0.0 0.0 0.0 0.0 0.0 0.0 0.0 0.0 0.0 0.0 0.0 0.0 0.0 0.0 0.0 0.0 0.0 0.0 0.0 0.0 
0.0 0.0 0.0 0.0 0.0 0.0 0.0 0.0 0.0 0.0 0.0 0.0 0.0 0.0 0.0 0.0 0.0 0.0 0.0 0.0 1.58496250072116 0.0 0.0 0.0 0.0 0.0 0.0 0.0 0.0 0.0 0.0 0.0 0.0 0.0 1.0 2.8073549220576 0.0 0.0 0.0 0.0 0.0 0.0 0.0 
0.0 0.0 0.0 0.0 0.0 0.0 0.0 0.0 0.0 0.0 0.0 0.0 0.0 0.0 0.0 0.0 0.0 0.0 0.0 0.0 0.0 0.0 0.0 0.0 0.0 0.0 0.0 0.0 0.0 0.0 0.0 0.0 0.0 0.0 0.0 0.0 0.0 0.0 0.0 0.0 0.0 0.0 0.0 
0.0 0.0 0.0 0.0 0.0 0.0 0.0 0.0 0.0 0.0 0.0 0.0 0.0 0.0 0.0 0.0 0.0 0.0 0.0 0.0 0.0 0.0 0.0 0.0 0.0 0.0 0.0 0.0 0.0 0.0 0.0 0.0 0.0 0.0 0.0 0.0 0.0 0.0 0.0 0.0 0.0 0.0 0.0 
0.0 0.0 0.0 0.0 0.0 0.0 0.0 0.0 0.0 0.0 0.0 0.0 0.0 0.0 1.0 0.0 0.0 0.0 0.0 0.0 0.0 0.0 0.0 0.0 0.0 0.0 0.0 0.0 0.0 0.0 0.0 0.0 0.0 0.0 0.0 0.0 0.0 0.0 0.0 0.0 0.0 0.0 0.0 
0.0 0.0 0.0 0.0 0.0 0.0 0.0 0.0 0.0 0.0 0.0 0.0 0.0 0.0 0.0 0.0 0.0 0.0 0.0 0.0 0.0 0.0 0.0 0.0 0.0 0.0 0.0 0.0 0.0 0.0 0.0 0.0 0.0 0.0 0.0 0.0 0.0 0.0 0.0 0.0 0.0 0.0 0.0 
4.64385618977472 10.0728025345442 5.32192809488736 6.83289001416474 4.08746284125034 0.0 5.12928301694497 7.59245703726808 5.08746284125034 7.94251450533924 3.8073549220576 4.08746284125034 2.8073549220576 11.4496645384762 5.4594316186373 7.68650052718322 5.49185309632967 6.64385618977472 0.0 2.8073549220576 1.0 5.95419631038687 1.0 6.79441586635011 3.32192809488736 3.8073549220576 5.85798099512757 6.10852445677817 2.0 1.0 5.28540221886225 4.08746284125034 2.0 4.39231742277876 2.0 6.10852445677817 0.0 1.0 2.0 6.24792751344359 2.32192809488736 2.58496250072116 2.0 
0.0 0.0 0.0 0.0 0.0 0.0 0.0 0.0 0.0 0.0 0.0 0.0 0.0 0.0 0.0 0.0 0.0 0.0 0.0 0.0 0.0 0.0 0.0 0.0 0.0 0.0 0.0 0.0 0.0 0.0 0.0 0.0 0.0 0.0 0.0 0.0 0.0 0.0 0.0 0.0 0.0 0.0 0.0 
0.0 0.0 0.0 0.0 2.0 0.0 0.0 0.0 0.0 0.0 0.0 2.0 0.0 0.0 0.0 0.0 0.0 0.0 0.0 0.0 0.0 0.0 2.58496250072116 0.0 0.0 0.0 0.0 0.0 0.0 0.0 0.0 0.0 0.0 0.0 0.0 0.0 0.0 0.0 0.0 0.0 0.0 0.0 0.0 
0.0 0.0 0.0 0.0 0.0 0.0 0.0 0.0 0.0 0.0 0.0 0.0 0.0 0.0 0.0 0.0 0.0 0.0 0.0 0.0 0.0 0.0 0.0 0.0 0.0 0.0 0.0 0.0 0.0 0.0 0.0 0.0 0.0 0.0 0.0 0.0 0.0 0.0 0.0 0.0 0.0 0.0 0.0 
0.0 0.0 0.0 1.0 0.0 0.0 0.0 3.70043971814109 3.4594316186373 0.0 2.0 0.0 0.0 0.0 0.0 0.0 0.0 2.0 1.0 0.0 0.0 0.0 0.0 0.0 0.0 0.0 0.0 0.0 0.0 0.0 0.0 0.0 0.0 0.0 0.0 4.85798099512757 0.0 0.0 0.0 0.0 2.8073549220576 0.0 0.0 
0.0 0.0 0.0 0.0 0.0 0.0 0.0 0.0 0.0 0.0 0.0 0.0 0.0 0.0 0.0 0.0 0.0 0.0 0.0 0.0 0.0 0.0 0.0 0.0 0.0 0.0 0.0 0.0 0.0 0.0 0.0 0.0 0.0 0.0 0.0 0.0 0.0 0.0 0.0 0.0 0.0 0.0 0.0 
0.0 0.0 0.0 0.0 0.0 0.0 0.0 0.0 0.0 0.0 0.0 0.0 0.0 0.0 0.0 0.0 0.0 0.0 0.0 0.0 0.0 0.0 0.0 0.0 0.0 0.0 0.0 0.0 0.0 3.58496250072116 0.0 0.0 0.0 0.0 0.0 0.0 0.0 0.0 0.0 0.0 0.0 0.0 0.0 
0.0 0.0 0.0 0.0 0.0 0.0 0.0 0.0 0.0 0.0 2.0 0.0 0.0 0.0 0.0 0.0 1.0 0.0 1.0 0.0 0.0 1.0 2.58496250072116 0.0 0.0 0.0 0.0 0.0 3.0 0.0 0.0 0.0 0.0 0.0 0.0 3.16992500144231 2.0 0.0 0.0 0.0 0.0 0.0 0.0 
1.58496250072116 0.0 0.0 0.0 0.0 0.0 0.0 0.0 1.0 0.0 0.0 0.0 0.0 0.0 0.0 1.0 0.0 0.0 1.58496250072116 0.0 0.0 1.58496250072116 0.0 0.0 2.32192809488736 1.58496250072116 0.0 0.0 0.0 0.0 0.0 0.0 0.0 0.0 0.0 0.0 0.0 0.0 2.32192809488736 0.0 0.0 0.0 0.0 
0.0 0.0 0.0 0.0 0.0 0.0 0.0 0.0 0.0 0.0 0.0 0.0 0.0 0.0 0.0 0.0 0.0 0.0 0.0 0.0 0.0 0.0 0.0 1.0 0.0 0.0 0.0 0.0 0.0 0.0 0.0 0.0 0.0 0.0 0.0 0.0 0.0 0.0 0.0 0.0 0.0 0.0 0.0 
0.0 0.0 0.0 0.0 0.0 0.0 0.0 0.0 0.0 0.0 0.0 0.0 0.0 0.0 0.0 0.0 0.0 0.0 0.0 0.0 0.0 0.0 1.0 0.0 0.0 0.0 0.0 0.0 0.0 0.0 0.0 0.0 0.0 0.0 0.0 0.0 0.0 0.0 0.0 0.0 0.0 0.0 0.0 
0.0 6.7279204545632 2.58496250072116 5.16992500144231 0.0 0.0 0.0 1.0 3.70043971814109 0.0 4.39231742277876 2.0 0.0 7.98299357469431 2.32192809488736 0.0 2.0 0.0 0.0 0.0 0.0 3.0 0.0 2.8073549220576 0.0 0.0 1.58496250072116 0.0 0.0 0.0 0.0 2.32192809488736 0.0 0.0 0.0 0.0 0.0 0.0 1.58496250072116 4.39231742277876 0.0 1.0 0.0 
0.0 0.0 0.0 0.0 0.0 0.0 0.0 0.0 0.0 0.0 0.0 0.0 0.0 0.0 0.0 0.0 0.0 0.0 0.0 0.0 0.0 0.0 0.0 0.0 0.0 0.0 0.0 0.0 0.0 0.0 0.0 0.0 0.0 0.0 0.0 0.0 0.0 0.0 0.0 0.0 0.0 0.0 0.0 
5.64385618977472 2.32192809488736 4.4594316186373 5.85798099512757 6.4262647547021 1.58496250072116 4.4594316186373 4.16992500144231 5.24792751344359 8.14465824283188 7.92481250360578 7.23840473932508 3.4594316186373 9.87344411251538 4.39231742277876 7.59245703726808 7.31288295528436 5.04439411935845 1.58496250072116 3.58496250072116 6.65821148275179 7.876516946565 4.90689059560852 5.08746284125034 4.95419631038687 4.75488750216347 7.13955135239879 5.32192809488736 4.52356195605701 4.64385618977472 2.58496250072116 4.85798099512757 3.4594316186373 5.4594316186373 0.0 3.16992500144231 0.0 5.55458885167764 2.32192809488736 5.75488750216347 4.64385618977472 1.0 2.0 
0.0 0.0 0.0 0.0 4.52356195605701 3.0 0.0 3.4594316186373 1.0 0.0 0.0 0.0 0.0 0.0 1.0 0.0 0.0 0.0 0.0 0.0 3.16992500144231 0.0 1.0 0.0 0.0 0.0 1.0 0.0 3.0 0.0 0.0 0.0 1.0 0.0 0.0 0.0 0.0 0.0 0.0 0.0 1.0 0.0 0.0 
0.0 0.0 2.32192809488736 0.0 0.0 4.32192809488736 3.4594316186373 0.0 0.0 0.0 0.0 0.0 0.0 0.0 3.16992500144231 0.0 0.0 0.0 0.0 0.0 0.0 0.0 0.0 1.0 0.0 0.0 0.0 0.0 0.0 0.0 0.0 0.0 0.0 0.0 0.0 2.0 5.83289001416474 0.0 4.24792751344359 0.0 0.0 0.0 0.0 
0.0 0.0 0.0 0.0 0.0 0.0 0.0 0.0 0.0 0.0 0.0 0.0 0.0 1.0 0.0 0.0 0.0 0.0 0.0 0.0 0.0 0.0 0.0 0.0 0.0 0.0 0.0 0.0 0.0 0.0 0.0 0.0 0.0 0.0 0.0 0.0 0.0 0.0 0.0 0.0 0.0 0.0 0.0 
0.0 0.0 0.0 0.0 0.0 3.0 0.0 1.0 0.0 0.0 4.90689059560852 1.58496250072116 0.0 0.0 2.0 0.0 1.0 0.0 0.0 2.0 0.0 0.0 0.0 5.4262647547021 0.0 0.0 0.0 0.0 1.0 4.75488750216347 0.0 2.0 0.0 2.0 0.0 4.24792751344359 0.0 0.0 2.58496250072116 0.0 1.58496250072116 0.0 0.0 
0.0 0.0 0.0 0.0 0.0 0.0 0.0 0.0 0.0 0.0 0.0 3.0 0.0 0.0 0.0 0.0 0.0 0.0 0.0 0.0 0.0 0.0 2.0 0.0 0.0 0.0 0.0 0.0 0.0 3.70043971814109 0.0 0.0 0.0 0.0 0.0 0.0 0.0 0.0 0.0 0.0 0.0 0.0 0.0 
0.0 0.0 0.0 0.0 0.0 0.0 0.0 0.0 0.0 0.0 0.0 0.0 0.0 0.0 0.0 0.0 0.0 0.0 0.0 0.0 0.0 0.0 0.0 0.0 0.0 0.0 0.0 0.0 0.0 0.0 0.0 0.0 0.0 0.0 0.0 0.0 0.0 0.0 0.0 0.0 3.16992500144231 0.0 0.0 
3.0 2.0 2.0 0.0 3.70043971814109 1.0 3.90689059560852 1.58496250072116 0.0 0.0 3.70043971814109 0.0 3.4594316186373 7.09803208296053 3.58496250072116 6.56985560833095 5.12928301694497 0.0 0.0 0.0 0.0 5.0 0.0 2.58496250072116 0.0 3.32192809488736 2.8073549220576 0.0 0.0 0.0 3.90689059560852 0.0 0.0 1.58496250072116 0.0 1.0 0.0 0.0 0.0 3.90689059560852 1.0 0.0 0.0 
0.0 0.0 0.0 0.0 0.0 0.0 0.0 0.0 0.0 0.0 0.0 0.0 0.0 0.0 0.0 0.0 0.0 0.0 0.0 0.0 0.0 0.0 0.0 0.0 1.0 0.0 0.0 0.0 0.0 1.0 0.0 0.0 0.0 0.0 0.0 0.0 0.0 0.0 0.0 0.0 0.0 0.0 0.0 
0.0 0.0 0.0 0.0 0.0 0.0 0.0 0.0 0.0 0.0 0.0 0.0 0.0 0.0 0.0 0.0 0.0 0.0 0.0 0.0 0.0 0.0 0.0 0.0 0.0 0.0 0.0 0.0 0.0 0.0 0.0 0.0 0.0 0.0 0.0 0.0 0.0 0.0 0.0 0.0 0.0 0.0 0.0 
3.8073549220576 9.21431912080077 2.8073549220576 5.4262647547021 4.75488750216347 1.58496250072116 3.4594316186373 3.58496250072116 3.0 5.12928301694497 2.58496250072116 4.64385618977472 1.0 2.58496250072116 3.4594316186373 5.0 2.0 0.0 0.0 0.0 0.0 6.39231742277876 0.0 4.8073549220576 0.0 0.0 4.08746284125034 0.0 0.0 0.0 0.0 0.0 1.0 0.0 2.0 1.0 0.0 0.0 0.0 2.0 3.16992500144231 0.0 0.0 
0.0 2.0 0.0 0.0 0.0 0.0 0.0 0.0 0.0 0.0 0.0 5.35755200461808 1.58496250072116 0.0 1.58496250072116 0.0 0.0 0.0 0.0 0.0 0.0 0.0 0.0 0.0 0.0 0.0 0.0 0.0 0.0 0.0 0.0 0.0 0.0 0.0 0.0 0.0 5.20945336562895 0.0 0.0 0.0 0.0 0.0 0.0 
0.0 10.1623913287569 1.58496250072116 3.58496250072116 2.32192809488736 0.0 0.0 3.90689059560852 3.16992500144231 0.0 3.0 0.0 0.0 0.0 3.32192809488736 4.16992500144231 0.0 0.0 0.0 0.0 0.0 4.32192809488736 0.0 2.0 0.0 0.0 2.0 0.0 0.0 0.0 0.0 1.58496250072116 0.0 0.0 0.0 0.0 0.0 0.0 0.0 0.0 0.0 0.0 0.0 
0.0 0.0 0.0 0.0 0.0 0.0 0.0 0.0 0.0 0.0 0.0 0.0 0.0 0.0 0.0 0.0 0.0 0.0 0.0 0.0 0.0 0.0 0.0 0.0 0.0 0.0 0.0 0.0 0.0 0.0 0.0 0.0 0.0 0.0 0.0 0.0 0.0 0.0 0.0 1.0 0.0 0.0 0.0 
2.58496250072116 9.04712391211403 2.8073549220576 5.04439411935845 3.16992500144231 0.0 0.0 4.64385618977472 4.64385618977472 2.32192809488736 0.0 0.0 3.0 0.0 0.0 0.0 3.58496250072116 2.32192809488736 1.0 0.0 0.0 2.58496250072116 0.0 2.58496250072116 0.0 0.0 0.0 2.0 1.58496250072116 0.0 2.32192809488736 0.0 1.58496250072116 2.0 0.0 1.58496250072116 0.0 1.58496250072116 0.0 0.0 1.0 0.0 0.0 
0.0 0.0 0.0 0.0 0.0 0.0 0.0 0.0 2.58496250072116 0.0 0.0 0.0 0.0 0.0 0.0 0.0 2.58496250072116 0.0 0.0 0.0 0.0 0.0 2.0 0.0 0.0 0.0 0.0 1.0 0.0 0.0 0.0 0.0 0.0 0.0 0.0 0.0 2.32192809488736 0.0 0.0 0.0 1.0 0.0 1.0 
0.0 0.0 0.0 0.0 0.0 0.0 0.0 0.0 0.0 0.0 0.0 0.0 0.0 0.0 0.0 0.0 0.0 0.0 0.0 0.0 0.0 0.0 0.0 0.0 0.0 0.0 0.0 0.0 0.0 0.0 0.0 0.0 0.0 0.0 0.0 0.0 0.0 0.0 0.0 0.0 0.0 0.0 0.0 
0.0 0.0 0.0 3.32192809488736 0.0 0.0 0.0 0.0 0.0 0.0 0.0 0.0 0.0 0.0 4.58496250072116 3.16992500144231 0.0 0.0 0.0 0.0 0.0 7.91288933622996 0.0 0.0 1.0 0.0 0.0 0.0 0.0 0.0 0.0 0.0 0.0 1.0 0.0 0.0 0.0 0.0 0.0 0.0 0.0 0.0 0.0 
0.0 1.58496250072116 0.0 0.0 1.0 0.0 1.0 2.58496250072116 0.0 0.0 1.0 1.0 0.0 0.0 0.0 0.0 0.0 1.0 0.0 0.0 1.58496250072116 0.0 1.0 0.0 0.0 0.0 3.16992500144231 0.0 0.0 0.0 1.0 1.0 0.0 0.0 0.0 1.0 0.0 1.0 0.0 1.0 1.0 0.0 0.0 
0.0 0.0 0.0 0.0 0.0 0.0 0.0 0.0 0.0 0.0 0.0 0.0 0.0 0.0 0.0 0.0 0.0 0.0 0.0 0.0 0.0 0.0 0.0 0.0 0.0 0.0 0.0 0.0 0.0 0.0 0.0 0.0 0.0 0.0 0.0 0.0 0.0 0.0 0.0 0.0 0.0 0.0 0.0 
0.0 0.0 0.0 0.0 0.0 0.0 0.0 0.0 0.0 0.0 0.0 0.0 0.0 0.0 0.0 0.0 0.0 0.0 0.0 0.0 0.0 0.0 0.0 0.0 0.0 0.0 0.0 0.0 0.0 0.0 0.0 0.0 0.0 0.0 0.0 0.0 0.0 0.0 0.0 0.0 0.0 0.0 0.0 
2.58496250072116 2.32192809488736 2.0 1.58496250072116 0.0 0.0 4.16992500144231 3.58496250072116 4.0 5.70043971814109 4.39231742277876 1.0 1.58496250072116 9.07948478382682 2.58496250072116 3.32192809488736 2.32192809488736 3.4594316186373 0.0 0.0 0.0 1.58496250072116 0.0 2.58496250072116 1.0 0.0 4.16992500144231 0.0 0.0 0.0 0.0 2.58496250072116 0.0 0.0 0.0 3.32192809488736 0.0 0.0 0.0 3.0 0.0 0.0 0.0 
0.0 0.0 0.0 0.0 0.0 0.0 0.0 0.0 0.0 0.0 0.0 0.0 0.0 0.0 0.0 0.0 0.0 1.0 0.0 0.0 0.0 0.0 0.0 0.0 0.0 0.0 0.0 0.0 0.0 0.0 0.0 0.0 0.0 0.0 0.0 0.0 0.0 0.0 0.0 0.0 0.0 0.0 0.0 
0.0 0.0 0.0 0.0 0.0 0.0 3.0 0.0 0.0 0.0 0.0 0.0 0.0 0.0 0.0 0.0 0.0 0.0 0.0 0.0 0.0 0.0 0.0 0.0 1.0 0.0 0.0 0.0 0.0 0.0 0.0 0.0 1.0 0.0 0.0 1.58496250072116 1.0 0.0 1.0 0.0 1.0 0.0 0.0 
1.0 1.0 3.58496250072116 0.0 0.0 2.58496250072116 0.0 2.8073549220576 0.0 2.58496250072116 0.0 5.78135971352466 1.58496250072116 0.0 3.32192809488736 0.0 1.0 0.0 0.0 0.0 2.32192809488736 2.32192809488736 3.58496250072116 2.58496250072116 1.0 0.0 1.0 0.0 3.0 4.85798099512757 0.0 1.0 2.0 0.0 0.0 0.0 0.0 0.0 0.0 3.58496250072116 3.8073549220576 0.0 0.0 
1.0 0.0 0.0 0.0 0.0 0.0 0.0 3.16992500144231 0.0 0.0 0.0 0.0 1.0 2.58496250072116 0.0 5.85798099512757 0.0 0.0 0.0 2.8073549220576 0.0 0.0 0.0 1.0 0.0 2.32192809488736 0.0 1.0 0.0 0.0 0.0 1.0 0.0 0.0 0.0 0.0 0.0 0.0 0.0 0.0 0.0 0.0 0.0 
9.66355810421727 8.6724253419715 9.50581155391959 8.4757334309664 7.06608919045777 2.0 7.29462074889163 6.10852445677817 4.52356195605701 8.4178525148859 9.08746284125034 7.27612440527424 7.54689445988764 10.9476369379518 4.70043971814109 11.7797193551434 7.39231742277876 6.4093909361377 5.97727992349992 6.6724253419715 6.04439411935845 9.46352437327118 7.4178525148859 5.20945336562895 7.21916852046216 5.12928301694497 9.75822321472672 7.45121111183233 6.37503943134692 5.12928301694497 6.71424551766612 6.08746284125034 4.39231742277876 4.90689059560852 4.32192809488736 5.08746284125034 2.0 5.20945336562895 3.90689059560852 6.94251450533924 4.0 3.0 4.70043971814109 
7.21916852046216 7.31288295528436 5.28540221886225 8.02790599656988 5.4262647547021 0.0 5.52356195605701 5.58496250072116 3.90689059560852 5.4594316186373 5.90689059560852 5.70043971814109 5.16992500144231 9.46964181723952 4.64385618977472 8.26209484537018 5.58496250072116 0.0 1.58496250072116 0.0 0.0 6.71424551766612 4.24792751344359 6.79441586635011 5.4594316186373 3.0 5.4262647547021 3.4594316186373 5.0 5.24792751344359 5.20945336562895 4.16992500144231 2.0 4.90689059560852 1.58496250072116 4.4594316186373 2.0 1.0 1.0 6.8073549220576 4.90689059560852 2.32192809488736 1.0 
0.0 0.0 0.0 0.0 0.0 0.0 0.0 0.0 0.0 0.0 0.0 0.0 0.0 0.0 0.0 0.0 0.0 0.0 0.0 0.0 0.0 0.0 0.0 0.0 0.0 0.0 0.0 0.0 0.0 0.0 0.0 0.0 0.0 0.0 0.0 0.0 0.0 0.0 0.0 0.0 0.0 0.0 0.0 
0.0 0.0 0.0 0.0 0.0 0.0 0.0 6.59991284218713 0.0 0.0 0.0 0.0 2.0 2.32192809488736 0.0 0.0 0.0 1.0 0.0 0.0 0.0 1.0 0.0 3.70043971814109 0.0 0.0 0.0 0.0 0.0 0.0 0.0 0.0 4.0 1.58496250072116 0.0 0.0 0.0 0.0 0.0 2.32192809488736 0.0 0.0 0.0 
0.0 0.0 0.0 0.0 0.0 0.0 0.0 0.0 0.0 0.0 1.0 0.0 0.0 0.0 0.0 0.0 0.0 0.0 0.0 0.0 0.0 0.0 0.0 0.0 0.0 0.0 0.0 0.0 0.0 0.0 0.0 0.0 0.0 0.0 0.0 0.0 0.0 0.0 0.0 0.0 0.0 0.0 0.0 
0.0 3.0 0.0 0.0 2.0 2.0 0.0 0.0 0.0 1.0 0.0 0.0 0.0 2.58496250072116 1.0 0.0 0.0 0.0 0.0 0.0 2.32192809488736 0.0 0.0 0.0 0.0 1.0 4.52356195605701 0.0 1.0 0.0 0.0 1.58496250072116 0.0 0.0 0.0 0.0 0.0 0.0 0.0 0.0 0.0 0.0 0.0 
0.0 0.0 0.0 0.0 0.0 0.0 0.0 0.0 0.0 0.0 0.0 0.0 0.0 0.0 0.0 0.0 0.0 0.0 0.0 0.0 0.0 0.0 0.0 0.0 0.0 0.0 0.0 0.0 0.0 0.0 0.0 1.0 0.0 0.0 0.0 0.0 0.0 0.0 0.0 0.0 0.0 0.0 0.0 
0.0 0.0 0.0 0.0 0.0 0.0 0.0 0.0 0.0 0.0 0.0 0.0 0.0 0.0 0.0 0.0 0.0 0.0 0.0 1.0 1.0 1.0 0.0 0.0 0.0 1.0 0.0 0.0 0.0 0.0 0.0 0.0 0.0 0.0 0.0 0.0 0.0 0.0 0.0 0.0 1.58496250072116 0.0 0.0 
0.0 0.0 0.0 0.0 0.0 0.0 0.0 0.0 0.0 0.0 0.0 0.0 0.0 0.0 0.0 2.58496250072116 0.0 0.0 0.0 0.0 0.0 0.0 0.0 0.0 2.58496250072116 0.0 0.0 0.0 0.0 0.0 0.0 0.0 0.0 0.0 0.0 0.0 0.0 0.0 0.0 0.0 0.0 0.0 0.0 
0.0 0.0 0.0 0.0 0.0 0.0 0.0 0.0 0.0 0.0 0.0 0.0 0.0 0.0 0.0 0.0 0.0 0.0 0.0 0.0 0.0 0.0 0.0 0.0 0.0 0.0 0.0 0.0 0.0 0.0 0.0 0.0 0.0 0.0 0.0 0.0 0.0 0.0 0.0 0.0 0.0 0.0 0.0 
1.0 1.0 3.4594316186373 0.0 0.0 2.32192809488736 1.0 2.32192809488736 0.0 1.0 2.0 3.32192809488736 0.0 0.0 0.0 1.58496250072116 0.0 0.0 0.0 0.0 3.58496250072116 0.0 4.24792751344359 5.28540221886225 4.0 1.58496250072116 0.0 1.0 0.0 1.0 0.0 0.0 2.8073549220576 0.0 3.0 0.0 0.0 0.0 0.0 1.0 0.0 0.0 0.0 
1.58496250072116 0.0 2.0 2.0 4.16992500144231 0.0 2.8073549220576 0.0 0.0 0.0 0.0 2.8073549220576 0.0 1.58496250072116 0.0 0.0 0.0 3.32192809488736 0.0 0.0 3.32192809488736 1.0 0.0 1.58496250072116 0.0 1.0 0.0 0.0 3.90689059560852 2.32192809488736 0.0 0.0 0.0 2.0 2.32192809488736 0.0 0.0 0.0 2.58496250072116 0.0 0.0 0.0 1.58496250072116 
0.0 0.0 0.0 0.0 0.0 0.0 0.0 0.0 0.0 0.0 0.0 0.0 0.0 0.0 0.0 0.0 0.0 0.0 0.0 0.0 0.0 0.0 0.0 0.0 0.0 0.0 0.0 0.0 0.0 0.0 0.0 0.0 0.0 0.0 0.0 0.0 0.0 0.0 0.0 0.0 0.0 0.0 0.0 
0.0 0.0 0.0 2.32192809488736 0.0 0.0 0.0 0.0 0.0 0.0 0.0 0.0 1.0 0.0 0.0 0.0 0.0 0.0 0.0 0.0 0.0 0.0 0.0 0.0 0.0 0.0 0.0 0.0 0.0 0.0 0.0 0.0 0.0 0.0 0.0 2.32192809488736 2.0 0.0 0.0 0.0 0.0 0.0 0.0 
0.0 0.0 0.0 0.0 0.0 0.0 0.0 0.0 0.0 0.0 0.0 0.0 0.0 0.0 0.0 0.0 0.0 0.0 0.0 0.0 0.0 0.0 0.0 0.0 0.0 0.0 0.0 0.0 0.0 0.0 0.0 0.0 2.58496250072116 0.0 0.0 0.0 0.0 0.0 0.0 0.0 0.0 0.0 0.0 
0.0 0.0 1.58496250072116 0.0 0.0 0.0 0.0 0.0 0.0 0.0 0.0 0.0 0.0 0.0 0.0 0.0 0.0 4.58496250072116 0.0 0.0 0.0 0.0 0.0 0.0 0.0 0.0 0.0 0.0 0.0 0.0 0.0 0.0 0.0 0.0 0.0 0.0 0.0 0.0 0.0 0.0 0.0 0.0 0.0 
0.0 0.0 0.0 0.0 0.0 0.0 0.0 0.0 0.0 0.0 3.70043971814109 0.0 1.58496250072116 0.0 0.0 1.0 4.8073549220576 2.32192809488736 0.0 1.0 2.0 1.0 0.0 1.0 3.90689059560852 3.16992500144231 0.0 0.0 0.0 0.0 0.0 2.0 0.0 0.0 1.0 2.0 0.0 0.0 0.0 0.0 4.4594316186373 0.0 0.0 
0.0 0.0 0.0 0.0 0.0 0.0 0.0 0.0 0.0 0.0 0.0 0.0 0.0 0.0 0.0 0.0 0.0 0.0 0.0 0.0 0.0 0.0 0.0 0.0 0.0 0.0 0.0 0.0 0.0 0.0 0.0 0.0 0.0 0.0 0.0 0.0 0.0 0.0 0.0 0.0 0.0 0.0 0.0 
0.0 0.0 0.0 0.0 0.0 0.0 0.0 0.0 0.0 0.0 0.0 0.0 0.0 0.0 0.0 0.0 0.0 0.0 0.0 0.0 0.0 0.0 0.0 0.0 0.0 0.0 0.0 0.0 0.0 0.0 0.0 0.0 0.0 0.0 0.0 0.0 0.0 0.0 0.0 0.0 0.0 0.0 0.0 
4.39231742277876 9.10852445677817 5.08746284125034 5.0 3.58496250072116 0.0 0.0 4.24792751344359 1.0 2.32192809488736 3.16992500144231 1.58496250072116 3.70043971814109 1.58496250072116 0.0 3.90689059560852 0.0 3.16992500144231 0.0 0.0 0.0 3.58496250072116 1.58496250072116 4.32192809488736 0.0 1.0 3.70043971814109 0.0 0.0 0.0 0.0 1.0 0.0 0.0 2.0 0.0 0.0 0.0 0.0 0.0 0.0 0.0 0.0 
0.0 0.0 0.0 0.0 0.0 0.0 0.0 0.0 0.0 0.0 0.0 0.0 0.0 0.0 0.0 0.0 0.0 0.0 0.0 0.0 0.0 0.0 0.0 0.0 0.0 0.0 0.0 0.0 0.0 0.0 0.0 0.0 0.0 0.0 0.0 0.0 0.0 0.0 0.0 0.0 0.0 0.0 0.0 
0.0 0.0 0.0 0.0 0.0 0.0 0.0 0.0 0.0 0.0 0.0 0.0 0.0 0.0 0.0 1.0 0.0 0.0 0.0 0.0 0.0 0.0 0.0 0.0 0.0 0.0 0.0 0.0 0.0 0.0 0.0 0.0 0.0 0.0 0.0 0.0 0.0 0.0 0.0 0.0 0.0 0.0 0.0 
2.58496250072116 1.0 0.0 2.0 0.0 1.0 7.25738784269265 5.64385618977472 1.0 4.75488750216347 4.90689059560852 4.32192809488736 4.16992500144231 0.0 3.0 0.0 4.24792751344359 6.22881869049588 2.0 0.0 0.0 1.0 5.28540221886225 4.39231742277876 5.4594316186373 3.58496250072116 0.0 3.32192809488736 4.75488750216347 0.0 3.16992500144231 0.0 1.0 2.8073549220576 1.0 5.39231742277876 6.8703647195834 5.0 6.3037807481771 0.0 3.8073549220576 0.0 0.0 
0.0 2.32192809488736 0.0 0.0 0.0 0.0 1.0 3.0 2.0 0.0 0.0 2.32192809488736 7.36632221424582 3.32192809488736 0.0 2.58496250072116 1.58496250072116 3.70043971814109 0.0 0.0 2.32192809488736 1.0 0.0 7.35755200461808 0.0 0.0 0.0 1.0 4.52356195605701 3.0 0.0 3.16992500144231 2.58496250072116 0.0 0.0 2.58496250072116 0.0 0.0 1.0 0.0 0.0 0.0 0.0 
0.0 0.0 0.0 0.0 0.0 0.0 0.0 0.0 0.0 0.0 0.0 0.0 0.0 0.0 0.0 0.0 0.0 0.0 0.0 0.0 0.0 0.0 0.0 1.0 0.0 0.0 0.0 0.0 0.0 0.0 0.0 0.0 0.0 0.0 0.0 0.0 0.0 0.0 0.0 0.0 0.0 0.0 0.0 
0.0 4.4594316186373 0.0 1.58496250072116 0.0 0.0 0.0 0.0 0.0 0.0 0.0 0.0 0.0 0.0 0.0 0.0 0.0 2.8073549220576 0.0 0.0 0.0 2.0 0.0 2.32192809488736 0.0 0.0 0.0 0.0 0.0 0.0 0.0 0.0 0.0 1.58496250072116 0.0 0.0 0.0 0.0 0.0 0.0 0.0 0.0 0.0 
0.0 0.0 0.0 0.0 0.0 0.0 0.0 0.0 0.0 0.0 1.0 5.70043971814109 1.58496250072116 1.0 0.0 0.0 3.4594316186373 0.0 0.0 0.0 0.0 0.0 2.8073549220576 0.0 0.0 2.32192809488736 0.0 0.0 0.0 0.0 0.0 0.0 0.0 0.0 0.0 0.0 0.0 0.0 1.58496250072116 2.0 0.0 0.0 0.0 
0.0 0.0 0.0 0.0 0.0 0.0 0.0 0.0 0.0 0.0 0.0 0.0 0.0 0.0 0.0 0.0 0.0 0.0 0.0 0.0 0.0 0.0 0.0 0.0 0.0 0.0 0.0 0.0 0.0 0.0 0.0 0.0 0.0 0.0 0.0 0.0 0.0 0.0 0.0 0.0 0.0 0.0 0.0 
0.0 0.0 0.0 0.0 0.0 0.0 0.0 0.0 0.0 0.0 0.0 0.0 0.0 0.0 0.0 0.0 0.0 0.0 0.0 0.0 0.0 0.0 0.0 0.0 0.0 0.0 0.0 0.0 0.0 0.0 0.0 0.0 0.0 0.0 0.0 0.0 0.0 0.0 0.0 0.0 0.0 0.0 0.0 
0.0 0.0 0.0 0.0 0.0 0.0 0.0 0.0 0.0 0.0 0.0 0.0 0.0 0.0 0.0 0.0 0.0 0.0 0.0 2.58496250072116 0.0 0.0 0.0 0.0 0.0 0.0 0.0 0.0 0.0 0.0 0.0 0.0 0.0 0.0 0.0 0.0 0.0 0.0 0.0 0.0 0.0 0.0 0.0 
0.0 0.0 0.0 0.0 0.0 0.0 0.0 0.0 0.0 0.0 0.0 0.0 0.0 0.0 0.0 0.0 0.0 0.0 0.0 0.0 0.0 0.0 0.0 0.0 0.0 0.0 0.0 0.0 0.0 0.0 0.0 0.0 0.0 0.0 0.0 0.0 0.0 0.0 0.0 0.0 0.0 0.0 0.0 
0.0 0.0 0.0 0.0 0.0 0.0 0.0 0.0 0.0 0.0 0.0 0.0 0.0 0.0 0.0 0.0 0.0 0.0 0.0 0.0 0.0 0.0 0.0 0.0 0.0 0.0 0.0 0.0 0.0 0.0 0.0 0.0 0.0 0.0 0.0 1.0 0.0 0.0 0.0 0.0 0.0 0.0 0.0 
0.0 0.0 0.0 0.0 0.0 0.0 0.0 0.0 0.0 0.0 0.0 0.0 0.0 0.0 0.0 0.0 0.0 0.0 0.0 0.0 0.0 0.0 0.0 0.0 0.0 0.0 0.0 0.0 0.0 0.0 0.0 0.0 0.0 0.0 0.0 0.0 0.0 0.0 0.0 0.0 0.0 0.0 0.0 
0.0 0.0 0.0 0.0 0.0 0.0 0.0 0.0 1.0 0.0 0.0 0.0 0.0 0.0 0.0 0.0 0.0 0.0 1.58496250072116 0.0 0.0 0.0 0.0 0.0 0.0 0.0 0.0 0.0 0.0 0.0 0.0 0.0 0.0 0.0 0.0 0.0 0.0 0.0 0.0 0.0 0.0 0.0 0.0 
0.0 0.0 0.0 0.0 0.0 0.0 0.0 0.0 0.0 0.0 0.0 0.0 0.0 0.0 0.0 0.0 0.0 0.0 0.0 0.0 0.0 0.0 0.0 0.0 0.0 0.0 0.0 0.0 0.0 2.0 0.0 0.0 0.0 0.0 0.0 0.0 0.0 0.0 0.0 0.0 0.0 0.0 0.0 
0.0 0.0 0.0 0.0 0.0 0.0 0.0 0.0 0.0 0.0 0.0 0.0 0.0 0.0 0.0 0.0 0.0 0.0 0.0 0.0 0.0 0.0 0.0 0.0 0.0 0.0 0.0 0.0 0.0 0.0 0.0 0.0 0.0 0.0 0.0 1.0 0.0 0.0 0.0 0.0 0.0 0.0 0.0 
0.0 0.0 0.0 0.0 0.0 0.0 0.0 0.0 0.0 0.0 0.0 0.0 0.0 0.0 0.0 0.0 0.0 0.0 0.0 0.0 0.0 0.0 0.0 0.0 0.0 0.0 0.0 0.0 0.0 0.0 0.0 0.0 0.0 0.0 0.0 0.0 0.0 0.0 0.0 0.0 0.0 0.0 0.0 
5.04439411935845 4.70043971814109 6.85798099512757 6.4262647547021 6.70043971814109 6.4594316186373 7.40087943628218 6.06608919045777 6.0 6.2667865406949 6.84549005094437 6.68650052718322 5.24792751344359 5.4594316186373 7.33985000288462 5.61470984411521 7.09803208296053 7.49185309632967 3.8073549220576 7.10852445677817 6.35755200461808 3.8073549220576 6.44294349584873 5.20945336562895 6.4262647547021 5.49185309632967 6.59991284218713 7.05528243550119 6.04439411935845 6.95419631038687 7.92481250360578 5.4262647547021 5.28540221886225 6.49185309632967 6.55458885167764 5.90689059560852 5.95419631038687 7.19967234483636 5.55458885167764 7.56224242422107 6.70043971814109 6.8703647195834 4.90689059560852 
1.58496250072116 0.0 1.0 0.0 1.0 0.0 1.58496250072116 2.0 0.0 0.0 3.0 2.0 2.58496250072116 0.0 0.0 0.0 2.8073549220576 0.0 1.0 0.0 1.58496250072116 1.58496250072116 1.58496250072116 1.0 1.0 1.0 1.0 2.0 0.0 1.0 0.0 0.0 0.0 0.0 0.0 2.0 0.0 0.0 0.0 0.0 2.0 0.0 0.0 
4.08746284125034 9.21431912080077 3.4594316186373 0.0 4.32192809488736 0.0 2.8073549220576 6.4262647547021 1.0 4.8073549220576 1.58496250072116 5.08746284125034 2.32192809488736 3.90689059560852 0.0 5.16992500144231 0.0 4.8073549220576 0.0 0.0 0.0 7.06608919045777 0.0 5.24792751344359 0.0 0.0 5.52356195605701 0.0 3.90689059560852 0.0 0.0 0.0 1.0 0.0 1.0 3.0 0.0 3.16992500144231 0.0 3.90689059560852 1.0 0.0 0.0 
0.0 0.0 0.0 0.0 0.0 0.0 0.0 0.0 0.0 0.0 0.0 0.0 0.0 1.58496250072116 0.0 0.0 0.0 0.0 0.0 0.0 0.0 0.0 0.0 0.0 0.0 0.0 0.0 0.0 0.0 0.0 0.0 0.0 0.0 0.0 0.0 0.0 0.0 0.0 0.0 0.0 0.0 0.0 0.0 
0.0 0.0 0.0 0.0 0.0 0.0 0.0 0.0 0.0 0.0 0.0 0.0 0.0 0.0 0.0 0.0 0.0 0.0 0.0 0.0 0.0 0.0 0.0 0.0 0.0 0.0 0.0 0.0 0.0 0.0 0.0 0.0 0.0 0.0 0.0 0.0 0.0 0.0 0.0 0.0 0.0 0.0 0.0 
0.0 0.0 0.0 0.0 0.0 0.0 0.0 0.0 0.0 0.0 0.0 0.0 0.0 0.0 0.0 0.0 0.0 0.0 0.0 0.0 0.0 0.0 0.0 0.0 0.0 0.0 0.0 0.0 0.0 0.0 0.0 0.0 0.0 0.0 0.0 0.0 0.0 0.0 0.0 0.0 0.0 0.0 0.0 
2.0 3.70043971814109 6.44294349584873 5.20945336562895 3.32192809488736 4.52356195605701 3.0 8.79766152585376 2.32192809488736 6.20945336562895 5.04439411935845 7.3037807481771 6.78135971352466 6.32192809488736 5.35755200461808 4.64385618977472 7.63662462054365 5.08746284125034 2.8073549220576 3.32192809488736 6.76818432477693 5.08746284125034 5.58496250072116 6.94251450533924 6.84549005094437 5.08746284125034 4.24792751344359 5.4594316186373 3.16992500144231 7.70043971814109 5.58496250072116 5.52356195605701 6.56985560833095 5.0 2.58496250072116 8.76487159073609 4.24792751344359 1.0 2.8073549220576 2.0 7.96578428466209 1.58496250072116 6.22881869049588 
1.58496250072116 7.57742882803575 0.0 3.4594316186373 0.0 0.0 0.0 2.0 0.0 0.0 0.0 2.8073549220576 0.0 0.0 3.70043971814109 0.0 0.0 0.0 0.0 0.0 0.0 3.0 0.0 2.0 0.0 0.0 1.0 0.0 0.0 0.0 0.0 0.0 0.0 0.0 0.0 0.0 0.0 0.0 0.0 0.0 0.0 0.0 0.0 
0.0 0.0 3.0 0.0 0.0 0.0 0.0 0.0 0.0 0.0 0.0 0.0 0.0 0.0 0.0 0.0 0.0 0.0 0.0 0.0 0.0 0.0 0.0 0.0 0.0 0.0 0.0 0.0 0.0 0.0 0.0 0.0 0.0 0.0 0.0 0.0 0.0 0.0 0.0 0.0 0.0 0.0 0.0 
0.0 0.0 0.0 0.0 0.0 0.0 0.0 0.0 0.0 0.0 0.0 0.0 0.0 0.0 0.0 0.0 0.0 0.0 0.0 0.0 0.0 0.0 0.0 0.0 0.0 0.0 0.0 0.0 0.0 0.0 0.0 0.0 0.0 0.0 0.0 0.0 0.0 0.0 0.0 0.0 0.0 0.0 0.0 
0.0 0.0 0.0 0.0 0.0 0.0 0.0 0.0 0.0 0.0 0.0 0.0 0.0 0.0 0.0 0.0 1.0 0.0 0.0 0.0 0.0 0.0 0.0 0.0 0.0 0.0 0.0 0.0 0.0 0.0 0.0 0.0 0.0 0.0 0.0 0.0 0.0 0.0 0.0 0.0 0.0 0.0 0.0 
0.0 0.0 0.0 0.0 0.0 0.0 0.0 0.0 0.0 0.0 0.0 0.0 0.0 0.0 0.0 0.0 0.0 0.0 0.0 0.0 0.0 0.0 2.32192809488736 2.0 0.0 0.0 0.0 0.0 0.0 0.0 0.0 0.0 0.0 0.0 0.0 0.0 0.0 0.0 0.0 0.0 0.0 0.0 0.0 
0.0 0.0 0.0 0.0 0.0 0.0 0.0 1.0 0.0 0.0 0.0 0.0 0.0 0.0 0.0 1.58496250072116 0.0 0.0 0.0 0.0 0.0 0.0 0.0 0.0 0.0 0.0 0.0 0.0 0.0 0.0 0.0 1.58496250072116 0.0 2.0 0.0 0.0 0.0 0.0 0.0 0.0 3.0 0.0 0.0 
1.0 3.32192809488736 3.70043971814109 3.90689059560852 2.32192809488736 3.16992500144231 3.0 2.8073549220576 2.0 4.58496250072116 2.32192809488736 2.32192809488736 4.64385618977472 1.58496250072116 3.8073549220576 3.70043971814109 2.0 3.4594316186373 3.0 3.0 2.0 2.32192809488736 2.8073549220576 2.0 2.32192809488736 2.8073549220576 4.24792751344359 4.16992500144231 4.64385618977472 4.4594316186373 3.70043971814109 1.58496250072116 1.0 0.0 2.32192809488736 7.32192809488736 3.58496250072116 3.0 2.58496250072116 5.32192809488736 2.32192809488736 2.8073549220576 1.58496250072116 
0.0 0.0 0.0 3.58496250072116 0.0 0.0 2.32192809488736 2.0 1.0 2.8073549220576 0.0 0.0 2.0 0.0 0.0 0.0 0.0 1.0 0.0 2.8073549220576 0.0 1.0 0.0 1.58496250072116 0.0 0.0 0.0 3.70043971814109 0.0 1.58496250072116 0.0 2.0 0.0 0.0 0.0 0.0 2.32192809488736 3.70043971814109 3.32192809488736 2.8073549220576 0.0 2.32192809488736 0.0 
6.0 6.59991284218713 5.55458885167764 8.12412131182919 5.39231742277876 1.0 5.97727992349992 6.75488750216347 4.58496250072116 7.74146698640115 6.06608919045777 7.05528243550119 5.83289001416474 10.0834793273318 4.75488750216347 5.20945336562895 4.64385618977472 2.32192809488736 3.16992500144231 3.70043971814109 4.32192809488736 8.4262647547021 4.8073549220576 6.62935662007961 6.08746284125034 3.32192809488736 6.65821148275179 3.0 6.08746284125034 4.24792751344359 5.0 2.32192809488736 3.4594316186373 4.58496250072116 2.0 4.75488750216347 2.0 4.95419631038687 2.32192809488736 6.8703647195834 3.4594316186373 3.0 2.0 
0.0 0.0 0.0 0.0 0.0 0.0 0.0 0.0 0.0 0.0 0.0 0.0 0.0 0.0 0.0 0.0 0.0 0.0 0.0 0.0 0.0 0.0 0.0 0.0 0.0 0.0 0.0 0.0 0.0 0.0 0.0 0.0 0.0 0.0 0.0 0.0 0.0 0.0 0.0 0.0 0.0 0.0 0.0 
2.32192809488736 1.0 0.0 1.0 0.0 0.0 5.83289001416474 3.0 2.0 3.58496250072116 1.58496250072116 1.58496250072116 3.32192809488736 0.0 1.58496250072116 0.0 1.0 0.0 0.0 0.0 0.0 1.58496250072116 0.0 1.0 3.0 0.0 0.0 0.0 0.0 2.32192809488736 0.0 0.0 0.0 1.58496250072116 0.0 0.0 8.4262647547021 0.0 0.0 0.0 3.0 0.0 0.0 
0.0 0.0 0.0 0.0 0.0 0.0 0.0 0.0 0.0 0.0 0.0 0.0 1.58496250072116 0.0 0.0 0.0 0.0 0.0 2.32192809488736 0.0 0.0 0.0 0.0 0.0 0.0 0.0 0.0 0.0 0.0 0.0 0.0 0.0 0.0 0.0 0.0 0.0 0.0 0.0 0.0 0.0 2.8073549220576 0.0 0.0 
0.0 0.0 0.0 0.0 0.0 0.0 0.0 0.0 0.0 0.0 0.0 0.0 0.0 0.0 0.0 0.0 0.0 0.0 0.0 0.0 0.0 0.0 0.0 0.0 0.0 0.0 0.0 0.0 0.0 0.0 0.0 0.0 0.0 0.0 0.0 0.0 0.0 0.0 0.0 0.0 0.0 0.0 0.0 
0.0 8.33985000288462 0.0 6.4262647547021 0.0 1.0 0.0 5.32192809488736 1.58496250072116 2.32192809488736 0.0 3.0 2.8073549220576 6.10852445677817 0.0 4.39231742277876 0.0 0.0 0.0 0.0 0.0 4.24792751344359 0.0 0.0 0.0 1.0 0.0 0.0 0.0 0.0 2.0 1.58496250072116 0.0 2.58496250072116 2.0 0.0 0.0 0.0 0.0 0.0 2.0 0.0 0.0 
0.0 0.0 0.0 0.0 0.0 0.0 0.0 0.0 0.0 0.0 0.0 0.0 0.0 0.0 0.0 1.0 0.0 0.0 0.0 0.0 0.0 0.0 0.0 0.0 0.0 0.0 0.0 0.0 0.0 0.0 0.0 0.0 0.0 0.0 0.0 0.0 0.0 0.0 0.0 0.0 0.0 0.0 0.0 
0.0 0.0 0.0 0.0 0.0 0.0 0.0 0.0 0.0 0.0 0.0 0.0 0.0 0.0 0.0 0.0 0.0 0.0 0.0 0.0 0.0 0.0 0.0 0.0 0.0 0.0 0.0 0.0 0.0 1.0 0.0 0.0 0.0 0.0 0.0 0.0 0.0 0.0 0.0 0.0 0.0 0.0 0.0 
0.0 0.0 0.0 0.0 0.0 0.0 0.0 0.0 0.0 0.0 0.0 0.0 0.0 0.0 0.0 0.0 0.0 0.0 0.0 0.0 0.0 0.0 0.0 0.0 0.0 0.0 0.0 0.0 0.0 0.0 0.0 0.0 0.0 0.0 0.0 0.0 0.0 0.0 0.0 0.0 0.0 0.0 0.0 
0.0 0.0 0.0 0.0 0.0 0.0 0.0 0.0 0.0 0.0 0.0 0.0 0.0 0.0 0.0 0.0 0.0 0.0 0.0 0.0 0.0 0.0 0.0 0.0 0.0 0.0 0.0 0.0 0.0 0.0 0.0 0.0 0.0 0.0 0.0 0.0 0.0 0.0 0.0 0.0 0.0 0.0 0.0 
0.0 0.0 0.0 0.0 0.0 0.0 0.0 0.0 0.0 0.0 0.0 1.0 0.0 0.0 0.0 0.0 0.0 0.0 0.0 0.0 0.0 0.0 1.0 0.0 0.0 0.0 0.0 0.0 0.0 0.0 0.0 0.0 0.0 0.0 0.0 0.0 0.0 0.0 0.0 0.0 0.0 0.0 0.0 
0.0 0.0 0.0 0.0 0.0 0.0 0.0 0.0 0.0 0.0 0.0 0.0 0.0 0.0 0.0 0.0 0.0 0.0 0.0 0.0 0.0 0.0 0.0 0.0 0.0 0.0 0.0 0.0 0.0 0.0 0.0 0.0 0.0 0.0 0.0 0.0 0.0 0.0 0.0 0.0 0.0 0.0 0.0 
0.0 0.0 0.0 0.0 0.0 0.0 0.0 0.0 0.0 0.0 0.0 0.0 0.0 0.0 0.0 0.0 0.0 0.0 0.0 0.0 0.0 0.0 0.0 0.0 0.0 0.0 0.0 0.0 0.0 0.0 0.0 0.0 0.0 0.0 0.0 0.0 0.0 0.0 0.0 0.0 0.0 0.0 0.0 
0.0 0.0 0.0 0.0 0.0 0.0 0.0 0.0 0.0 0.0 0.0 0.0 0.0 0.0 0.0 0.0 0.0 0.0 0.0 0.0 0.0 0.0 1.0 0.0 1.0 0.0 0.0 1.58496250072116 0.0 0.0 0.0 0.0 0.0 0.0 0.0 0.0 0.0 0.0 0.0 0.0 0.0 0.0 0.0 
1.0 1.0 3.16992500144231 2.32192809488736 1.0 1.58496250072116 0.0 5.6724253419715 1.58496250072116 0.0 3.70043971814109 1.0 1.58496250072116 0.0 0.0 0.0 1.58496250072116 1.58496250072116 0.0 0.0 3.16992500144231 2.0 2.32192809488736 1.0 3.32192809488736 0.0 1.0 1.58496250072116 0.0 0.0 0.0 3.70043971814109 0.0 0.0 0.0 0.0 1.0 1.0 2.58496250072116 0.0 3.0 0.0 0.0 
2.0 0.0 1.0 0.0 2.0 0.0 0.0 2.32192809488736 0.0 0.0 0.0 0.0 1.0 0.0 0.0 0.0 1.58496250072116 0.0 0.0 0.0 0.0 0.0 1.0 1.0 0.0 0.0 0.0 0.0 0.0 0.0 0.0 1.58496250072116 0.0 1.0 0.0 2.0 1.0 0.0 0.0 0.0 1.0 0.0 0.0 
0.0 0.0 0.0 1.0 0.0 0.0 0.0 0.0 0.0 0.0 0.0 1.0 0.0 0.0 0.0 0.0 0.0 0.0 0.0 0.0 0.0 0.0 0.0 2.0 0.0 1.0 0.0 0.0 0.0 0.0 0.0 0.0 0.0 0.0 0.0 1.0 0.0 0.0 0.0 0.0 0.0 0.0 0.0 
0.0 0.0 1.58496250072116 1.0 0.0 0.0 1.0 0.0 1.58496250072116 4.08746284125034 2.58496250072116 0.0 5.08746284125034 0.0 0.0 0.0 0.0 1.0 3.8073549220576 0.0 2.58496250072116 0.0 1.0 1.0 1.0 1.0 0.0 5.78135971352466 0.0 0.0 0.0 0.0 1.0 0.0 0.0 1.58496250072116 1.0 0.0 0.0 0.0 1.58496250072116 0.0 0.0 
0.0 0.0 0.0 0.0 0.0 0.0 0.0 0.0 0.0 0.0 0.0 0.0 0.0 0.0 0.0 0.0 0.0 0.0 0.0 0.0 0.0 0.0 0.0 0.0 0.0 0.0 0.0 0.0 0.0 0.0 0.0 0.0 0.0 0.0 0.0 0.0 0.0 0.0 0.0 0.0 0.0 0.0 0.0 
0.0 0.0 0.0 0.0 0.0 0.0 0.0 0.0 0.0 0.0 0.0 0.0 0.0 0.0 0.0 0.0 0.0 0.0 0.0 0.0 0.0 0.0 0.0 0.0 0.0 0.0 0.0 0.0 0.0 0.0 0.0 0.0 0.0 0.0 0.0 0.0 0.0 0.0 0.0 0.0 0.0 0.0 0.0 
0.0 1.0 0.0 0.0 0.0 1.58496250072116 0.0 1.0 2.32192809488736 0.0 0.0 0.0 5.93073733756289 0.0 0.0 0.0 0.0 0.0 2.32192809488736 0.0 0.0 1.0 0.0 2.32192809488736 0.0 3.4594316186373 1.58496250072116 4.24792751344359 0.0 0.0 1.0 0.0 0.0 0.0 1.0 3.32192809488736 0.0 0.0 0.0 0.0 0.0 0.0 0.0 
1.0 0.0 1.58496250072116 0.0 0.0 0.0 1.0 0.0 0.0 0.0 0.0 3.0 0.0 0.0 0.0 1.0 0.0 0.0 0.0 0.0 0.0 1.0 0.0 2.0 0.0 1.58496250072116 0.0 0.0 0.0 3.90689059560852 0.0 0.0 1.58496250072116 0.0 0.0 2.0 0.0 0.0 0.0 2.8073549220576 0.0 0.0 0.0 
0.0 0.0 0.0 0.0 0.0 0.0 0.0 0.0 0.0 0.0 0.0 0.0 0.0 0.0 0.0 0.0 0.0 0.0 0.0 0.0 0.0 0.0 0.0 0.0 0.0 0.0 0.0 0.0 0.0 0.0 0.0 0.0 0.0 0.0 0.0 0.0 0.0 0.0 0.0 0.0 0.0 0.0 0.0 
0.0 0.0 5.64385618977472 0.0 0.0 0.0 0.0 1.58496250072116 0.0 0.0 2.8073549220576 4.0 3.32192809488736 0.0 4.39231742277876 0.0 0.0 2.0 2.8073549220576 0.0 0.0 0.0 0.0 3.70043971814109 0.0 0.0 0.0 3.4594316186373 0.0 0.0 0.0 0.0 2.32192809488736 0.0 0.0 2.0 1.0 1.58496250072116 0.0 0.0 0.0 0.0 0.0 
0.0 0.0 0.0 0.0 0.0 0.0 0.0 0.0 0.0 0.0 0.0 0.0 0.0 0.0 0.0 0.0 0.0 1.0 0.0 0.0 0.0 0.0 0.0 0.0 0.0 0.0 0.0 0.0 0.0 0.0 0.0 0.0 0.0 0.0 0.0 0.0 0.0 0.0 0.0 0.0 0.0 0.0 0.0 
0.0 0.0 0.0 0.0 0.0 0.0 0.0 0.0 0.0 0.0 0.0 0.0 0.0 0.0 0.0 0.0 0.0 0.0 0.0 0.0 0.0 0.0 0.0 0.0 0.0 0.0 0.0 0.0 0.0 0.0 0.0 0.0 0.0 0.0 0.0 0.0 0.0 0.0 0.0 0.0 0.0 0.0 0.0 
0.0 0.0 0.0 0.0 0.0 0.0 0.0 0.0 1.0 0.0 3.0 0.0 1.0 0.0 0.0 0.0 0.0 0.0 0.0 0.0 1.0 0.0 0.0 0.0 0.0 0.0 0.0 0.0 0.0 0.0 0.0 0.0 0.0 1.0 0.0 0.0 0.0 0.0 0.0 0.0 0.0 0.0 0.0 
0.0 0.0 2.0 0.0 0.0 0.0 3.70043971814109 0.0 2.58496250072116 0.0 0.0 6.4093909361377 0.0 0.0 4.32192809488736 0.0 2.32192809488736 0.0 0.0 0.0 0.0 0.0 1.0 2.0 3.0 0.0 0.0 3.32192809488736 0.0 0.0 3.32192809488736 0.0 0.0 0.0 0.0 0.0 6.4757334309664 0.0 0.0 0.0 5.52356195605701 0.0 0.0 
Eva Case Dim 1 277
Eva Case Dim 2 43
Eva Control Dim 1 277
Eva Control Dim 2 43
Gen Case Dim 1 277
Gen Case Dim 2 43
Gen Control Dim 1 277
Gen Control Dim 2 42
Done with inputAliceCase eva
Done with inputBobCase eva
Done with inputAliceControl eva
Done with inputBobControl eva
Eva running time:18.586167536
Number Of AND Gates:871754456

********************************
Data Sent from Client :5.9976806640625MB
Data Sent to Client :5.927940368652344MB
********************************
