connecting
connected
0.0 0.0 0.0 0.0 0.0 0.0 0.0 0.0 0.0 0.0 0.0 0.0 0.0 0.0 0.0 0.0 0.0 0.0 0.0 0.0 0.0 0.0 0.0 0.0 0.0 0.0 0.0 0.0 2.8073549220576 0.0 0.0 0.0 0.0 0.0 0.0 0.0 0.0 0.0 0.0 0.0 0.0 0.0 0.0 
12.6022349013411 3.8073549220576 3.4594316186373 8.26209484537018 7.34872815423108 9.14210705730255 10.7681843247769 13.1096674442508 11.7393587074334 9.2807707701306 8.81698362325538 10.9210970881068 10.7013064619586 9.80251636512122 7.37503943134692 9.43462822763673 6.61470984411521 8.73470962022584 4.90689059560852 8.66177809777199 5.35755200461808 1.58496250072116 12.6971847832245 11.6013065261218 8.09275714091985 7.96000193206808 9.93073733756289 11.8707500033461 11.2807707701306 11.6728672764338 8.77807712953536 9.22881869049588 11.7652860987237 8.7176764230664 2.32192809488736 11.9794251953315 4.32192809488736 7.6724253419715 9.20212382383046 11.3782948559119 11.1484765821783 9.54303182025524 8.78135971352466 
0.0 1.0 4.75488750216347 2.0 0.0 2.32192809488736 0.0 0.0 2.0 0.0 0.0 2.8073549220576 1.58496250072116 0.0 0.0 4.95419631038687 4.08746284125034 0.0 0.0 4.24792751344359 5.04439411935845 0.0 2.32192809488736 2.32192809488736 3.70043971814109 4.70043971814109 1.0 2.32192809488736 3.16992500144231 4.0 0.0 0.0 3.8073549220576 3.16992500144231 0.0 0.0 0.0 2.32192809488736 0.0 1.58496250072116 0.0 0.0 0.0 
2.8073549220576 0.0 3.32192809488736 0.0 0.0 3.32192809488736 0.0 1.0 0.0 0.0 0.0 3.58496250072116 6.55458885167764 5.04439411935845 0.0 0.0 1.0 2.0 1.0 2.58496250072116 0.0 1.0 0.0 1.58496250072116 0.0 0.0 1.58496250072116 0.0 0.0 0.0 2.0 0.0 0.0 1.58496250072116 0.0 0.0 0.0 0.0 0.0 0.0 0.0 3.8073549220576 0.0 
1.0 2.32192809488736 3.70043971814109 0.0 2.8073549220576 4.08746284125034 0.0 3.8073549220576 0.0 3.0 0.0 4.90689059560852 2.32192809488736 3.90689059560852 0.0 3.90689059560852 2.58496250072116 0.0 1.0 1.0 3.0 2.58496250072116 3.32192809488736 4.75488750216347 3.90689059560852 3.8073549220576 1.58496250072116 0.0 0.0 6.0 2.58496250072116 3.70043971814109 5.08746284125034 0.0 3.4594316186373 3.8073549220576 1.0 0.0 5.85798099512757 6.90689059560852 7.92481250360578 0.0 4.8073549220576 
1.0 0.0 4.85798099512757 0.0 0.0 0.0 0.0 0.0 0.0 0.0 0.0 0.0 7.11894107272351 0.0 0.0 1.0 0.0 0.0 0.0 1.0 2.32192809488736 0.0 0.0 5.08746284125034 0.0 0.0 0.0 0.0 0.0 0.0 0.0 0.0 0.0 3.16992500144231 0.0 0.0 0.0 0.0 0.0 0.0 0.0 0.0 0.0 
1.58496250072116 0.0 0.0 1.0 0.0 0.0 0.0 2.58496250072116 0.0 0.0 0.0 0.0 0.0 0.0 2.58496250072116 6.28540221886225 0.0 0.0 0.0 0.0 0.0 0.0 0.0 0.0 0.0 0.0 0.0 0.0 0.0 5.39231742277876 1.0 0.0 0.0 0.0 0.0 0.0 2.8073549220576 0.0 0.0 0.0 0.0 1.0 0.0 
2.58496250072116 1.58496250072116 1.0 0.0 2.0 2.32192809488736 0.0 0.0 0.0 2.0 2.32192809488736 2.0 1.58496250072116 0.0 2.58496250072116 0.0 7.3037807481771 0.0 0.0 0.0 1.58496250072116 0.0 0.0 3.90689059560852 0.0 1.0 0.0 0.0 1.58496250072116 1.0 1.0 3.70043971814109 3.70043971814109 4.16992500144231 0.0 1.58496250072116 0.0 0.0 2.0 1.0 0.0 1.58496250072116 2.0 
0.0 0.0 0.0 0.0 0.0 0.0 0.0 0.0 0.0 0.0 0.0 0.0 0.0 0.0 0.0 0.0 0.0 0.0 0.0 0.0 0.0 0.0 0.0 0.0 0.0 2.0 0.0 0.0 0.0 0.0 0.0 0.0 0.0 0.0 0.0 0.0 0.0 0.0 0.0 0.0 0.0 0.0 0.0 
0.0 0.0 0.0 0.0 0.0 0.0 0.0 0.0 0.0 0.0 0.0 0.0 0.0 0.0 0.0 0.0 0.0 0.0 0.0 0.0 0.0 0.0 0.0 0.0 0.0 0.0 0.0 0.0 0.0 0.0 0.0 0.0 0.0 0.0 0.0 0.0 0.0 0.0 0.0 0.0 0.0 0.0 0.0 
0.0 0.0 0.0 0.0 0.0 0.0 0.0 0.0 0.0 0.0 0.0 0.0 0.0 0.0 0.0 0.0 5.16992500144231 0.0 0.0 0.0 1.58496250072116 0.0 0.0 0.0 0.0 0.0 0.0 0.0 0.0 1.0 0.0 0.0 0.0 0.0 0.0 0.0 0.0 0.0 0.0 0.0 0.0 0.0 0.0 
0.0 0.0 0.0 0.0 0.0 0.0 0.0 0.0 0.0 0.0 0.0 0.0 0.0 0.0 0.0 0.0 0.0 0.0 0.0 0.0 0.0 0.0 0.0 0.0 0.0 0.0 0.0 0.0 0.0 0.0 0.0 0.0 0.0 0.0 0.0 0.0 0.0 0.0 0.0 0.0 0.0 0.0 0.0 
0.0 0.0 0.0 0.0 0.0 0.0 0.0 0.0 0.0 0.0 0.0 0.0 0.0 0.0 0.0 0.0 0.0 0.0 0.0 0.0 0.0 0.0 0.0 0.0 0.0 0.0 0.0 0.0 0.0 0.0 0.0 0.0 0.0 0.0 0.0 0.0 0.0 0.0 0.0 0.0 0.0 0.0 0.0 
0.0 0.0 0.0 0.0 0.0 0.0 0.0 0.0 0.0 0.0 0.0 0.0 0.0 2.58496250072116 3.16992500144231 0.0 0.0 0.0 0.0 0.0 4.95419631038687 0.0 1.58496250072116 0.0 0.0 2.32192809488736 0.0 0.0 3.58496250072116 0.0 0.0 0.0 0.0 0.0 0.0 0.0 6.53915881110803 0.0 3.0 0.0 2.0 0.0 0.0 
1.58496250072116 1.0 4.08746284125034 0.0 4.85798099512757 0.0 1.58496250072116 1.0 0.0 0.0 0.0 1.0 1.58496250072116 0.0 4.58496250072116 3.16992500144231 0.0 1.0 2.32192809488736 4.8073549220576 0.0 1.58496250072116 2.32192809488736 0.0 0.0 0.0 0.0 0.0 1.0 3.90689059560852 4.08746284125034 5.24792751344359 0.0 0.0 0.0 1.0 2.8073549220576 0.0 4.58496250072116 4.24792751344359 2.8073549220576 0.0 4.0 
0.0 0.0 0.0 0.0 0.0 0.0 0.0 0.0 0.0 0.0 0.0 0.0 0.0 0.0 0.0 0.0 0.0 1.0 0.0 2.32192809488736 1.58496250072116 0.0 0.0 0.0 0.0 0.0 0.0 0.0 0.0 0.0 0.0 0.0 0.0 0.0 0.0 0.0 0.0 0.0 0.0 1.0 0.0 0.0 0.0 
0.0 0.0 0.0 0.0 0.0 1.0 0.0 0.0 0.0 0.0 0.0 0.0 0.0 0.0 0.0 0.0 0.0 0.0 0.0 0.0 0.0 0.0 2.32192809488736 0.0 0.0 0.0 0.0 0.0 0.0 0.0 0.0 0.0 0.0 0.0 0.0 0.0 0.0 0.0 0.0 2.32192809488736 0.0 2.58496250072116 0.0 
0.0 0.0 0.0 0.0 0.0 7.54689445988764 0.0 0.0 0.0 0.0 0.0 0.0 2.8073549220576 0.0 3.58496250072116 5.88264304936184 0.0 0.0 0.0 0.0 1.0 0.0 0.0 2.58496250072116 0.0 0.0 4.52356195605701 0.0 0.0 2.58496250072116 0.0 0.0 0.0 0.0 0.0 0.0 2.8073549220576 0.0 1.0 1.58496250072116 0.0 0.0 0.0 
0.0 1.0 1.0 0.0 1.0 0.0 1.0 0.0 1.58496250072116 0.0 0.0 1.0 1.0 1.0 1.0 1.0 2.0 1.0 0.0 0.0 1.0 0.0 0.0 0.0 0.0 1.0 0.0 1.58496250072116 0.0 0.0 0.0 2.0 0.0 2.8073549220576 1.58496250072116 0.0 0.0 1.0 1.58496250072116 0.0 0.0 0.0 0.0 
1.0 0.0 2.0 0.0 0.0 4.58496250072116 0.0 0.0 0.0 0.0 1.0 1.58496250072116 2.8073549220576 0.0 1.0 3.70043971814109 0.0 0.0 0.0 0.0 0.0 0.0 0.0 0.0 0.0 0.0 0.0 0.0 0.0 4.52356195605701 6.0 0.0 0.0 0.0 0.0 1.58496250072116 1.0 0.0 5.12928301694497 2.58496250072116 2.0 4.08746284125034 1.58496250072116 
0.0 0.0 0.0 0.0 0.0 1.58496250072116 0.0 0.0 0.0 0.0 0.0 0.0 0.0 3.16992500144231 0.0 0.0 0.0 0.0 0.0 0.0 0.0 0.0 1.0 0.0 0.0 0.0 0.0 0.0 0.0 1.0 0.0 0.0 0.0 0.0 0.0 0.0 2.0 0.0 0.0 0.0 0.0 4.95419631038687 0.0 
0.0 0.0 0.0 0.0 0.0 0.0 0.0 0.0 0.0 0.0 0.0 0.0 0.0 0.0 0.0 0.0 0.0 0.0 0.0 0.0 0.0 0.0 0.0 0.0 0.0 0.0 0.0 0.0 0.0 1.0 0.0 0.0 0.0 0.0 0.0 0.0 0.0 0.0 0.0 0.0 0.0 0.0 0.0 
0.0 0.0 0.0 0.0 0.0 0.0 0.0 0.0 0.0 0.0 0.0 0.0 0.0 2.32192809488736 0.0 0.0 0.0 0.0 0.0 0.0 0.0 0.0 0.0 0.0 0.0 0.0 0.0 0.0 0.0 1.0 0.0 0.0 0.0 0.0 3.58496250072116 0.0 0.0 0.0 0.0 0.0 0.0 0.0 0.0 
0.0 0.0 0.0 0.0 0.0 0.0 0.0 0.0 0.0 0.0 0.0 0.0 0.0 0.0 0.0 0.0 0.0 0.0 0.0 0.0 0.0 0.0 0.0 0.0 0.0 0.0 0.0 0.0 0.0 0.0 0.0 0.0 0.0 0.0 0.0 0.0 0.0 0.0 0.0 0.0 0.0 0.0 0.0 
0.0 0.0 0.0 0.0 0.0 0.0 0.0 0.0 0.0 0.0 0.0 0.0 0.0 0.0 0.0 0.0 0.0 0.0 0.0 0.0 0.0 0.0 0.0 0.0 0.0 0.0 0.0 0.0 0.0 0.0 0.0 0.0 0.0 1.0 0.0 0.0 0.0 0.0 0.0 0.0 0.0 0.0 0.0 
2.0 0.0 2.0 0.0 0.0 1.58496250072116 0.0 0.0 4.4594316186373 0.0 0.0 4.0 1.58496250072116 2.0 2.0 0.0 1.0 0.0 0.0 0.0 3.70043971814109 0.0 0.0 2.0 0.0 0.0 1.0 0.0 3.70043971814109 2.8073549220576 0.0 3.16992500144231 0.0 1.0 3.70043971814109 0.0 6.28540221886225 0.0 1.0 3.0 0.0 0.0 0.0 
3.90689059560852 1.58496250072116 5.90689059560852 0.0 2.58496250072116 3.70043971814109 5.64385618977472 4.0 4.58496250072116 2.58496250072116 2.32192809488736 3.70043971814109 4.64385618977472 4.90689059560852 3.16992500144231 3.58496250072116 0.0 4.32192809488736 1.58496250072116 5.85798099512757 5.93073733756289 4.0 5.28540221886225 3.8073549220576 4.0 5.55458885167764 4.16992500144231 4.58496250072116 3.8073549220576 5.61470984411521 4.0 2.0 2.0 4.58496250072116 1.0 3.32192809488736 3.4594316186373 4.58496250072116 5.20945336562895 4.52356195605701 3.4594316186373 5.95419631038687 1.58496250072116 
0.0 0.0 0.0 0.0 0.0 0.0 0.0 0.0 0.0 0.0 0.0 0.0 0.0 1.0 0.0 0.0 2.58496250072116 0.0 0.0 0.0 0.0 0.0 0.0 0.0 0.0 0.0 0.0 0.0 0.0 0.0 0.0 0.0 0.0 0.0 0.0 0.0 0.0 0.0 0.0 0.0 0.0 0.0 0.0 
0.0 0.0 0.0 0.0 0.0 0.0 0.0 0.0 0.0 0.0 0.0 0.0 0.0 0.0 0.0 0.0 0.0 0.0 0.0 0.0 0.0 0.0 0.0 0.0 0.0 0.0 0.0 0.0 0.0 0.0 0.0 0.0 0.0 0.0 0.0 0.0 0.0 0.0 0.0 0.0 0.0 0.0 0.0 
0.0 0.0 0.0 0.0 0.0 0.0 0.0 0.0 0.0 0.0 0.0 0.0 0.0 0.0 0.0 0.0 0.0 0.0 0.0 0.0 0.0 0.0 0.0 0.0 0.0 0.0 0.0 0.0 0.0 0.0 1.58496250072116 0.0 0.0 0.0 0.0 0.0 0.0 2.0 0.0 0.0 0.0 0.0 0.0 
0.0 0.0 0.0 0.0 0.0 0.0 0.0 0.0 0.0 0.0 0.0 0.0 0.0 0.0 0.0 0.0 0.0 0.0 0.0 0.0 0.0 0.0 0.0 0.0 0.0 0.0 0.0 0.0 0.0 0.0 0.0 0.0 0.0 0.0 0.0 0.0 0.0 0.0 0.0 0.0 0.0 0.0 0.0 
0.0 0.0 0.0 0.0 0.0 0.0 0.0 0.0 0.0 0.0 0.0 0.0 0.0 0.0 0.0 0.0 0.0 0.0 0.0 0.0 0.0 0.0 0.0 0.0 0.0 0.0 0.0 0.0 0.0 0.0 0.0 0.0 0.0 0.0 0.0 0.0 0.0 0.0 0.0 0.0 0.0 0.0 0.0 
0.0 0.0 5.20945336562895 2.58496250072116 1.0 0.0 5.04439411935845 0.0 0.0 1.0 0.0 0.0 4.4594316186373 2.58496250072116 0.0 0.0 0.0 0.0 0.0 0.0 0.0 0.0 2.0 0.0 1.0 0.0 0.0 0.0 0.0 0.0 0.0 0.0 0.0 0.0 0.0 0.0 3.0 0.0 0.0 0.0 0.0 0.0 0.0 
0.0 0.0 0.0 0.0 0.0 0.0 0.0 0.0 0.0 0.0 0.0 0.0 2.32192809488736 0.0 0.0 0.0 0.0 0.0 0.0 0.0 0.0 0.0 0.0 0.0 0.0 0.0 0.0 0.0 0.0 0.0 0.0 0.0 0.0 0.0 0.0 0.0 0.0 0.0 0.0 0.0 1.0 0.0 0.0 
0.0 0.0 0.0 0.0 0.0 0.0 0.0 0.0 0.0 3.16992500144231 0.0 2.32192809488736 4.32192809488736 5.4262647547021 0.0 0.0 0.0 1.0 0.0 0.0 0.0 0.0 0.0 5.0 0.0 0.0 3.58496250072116 0.0 0.0 1.0 2.58496250072116 0.0 0.0 2.58496250072116 0.0 0.0 0.0 1.0 0.0 0.0 0.0 0.0 1.0 
0.0 0.0 0.0 0.0 0.0 0.0 0.0 0.0 0.0 0.0 0.0 0.0 0.0 0.0 0.0 2.8073549220576 0.0 0.0 0.0 0.0 0.0 0.0 0.0 0.0 0.0 0.0 0.0 0.0 0.0 0.0 0.0 0.0 0.0 0.0 0.0 0.0 0.0 0.0 0.0 0.0 0.0 0.0 0.0 
0.0 0.0 0.0 0.0 0.0 0.0 0.0 0.0 0.0 0.0 0.0 0.0 0.0 0.0 0.0 0.0 0.0 0.0 0.0 0.0 0.0 0.0 0.0 0.0 0.0 0.0 0.0 0.0 0.0 0.0 0.0 0.0 0.0 0.0 0.0 0.0 0.0 0.0 0.0 0.0 0.0 0.0 0.0 
0.0 0.0 0.0 0.0 0.0 0.0 0.0 0.0 0.0 0.0 0.0 0.0 0.0 0.0 0.0 0.0 0.0 0.0 0.0 0.0 0.0 0.0 0.0 0.0 0.0 0.0 0.0 0.0 0.0 0.0 0.0 0.0 0.0 0.0 0.0 0.0 0.0 0.0 0.0 0.0 0.0 0.0 0.0 
0.0 0.0 0.0 0.0 0.0 0.0 0.0 0.0 0.0 0.0 0.0 0.0 0.0 0.0 0.0 0.0 0.0 0.0 0.0 0.0 0.0 0.0 0.0 0.0 0.0 0.0 0.0 0.0 0.0 0.0 0.0 0.0 0.0 0.0 0.0 0.0 0.0 0.0 0.0 0.0 0.0 0.0 0.0 
0.0 0.0 0.0 1.0 0.0 0.0 0.0 0.0 0.0 0.0 0.0 0.0 0.0 0.0 0.0 0.0 0.0 0.0 0.0 0.0 0.0 0.0 3.4594316186373 0.0 0.0 0.0 0.0 0.0 0.0 0.0 0.0 0.0 0.0 0.0 0.0 0.0 1.58496250072116 0.0 0.0 1.0 0.0 0.0 0.0 
0.0 0.0 0.0 0.0 0.0 0.0 0.0 0.0 0.0 0.0 0.0 0.0 0.0 0.0 0.0 0.0 0.0 0.0 0.0 0.0 0.0 0.0 0.0 0.0 0.0 0.0 0.0 0.0 0.0 0.0 0.0 0.0 0.0 0.0 0.0 0.0 0.0 0.0 0.0 0.0 0.0 0.0 0.0 
1.0 0.0 0.0 0.0 0.0 0.0 0.0 0.0 0.0 0.0 0.0 0.0 0.0 0.0 0.0 0.0 0.0 0.0 0.0 0.0 0.0 0.0 0.0 0.0 0.0 0.0 0.0 0.0 0.0 0.0 0.0 0.0 0.0 0.0 0.0 0.0 0.0 0.0 0.0 0.0 0.0 0.0 0.0 
0.0 0.0 0.0 0.0 0.0 0.0 0.0 0.0 0.0 0.0 0.0 0.0 0.0 0.0 0.0 0.0 0.0 0.0 0.0 0.0 0.0 0.0 0.0 0.0 0.0 0.0 0.0 0.0 0.0 0.0 0.0 0.0 0.0 0.0 0.0 0.0 0.0 0.0 0.0 0.0 0.0 0.0 0.0 
0.0 0.0 0.0 0.0 0.0 0.0 0.0 0.0 0.0 0.0 0.0 0.0 0.0 0.0 0.0 0.0 0.0 0.0 0.0 0.0 1.0 0.0 0.0 0.0 0.0 0.0 0.0 0.0 0.0 0.0 0.0 0.0 0.0 0.0 0.0 0.0 0.0 0.0 0.0 1.0 0.0 0.0 0.0 
0.0 0.0 0.0 0.0 0.0 0.0 0.0 0.0 0.0 0.0 0.0 0.0 0.0 0.0 1.0 0.0 0.0 0.0 0.0 0.0 0.0 0.0 0.0 0.0 0.0 0.0 0.0 0.0 0.0 0.0 0.0 0.0 0.0 0.0 0.0 0.0 0.0 0.0 0.0 0.0 0.0 0.0 0.0 
0.0 0.0 0.0 0.0 0.0 0.0 0.0 0.0 0.0 0.0 0.0 0.0 0.0 0.0 0.0 0.0 0.0 0.0 0.0 0.0 0.0 0.0 0.0 0.0 0.0 0.0 0.0 0.0 0.0 0.0 0.0 0.0 0.0 0.0 0.0 0.0 0.0 0.0 0.0 0.0 0.0 0.0 0.0 
0.0 0.0 1.58496250072116 0.0 0.0 0.0 0.0 0.0 0.0 0.0 0.0 0.0 0.0 0.0 0.0 0.0 0.0 0.0 0.0 0.0 3.32192809488736 0.0 0.0 0.0 0.0 1.0 0.0 0.0 0.0 0.0 0.0 0.0 0.0 0.0 0.0 0.0 0.0 0.0 0.0 0.0 0.0 0.0 0.0 
0.0 0.0 0.0 0.0 0.0 0.0 0.0 0.0 0.0 0.0 0.0 0.0 0.0 0.0 0.0 0.0 0.0 0.0 0.0 0.0 0.0 1.58496250072116 0.0 0.0 0.0 0.0 0.0 0.0 0.0 0.0 0.0 0.0 0.0 0.0 0.0 0.0 0.0 0.0 0.0 0.0 0.0 0.0 0.0 
0.0 0.0 0.0 0.0 0.0 0.0 0.0 0.0 0.0 0.0 0.0 0.0 1.58496250072116 0.0 0.0 0.0 0.0 0.0 0.0 0.0 0.0 0.0 0.0 1.0 0.0 0.0 0.0 0.0 0.0 0.0 0.0 0.0 0.0 0.0 0.0 0.0 0.0 0.0 0.0 0.0 0.0 0.0 0.0 
0.0 0.0 0.0 0.0 0.0 1.0 0.0 0.0 0.0 0.0 0.0 0.0 0.0 0.0 0.0 2.0 0.0 0.0 0.0 0.0 0.0 0.0 0.0 0.0 0.0 0.0 1.0 0.0 0.0 0.0 0.0 2.0 0.0 0.0 0.0 0.0 0.0 0.0 0.0 0.0 0.0 0.0 0.0 
0.0 0.0 0.0 0.0 0.0 0.0 0.0 0.0 0.0 0.0 0.0 0.0 1.0 0.0 0.0 0.0 0.0 0.0 0.0 0.0 0.0 0.0 1.0 0.0 0.0 0.0 0.0 0.0 0.0 0.0 0.0 2.58496250072116 0.0 0.0 0.0 0.0 0.0 0.0 0.0 0.0 0.0 0.0 0.0 
0.0 0.0 0.0 0.0 0.0 0.0 0.0 0.0 0.0 0.0 0.0 0.0 0.0 0.0 0.0 0.0 0.0 0.0 0.0 0.0 0.0 0.0 0.0 1.0 0.0 0.0 0.0 0.0 0.0 0.0 0.0 0.0 0.0 0.0 0.0 0.0 0.0 0.0 0.0 0.0 0.0 0.0 0.0 
0.0 0.0 1.0 0.0 0.0 0.0 0.0 0.0 0.0 0.0 0.0 0.0 0.0 0.0 0.0 0.0 0.0 0.0 0.0 0.0 0.0 0.0 0.0 0.0 0.0 0.0 0.0 0.0 0.0 0.0 0.0 0.0 0.0 0.0 0.0 0.0 0.0 0.0 0.0 0.0 0.0 0.0 0.0 
0.0 0.0 0.0 0.0 0.0 0.0 0.0 0.0 0.0 0.0 0.0 0.0 0.0 0.0 0.0 0.0 0.0 0.0 0.0 0.0 0.0 0.0 0.0 0.0 0.0 0.0 0.0 0.0 0.0 0.0 0.0 0.0 0.0 0.0 0.0 0.0 0.0 0.0 0.0 0.0 0.0 0.0 0.0 
0.0 0.0 0.0 0.0 0.0 0.0 0.0 0.0 0.0 0.0 0.0 0.0 0.0 0.0 0.0 2.0 0.0 0.0 0.0 0.0 0.0 0.0 0.0 0.0 0.0 0.0 0.0 0.0 0.0 0.0 0.0 0.0 0.0 0.0 0.0 0.0 0.0 0.0 0.0 0.0 0.0 0.0 0.0 
2.32192809488736 2.0 2.8073549220576 0.0 1.0 1.0 1.58496250072116 4.64385618977472 3.8073549220576 2.0 1.58496250072116 1.58496250072116 3.70043971814109 0.0 1.0 1.58496250072116 1.58496250072116 2.8073549220576 1.0 2.32192809488736 1.0 3.70043971814109 2.8073549220576 2.0 3.4594316186373 1.0 1.0 0.0 1.0 4.52356195605701 2.32192809488736 3.0 2.32192809488736 1.58496250072116 1.58496250072116 5.32192809488736 1.0 1.0 4.90689059560852 4.95419631038687 6.33985000288462 1.58496250072116 3.32192809488736 
1.0 0.0 0.0 0.0 0.0 0.0 0.0 0.0 0.0 0.0 0.0 0.0 0.0 0.0 0.0 0.0 0.0 0.0 0.0 0.0 0.0 0.0 0.0 0.0 0.0 0.0 0.0 0.0 0.0 0.0 0.0 0.0 0.0 0.0 0.0 0.0 0.0 0.0 0.0 0.0 0.0 0.0 0.0 
0.0 0.0 0.0 0.0 0.0 0.0 0.0 0.0 0.0 0.0 0.0 0.0 0.0 0.0 0.0 0.0 2.0 0.0 0.0 0.0 0.0 0.0 0.0 0.0 0.0 0.0 0.0 0.0 0.0 0.0 0.0 0.0 0.0 0.0 0.0 0.0 0.0 0.0 0.0 0.0 0.0 0.0 0.0 
0.0 0.0 0.0 0.0 0.0 0.0 0.0 0.0 0.0 0.0 0.0 0.0 0.0 0.0 0.0 0.0 0.0 0.0 0.0 0.0 0.0 0.0 0.0 0.0 0.0 0.0 0.0 0.0 0.0 2.58496250072116 0.0 0.0 0.0 0.0 0.0 0.0 1.58496250072116 0.0 0.0 0.0 0.0 0.0 0.0 
0.0 0.0 0.0 0.0 0.0 0.0 0.0 0.0 0.0 0.0 0.0 0.0 0.0 0.0 0.0 0.0 0.0 0.0 0.0 0.0 0.0 0.0 0.0 0.0 0.0 0.0 0.0 0.0 0.0 0.0 0.0 0.0 0.0 0.0 0.0 0.0 0.0 0.0 0.0 0.0 0.0 0.0 0.0 
1.58496250072116 2.0 4.85798099512757 1.58496250072116 2.32192809488736 2.32192809488736 0.0 2.32192809488736 3.8073549220576 5.4262647547021 5.8073549220576 3.70043971814109 11.1465686757408 4.08746284125034 2.0 4.58496250072116 5.6724253419715 1.58496250072116 1.0 1.58496250072116 3.4594316186373 1.0 0.0 4.08746284125034 1.0 1.58496250072116 2.8073549220576 1.0 3.0 5.04439411935845 5.70043971814109 1.0 3.16992500144231 5.75488750216347 2.0 3.0 6.28540221886225 2.8073549220576 5.7279204545632 3.58496250072116 1.58496250072116 3.90689059560852 1.58496250072116 
0.0 0.0 0.0 0.0 0.0 0.0 0.0 0.0 0.0 0.0 0.0 0.0 0.0 0.0 0.0 0.0 3.16992500144231 0.0 0.0 0.0 0.0 0.0 0.0 0.0 0.0 0.0 0.0 0.0 0.0 0.0 0.0 0.0 0.0 0.0 0.0 0.0 0.0 0.0 0.0 0.0 0.0 0.0 0.0 
0.0 0.0 1.58496250072116 0.0 0.0 0.0 0.0 0.0 0.0 0.0 0.0 0.0 0.0 0.0 0.0 0.0 0.0 0.0 0.0 0.0 0.0 0.0 0.0 0.0 0.0 0.0 0.0 0.0 0.0 1.58496250072116 0.0 0.0 0.0 0.0 0.0 0.0 0.0 0.0 0.0 0.0 0.0 0.0 0.0 
0.0 0.0 1.58496250072116 0.0 0.0 0.0 0.0 0.0 0.0 0.0 0.0 0.0 1.58496250072116 0.0 0.0 3.0 0.0 0.0 0.0 2.0 3.0 0.0 0.0 0.0 0.0 0.0 0.0 0.0 0.0 0.0 2.0 0.0 0.0 0.0 0.0 0.0 1.58496250072116 0.0 0.0 1.0 0.0 0.0 0.0 
0.0 0.0 0.0 0.0 0.0 0.0 0.0 0.0 0.0 0.0 0.0 1.0 0.0 0.0 0.0 0.0 0.0 0.0 0.0 0.0 0.0 0.0 0.0 0.0 0.0 0.0 0.0 0.0 0.0 1.0 0.0 0.0 0.0 0.0 0.0 0.0 0.0 0.0 0.0 0.0 0.0 0.0 0.0 
0.0 0.0 0.0 0.0 0.0 0.0 0.0 0.0 0.0 0.0 0.0 0.0 0.0 0.0 0.0 0.0 0.0 0.0 0.0 0.0 0.0 0.0 1.0 0.0 0.0 0.0 0.0 0.0 0.0 0.0 0.0 0.0 0.0 0.0 0.0 0.0 0.0 0.0 0.0 0.0 0.0 0.0 0.0 
0.0 0.0 0.0 0.0 0.0 1.0 0.0 0.0 0.0 0.0 0.0 0.0 0.0 0.0 0.0 0.0 0.0 0.0 0.0 0.0 0.0 0.0 0.0 0.0 0.0 0.0 0.0 0.0 0.0 0.0 0.0 0.0 0.0 0.0 0.0 0.0 0.0 0.0 1.0 0.0 0.0 0.0 0.0 
1.58496250072116 3.0 5.20945336562895 3.0 5.49185309632967 0.0 1.0 7.62205181945638 2.0 5.93073733756289 2.0 6.4093909361377 6.83289001416474 2.58496250072116 0.0 6.14974711950468 3.32192809488736 3.16992500144231 0.0 4.24792751344359 4.0 4.39231742277876 7.3037807481771 3.8073549220576 4.39231742277876 2.0 7.94251450533924 1.58496250072116 3.0 8.42206476617281 3.16992500144231 1.58496250072116 5.90689059560852 6.06608919045777 6.65821148275179 4.16992500144231 4.95419631038687 1.0 8.12412131182919 8.467605550083 5.90689059560852 7.02236781302845 4.85798099512757 
0.0 0.0 0.0 1.0 2.32192809488736 2.58496250072116 0.0 0.0 0.0 0.0 0.0 0.0 1.0 0.0 0.0 0.0 2.32192809488736 0.0 0.0 3.0 2.58496250072116 1.58496250072116 0.0 0.0 2.8073549220576 0.0 0.0 0.0 0.0 1.58496250072116 0.0 4.64385618977472 0.0 3.16992500144231 0.0 0.0 3.8073549220576 4.16992500144231 0.0 0.0 0.0 0.0 0.0 
3.32192809488736 4.58496250072116 5.95419631038687 4.75488750216347 5.6724253419715 5.04439411935845 2.0 6.32192809488736 5.32192809488736 3.58496250072116 5.24792751344359 4.24792751344359 6.96578428466209 5.55458885167764 4.95419631038687 6.71424551766612 7.49185309632967 6.71424551766612 3.4594316186373 4.70043971814109 4.58496250072116 4.0 5.35755200461808 5.83289001416474 4.24792751344359 2.32192809488736 7.20945336562895 4.4594316186373 4.16992500144231 7.89481776330794 6.90689059560852 5.90689059560852 6.02236781302845 7.35755200461808 6.8703647195834 5.55458885167764 7.33091687811462 2.8073549220576 7.43462822763672 7.4594316186373 5.7279204545632 7.4178525148859 5.75488750216347 
0.0 0.0 0.0 0.0 0.0 0.0 0.0 0.0 0.0 0.0 0.0 0.0 0.0 0.0 0.0 0.0 0.0 0.0 0.0 0.0 0.0 0.0 0.0 0.0 0.0 0.0 0.0 0.0 0.0 0.0 0.0 0.0 1.58496250072116 0.0 0.0 0.0 0.0 0.0 0.0 1.0 0.0 0.0 0.0 
0.0 0.0 4.0 1.0 2.8073549220576 1.0 0.0 0.0 1.0 1.58496250072116 0.0 0.0 4.85798099512757 0.0 0.0 2.58496250072116 0.0 0.0 0.0 0.0 1.0 0.0 0.0 2.32192809488736 0.0 0.0 0.0 1.0 1.0 0.0 0.0 0.0 1.0 0.0 0.0 1.0 0.0 2.8073549220576 1.0 2.58496250072116 0.0 1.0 0.0 
0.0 0.0 0.0 0.0 0.0 0.0 0.0 0.0 0.0 0.0 0.0 0.0 0.0 0.0 0.0 0.0 0.0 0.0 0.0 1.0 0.0 0.0 0.0 0.0 0.0 0.0 0.0 0.0 0.0 0.0 0.0 0.0 0.0 0.0 0.0 0.0 0.0 0.0 0.0 0.0 0.0 0.0 0.0 
0.0 0.0 1.58496250072116 0.0 0.0 0.0 0.0 0.0 0.0 1.0 0.0 0.0 2.0 0.0 0.0 0.0 0.0 0.0 0.0 0.0 0.0 0.0 0.0 0.0 0.0 0.0 0.0 0.0 0.0 0.0 0.0 0.0 0.0 0.0 0.0 0.0 0.0 0.0 0.0 0.0 0.0 0.0 0.0 
1.0 3.16992500144231 4.39231742277876 2.8073549220576 3.8073549220576 4.52356195605701 0.0 6.08746284125034 2.32192809488736 0.0 0.0 6.33985000288462 5.4594316186373 2.32192809488736 0.0 2.58496250072116 0.0 4.4594316186373 1.58496250072116 3.90689059560852 3.32192809488736 2.32192809488736 4.70043971814109 4.4594316186373 5.35755200461808 1.0 5.52356195605701 0.0 2.32192809488736 8.25266543245025 1.0 3.70043971814109 4.90689059560852 0.0 7.29462074889163 4.24792751344359 2.32192809488736 0.0 3.90689059560852 5.6724253419715 7.83920378809694 6.35755200461808 5.12928301694497 
0.0 0.0 2.58496250072116 0.0 0.0 0.0 0.0 0.0 0.0 2.0 0.0 0.0 0.0 2.58496250072116 0.0 0.0 3.0 0.0 0.0 3.0 0.0 0.0 1.58496250072116 0.0 0.0 1.0 0.0 0.0 0.0 0.0 2.0 0.0 0.0 3.32192809488736 0.0 0.0 2.0 0.0 0.0 0.0 0.0 0.0 0.0 
0.0 0.0 0.0 0.0 0.0 0.0 0.0 0.0 0.0 0.0 0.0 0.0 0.0 0.0 0.0 0.0 0.0 0.0 0.0 0.0 0.0 0.0 0.0 0.0 0.0 0.0 0.0 0.0 0.0 0.0 0.0 0.0 0.0 0.0 0.0 0.0 0.0 0.0 0.0 0.0 0.0 0.0 0.0 
0.0 0.0 6.88264304936184 0.0 0.0 0.0 0.0 0.0 2.8073549220576 0.0 0.0 0.0 0.0 4.52356195605701 1.0 0.0 0.0 2.58496250072116 0.0 0.0 0.0 0.0 0.0 1.0 0.0 1.0 0.0 0.0 0.0 1.0 1.0 1.0 1.0 0.0 0.0 1.0 0.0 0.0 1.0 0.0 0.0 1.0 0.0 
0.0 0.0 0.0 0.0 0.0 0.0 0.0 0.0 0.0 0.0 0.0 0.0 0.0 0.0 0.0 0.0 0.0 0.0 0.0 0.0 0.0 0.0 0.0 0.0 0.0 0.0 0.0 0.0 0.0 0.0 0.0 0.0 0.0 0.0 0.0 0.0 0.0 0.0 0.0 0.0 0.0 1.0 0.0 
1.58496250072116 0.0 0.0 0.0 0.0 0.0 0.0 0.0 0.0 0.0 0.0 0.0 0.0 0.0 0.0 0.0 0.0 0.0 0.0 0.0 0.0 0.0 0.0 0.0 0.0 0.0 0.0 0.0 0.0 0.0 0.0 0.0 0.0 0.0 0.0 0.0 0.0 0.0 0.0 0.0 0.0 0.0 0.0 
0.0 0.0 0.0 0.0 0.0 0.0 0.0 0.0 0.0 0.0 0.0 0.0 0.0 0.0 0.0 0.0 0.0 0.0 0.0 0.0 0.0 0.0 0.0 0.0 0.0 0.0 0.0 0.0 0.0 0.0 0.0 0.0 0.0 0.0 0.0 0.0 0.0 0.0 0.0 0.0 0.0 0.0 0.0 
3.32192809488736 0.0 2.32192809488736 0.0 0.0 0.0 0.0 0.0 1.58496250072116 2.0 0.0 0.0 3.4594316186373 0.0 1.0 0.0 0.0 0.0 1.58496250072116 0.0 1.58496250072116 1.58496250072116 2.58496250072116 0.0 3.4594316186373 0.0 3.90689059560852 0.0 0.0 3.70043971814109 1.58496250072116 0.0 0.0 0.0 0.0 0.0 0.0 0.0 0.0 3.70043971814109 0.0 2.32192809488736 0.0 
0.0 0.0 1.58496250072116 1.0 0.0 0.0 0.0 0.0 0.0 0.0 0.0 2.32192809488736 0.0 0.0 0.0 1.0 0.0 0.0 0.0 1.0 0.0 0.0 1.0 3.16992500144231 0.0 0.0 0.0 0.0 3.0 0.0 0.0 0.0 0.0 0.0 0.0 0.0 0.0 0.0 0.0 0.0 0.0 0.0 0.0 
0.0 0.0 1.0 0.0 0.0 0.0 0.0 0.0 0.0 0.0 0.0 0.0 0.0 0.0 0.0 0.0 0.0 0.0 0.0 0.0 0.0 0.0 0.0 0.0 0.0 0.0 0.0 0.0 0.0 0.0 0.0 0.0 0.0 0.0 0.0 0.0 1.0 0.0 0.0 0.0 0.0 0.0 0.0 
3.16992500144231 0.0 5.28540221886225 0.0 3.16992500144231 4.24792751344359 5.83289001416474 3.70043971814109 4.16992500144231 3.0 2.32192809488736 2.58496250072116 3.58496250072116 4.70043971814109 3.70043971814109 6.44294349584873 0.0 3.32192809488736 0.0 6.0 6.14974711950468 3.32192809488736 5.4262647547021 3.32192809488736 4.16992500144231 5.35755200461808 3.16992500144231 4.39231742277876 4.32192809488736 5.39231742277876 3.58496250072116 2.32192809488736 4.39231742277876 3.58496250072116 1.0 2.8073549220576 2.32192809488736 5.20945336562895 5.28540221886225 4.08746284125034 0.0 6.18982455888002 0.0 
0.0 0.0 0.0 0.0 0.0 0.0 0.0 1.0 0.0 0.0 0.0 0.0 0.0 0.0 0.0 1.0 0.0 0.0 0.0 0.0 0.0 0.0 0.0 0.0 1.0 0.0 0.0 0.0 0.0 0.0 0.0 1.0 0.0 0.0 0.0 0.0 0.0 0.0 1.0 0.0 0.0 0.0 0.0 
1.0 0.0 2.32192809488736 1.0 1.0 1.0 2.58496250072116 1.58496250072116 1.0 0.0 0.0 1.58496250072116 1.0 1.0 0.0 1.58496250072116 1.58496250072116 1.58496250072116 0.0 2.0 3.0 1.58496250072116 2.0 0.0 1.58496250072116 3.32192809488736 1.0 1.0 0.0 2.0 0.0 0.0 1.0 1.0 0.0 0.0 1.0 0.0 2.0 1.58496250072116 0.0 2.58496250072116 0.0 
0.0 0.0 1.58496250072116 0.0 0.0 0.0 0.0 0.0 2.32192809488736 0.0 0.0 0.0 3.90689059560852 0.0 0.0 0.0 0.0 0.0 0.0 0.0 0.0 0.0 0.0 0.0 0.0 0.0 0.0 0.0 0.0 0.0 4.0 0.0 0.0 0.0 0.0 0.0 0.0 0.0 2.58496250072116 0.0 0.0 0.0 0.0 
0.0 0.0 0.0 0.0 0.0 0.0 0.0 0.0 0.0 0.0 0.0 0.0 0.0 0.0 0.0 0.0 0.0 0.0 0.0 0.0 0.0 0.0 0.0 0.0 0.0 0.0 0.0 0.0 0.0 0.0 0.0 0.0 0.0 0.0 0.0 0.0 3.0 0.0 0.0 0.0 0.0 0.0 0.0 
0.0 0.0 1.0 0.0 0.0 0.0 0.0 0.0 0.0 1.0 0.0 0.0 1.58496250072116 0.0 0.0 1.0 0.0 0.0 0.0 0.0 0.0 1.0 0.0 1.58496250072116 0.0 0.0 1.58496250072116 0.0 0.0 0.0 0.0 0.0 0.0 0.0 0.0 0.0 0.0 0.0 0.0 0.0 0.0 0.0 0.0 
0.0 0.0 0.0 0.0 0.0 0.0 0.0 0.0 0.0 0.0 3.32192809488736 0.0 0.0 0.0 0.0 0.0 0.0 0.0 0.0 0.0 2.58496250072116 0.0 0.0 0.0 0.0 0.0 0.0 0.0 0.0 3.16992500144231 0.0 0.0 0.0 0.0 0.0 0.0 0.0 0.0 0.0 6.14974711950468 0.0 0.0 0.0 
0.0 1.58496250072116 1.0 0.0 1.0 0.0 0.0 0.0 0.0 0.0 0.0 0.0 1.0 0.0 0.0 0.0 6.83289001416474 0.0 0.0 3.0 3.32192809488736 0.0 0.0 1.58496250072116 0.0 4.24792751344359 0.0 0.0 0.0 4.0 1.0 0.0 0.0 0.0 3.32192809488736 1.0 0.0 1.0 2.32192809488736 0.0 0.0 0.0 0.0 
0.0 0.0 0.0 0.0 0.0 0.0 0.0 0.0 0.0 0.0 0.0 0.0 0.0 0.0 0.0 0.0 0.0 0.0 0.0 0.0 0.0 0.0 0.0 0.0 0.0 0.0 0.0 0.0 0.0 0.0 0.0 0.0 0.0 0.0 0.0 0.0 0.0 0.0 0.0 0.0 0.0 0.0 0.0 
0.0 0.0 0.0 0.0 0.0 0.0 0.0 0.0 0.0 0.0 0.0 0.0 0.0 0.0 0.0 0.0 0.0 0.0 0.0 0.0 0.0 0.0 0.0 0.0 2.0 0.0 0.0 0.0 0.0 1.0 0.0 0.0 3.8073549220576 0.0 0.0 0.0 0.0 0.0 1.0 0.0 0.0 0.0 0.0 
0.0 0.0 0.0 0.0 0.0 0.0 1.0 0.0 0.0 0.0 0.0 0.0 2.58496250072116 1.0 0.0 0.0 0.0 0.0 0.0 0.0 0.0 1.0 0.0 0.0 0.0 0.0 0.0 2.32192809488736 0.0 0.0 2.8073549220576 0.0 0.0 0.0 0.0 0.0 0.0 0.0 0.0 0.0 0.0 0.0 0.0 
2.32192809488736 0.0 3.90689059560852 0.0 1.0 1.58496250072116 3.8073549220576 2.0 1.58496250072116 1.58496250072116 2.0 2.32192809488736 2.58496250072116 3.4594316186373 0.0 2.0 1.0 1.0 0.0 3.8073549220576 4.16992500144231 2.58496250072116 3.58496250072116 2.0 1.58496250072116 4.39231742277876 2.8073549220576 2.0 2.8073549220576 2.32192809488736 2.0 1.0 3.70043971814109 4.39231742277876 0.0 0.0 2.8073549220576 1.0 3.32192809488736 1.58496250072116 0.0 3.32192809488736 0.0 
0.0 0.0 2.32192809488736 0.0 0.0 0.0 0.0 0.0 0.0 0.0 0.0 0.0 0.0 0.0 0.0 0.0 0.0 0.0 0.0 0.0 0.0 0.0 0.0 0.0 0.0 0.0 0.0 0.0 0.0 0.0 0.0 0.0 0.0 0.0 0.0 0.0 0.0 0.0 0.0 0.0 0.0 0.0 0.0 
1.0 2.8073549220576 2.8073549220576 1.0 2.8073549220576 6.20945336562895 0.0 9.93516504960369 3.0 8.46352437327118 0.0 1.58496250072116 3.0 4.64385618977472 1.58496250072116 4.39231742277876 2.8073549220576 2.0 1.0 1.58496250072116 6.02236781302845 3.16992500144231 2.32192809488736 2.8073549220576 2.58496250072116 5.12928301694497 1.58496250072116 0.0 3.32192809488736 6.06608919045777 4.08746284125034 1.0 1.0 6.76818432477693 1.0 2.58496250072116 6.28540221886225 2.32192809488736 5.95419631038687 8.60733031374961 1.58496250072116 6.33985000288462 0.0 
0.0 0.0 0.0 0.0 0.0 1.0 1.0 0.0 2.58496250072116 0.0 0.0 0.0 1.0 0.0 0.0 2.32192809488736 0.0 1.58496250072116 1.0 0.0 0.0 2.32192809488736 0.0 0.0 0.0 0.0 1.0 0.0 0.0 3.0 0.0 0.0 0.0 1.0 0.0 1.0 0.0 0.0 0.0 0.0 0.0 1.58496250072116 0.0 
0.0 0.0 0.0 0.0 0.0 0.0 0.0 0.0 0.0 0.0 0.0 0.0 0.0 0.0 0.0 0.0 0.0 0.0 0.0 0.0 0.0 0.0 0.0 0.0 0.0 0.0 0.0 0.0 0.0 0.0 0.0 0.0 0.0 0.0 0.0 0.0 0.0 0.0 0.0 0.0 0.0 0.0 0.0 
0.0 0.0 0.0 0.0 0.0 0.0 0.0 0.0 0.0 0.0 0.0 0.0 0.0 0.0 0.0 0.0 0.0 0.0 0.0 0.0 1.0 0.0 1.58496250072116 0.0 0.0 0.0 0.0 0.0 0.0 0.0 0.0 0.0 0.0 0.0 0.0 0.0 0.0 0.0 0.0 0.0 0.0 0.0 0.0 
0.0 0.0 0.0 0.0 0.0 0.0 0.0 0.0 0.0 0.0 0.0 0.0 0.0 0.0 0.0 0.0 0.0 0.0 0.0 0.0 0.0 0.0 0.0 0.0 0.0 1.0 0.0 0.0 0.0 0.0 0.0 0.0 0.0 0.0 0.0 0.0 0.0 0.0 0.0 0.0 0.0 0.0 0.0 
1.58496250072116 0.0 0.0 0.0 0.0 0.0 0.0 0.0 0.0 0.0 0.0 0.0 0.0 0.0 0.0 0.0 0.0 0.0 0.0 0.0 0.0 0.0 0.0 0.0 0.0 0.0 0.0 0.0 0.0 0.0 0.0 0.0 0.0 0.0 0.0 0.0 0.0 0.0 0.0 0.0 0.0 0.0 0.0 
0.0 1.58496250072116 0.0 1.0 0.0 1.0 1.58496250072116 1.58496250072116 2.0 0.0 0.0 1.58496250072116 0.0 0.0 0.0 1.58496250072116 2.8073549220576 1.58496250072116 0.0 1.58496250072116 1.0 1.0 2.0 2.32192809488736 0.0 2.0 1.0 2.0 2.8073549220576 1.58496250072116 1.0 2.58496250072116 0.0 1.58496250072116 2.0 2.0 1.58496250072116 2.58496250072116 0.0 1.0 0.0 1.0 1.0 
0.0 0.0 0.0 0.0 0.0 0.0 0.0 0.0 0.0 0.0 0.0 0.0 0.0 0.0 0.0 0.0 0.0 0.0 0.0 0.0 0.0 0.0 0.0 0.0 0.0 0.0 0.0 0.0 0.0 0.0 0.0 0.0 0.0 0.0 0.0 0.0 0.0 0.0 0.0 0.0 0.0 0.0 0.0 
0.0 0.0 0.0 0.0 0.0 0.0 0.0 0.0 0.0 0.0 1.58496250072116 1.0 0.0 0.0 0.0 1.0 1.0 0.0 0.0 0.0 0.0 0.0 0.0 0.0 0.0 0.0 0.0 0.0 0.0 1.0 0.0 0.0 0.0 0.0 0.0 0.0 0.0 0.0 0.0 0.0 0.0 0.0 0.0 
0.0 0.0 0.0 0.0 0.0 0.0 0.0 0.0 0.0 0.0 0.0 0.0 0.0 0.0 0.0 0.0 0.0 0.0 0.0 0.0 0.0 0.0 0.0 0.0 1.0 0.0 0.0 0.0 0.0 0.0 0.0 0.0 0.0 0.0 0.0 0.0 0.0 0.0 0.0 0.0 0.0 0.0 0.0 
0.0 0.0 1.0 0.0 0.0 0.0 0.0 0.0 0.0 0.0 0.0 0.0 1.0 0.0 0.0 0.0 2.32192809488736 0.0 0.0 0.0 0.0 0.0 0.0 0.0 2.58496250072116 0.0 0.0 0.0 0.0 1.58496250072116 0.0 0.0 0.0 4.4594316186373 0.0 0.0 0.0 0.0 0.0 0.0 0.0 0.0 0.0 
0.0 0.0 0.0 0.0 0.0 0.0 0.0 0.0 0.0 0.0 0.0 0.0 0.0 0.0 0.0 0.0 0.0 0.0 0.0 0.0 0.0 0.0 0.0 0.0 0.0 0.0 0.0 0.0 0.0 0.0 0.0 0.0 0.0 0.0 0.0 0.0 0.0 0.0 0.0 0.0 0.0 0.0 0.0 
0.0 0.0 0.0 0.0 0.0 0.0 0.0 0.0 0.0 0.0 0.0 0.0 0.0 0.0 0.0 0.0 0.0 0.0 0.0 0.0 0.0 0.0 0.0 0.0 0.0 0.0 0.0 0.0 0.0 0.0 3.0 0.0 0.0 0.0 0.0 0.0 0.0 0.0 1.58496250072116 0.0 0.0 0.0 0.0 
1.0 0.0 6.08746284125034 0.0 1.0 3.32192809488736 0.0 0.0 0.0 2.0 0.0 2.0 6.79441586635011 2.58496250072116 0.0 1.0 1.0 0.0 0.0 0.0 0.0 3.0 1.0 5.0 2.0 3.0 1.58496250072116 1.58496250072116 0.0 2.32192809488736 0.0 0.0 0.0 3.70043971814109 0.0 0.0 1.58496250072116 0.0 1.0 0.0 0.0 1.58496250072116 2.58496250072116 
0.0 0.0 0.0 0.0 0.0 0.0 0.0 0.0 0.0 0.0 0.0 0.0 0.0 0.0 0.0 0.0 0.0 0.0 0.0 0.0 0.0 0.0 0.0 0.0 0.0 0.0 0.0 0.0 0.0 0.0 0.0 0.0 0.0 0.0 0.0 0.0 0.0 0.0 0.0 0.0 0.0 0.0 0.0 
1.0 0.0 0.0 1.0 2.58496250072116 0.0 3.90689059560852 6.06608919045777 0.0 3.58496250072116 2.0 0.0 3.4594316186373 3.58496250072116 0.0 0.0 0.0 0.0 0.0 2.58496250072116 2.32192809488736 0.0 4.08746284125034 2.32192809488736 1.0 0.0 3.0 4.90689059560852 2.32192809488736 2.32192809488736 1.0 0.0 3.0 1.0 0.0 1.58496250072116 0.0 1.0 1.58496250072116 0.0 2.8073549220576 2.0 0.0 
0.0 0.0 1.0 0.0 0.0 0.0 0.0 0.0 0.0 0.0 0.0 0.0 0.0 0.0 0.0 0.0 0.0 0.0 0.0 0.0 0.0 0.0 0.0 1.58496250072116 0.0 0.0 0.0 0.0 0.0 0.0 0.0 0.0 0.0 0.0 0.0 0.0 0.0 0.0 0.0 0.0 0.0 0.0 0.0 
0.0 0.0 0.0 0.0 0.0 0.0 0.0 0.0 0.0 0.0 0.0 0.0 1.58496250072116 0.0 0.0 0.0 0.0 0.0 0.0 0.0 0.0 0.0 4.08746284125034 0.0 0.0 0.0 0.0 0.0 0.0 0.0 0.0 0.0 0.0 0.0 0.0 0.0 0.0 0.0 0.0 0.0 0.0 0.0 0.0 
0.0 0.0 1.58496250072116 0.0 0.0 0.0 2.8073549220576 0.0 0.0 0.0 0.0 1.0 1.0 2.58496250072116 0.0 1.0 0.0 1.58496250072116 0.0 2.32192809488736 2.0 1.0 2.32192809488736 1.0 1.0 2.0 0.0 1.0 1.0 1.58496250072116 1.0 1.0 1.0 1.0 0.0 0.0 0.0 1.0 1.58496250072116 1.58496250072116 0.0 2.0 1.0 
0.0 0.0 0.0 0.0 0.0 2.0 0.0 0.0 0.0 0.0 0.0 0.0 0.0 0.0 0.0 0.0 0.0 0.0 0.0 0.0 0.0 0.0 0.0 0.0 0.0 0.0 0.0 0.0 0.0 0.0 0.0 0.0 0.0 1.0 0.0 0.0 0.0 0.0 0.0 0.0 0.0 0.0 0.0 
0.0 0.0 0.0 0.0 0.0 0.0 0.0 0.0 0.0 0.0 0.0 0.0 0.0 0.0 0.0 0.0 0.0 0.0 0.0 0.0 0.0 0.0 0.0 0.0 0.0 0.0 0.0 0.0 0.0 0.0 0.0 0.0 0.0 0.0 0.0 0.0 0.0 0.0 0.0 0.0 0.0 0.0 0.0 
0.0 0.0 0.0 0.0 0.0 0.0 0.0 0.0 0.0 0.0 0.0 0.0 0.0 0.0 0.0 0.0 0.0 0.0 0.0 0.0 0.0 0.0 0.0 0.0 0.0 0.0 0.0 0.0 0.0 0.0 0.0 0.0 0.0 0.0 0.0 0.0 0.0 0.0 0.0 0.0 0.0 0.0 0.0 
0.0 0.0 1.0 0.0 0.0 0.0 0.0 0.0 0.0 0.0 0.0 0.0 2.32192809488736 0.0 0.0 0.0 0.0 0.0 0.0 0.0 3.32192809488736 0.0 1.58496250072116 0.0 0.0 0.0 0.0 0.0 0.0 0.0 0.0 0.0 2.0 0.0 0.0 0.0 0.0 0.0 0.0 0.0 0.0 0.0 0.0 
0.0 0.0 0.0 0.0 0.0 0.0 0.0 0.0 0.0 0.0 0.0 0.0 0.0 0.0 0.0 0.0 0.0 0.0 0.0 0.0 0.0 0.0 0.0 0.0 0.0 0.0 0.0 0.0 0.0 0.0 0.0 0.0 0.0 0.0 0.0 0.0 0.0 0.0 0.0 0.0 0.0 0.0 0.0 
0.0 0.0 1.0 0.0 0.0 0.0 0.0 0.0 0.0 0.0 0.0 0.0 0.0 0.0 0.0 0.0 0.0 1.0 0.0 1.0 0.0 1.0 0.0 0.0 0.0 1.0 0.0 0.0 0.0 0.0 0.0 0.0 0.0 0.0 0.0 0.0 0.0 0.0 0.0 0.0 0.0 0.0 0.0 
0.0 0.0 0.0 0.0 0.0 0.0 0.0 0.0 0.0 0.0 0.0 0.0 0.0 0.0 0.0 0.0 0.0 0.0 0.0 0.0 0.0 0.0 0.0 0.0 0.0 0.0 0.0 0.0 0.0 0.0 0.0 3.58496250072116 0.0 0.0 0.0 0.0 0.0 0.0 0.0 0.0 0.0 0.0 0.0 
0.0 1.0 0.0 0.0 0.0 0.0 0.0 0.0 0.0 0.0 1.0 0.0 0.0 0.0 0.0 0.0 1.0 0.0 0.0 0.0 0.0 0.0 0.0 0.0 0.0 0.0 0.0 0.0 0.0 1.58496250072116 0.0 0.0 1.0 0.0 1.0 0.0 0.0 0.0 1.0 1.58496250072116 0.0 0.0 0.0 
0.0 0.0 0.0 0.0 0.0 0.0 0.0 0.0 0.0 0.0 0.0 0.0 0.0 0.0 0.0 0.0 0.0 0.0 0.0 0.0 0.0 0.0 0.0 0.0 0.0 1.0 0.0 0.0 0.0 0.0 0.0 0.0 0.0 0.0 0.0 0.0 0.0 0.0 0.0 0.0 0.0 0.0 0.0 
0.0 0.0 0.0 0.0 0.0 0.0 0.0 0.0 0.0 0.0 0.0 0.0 0.0 0.0 0.0 0.0 0.0 0.0 0.0 0.0 0.0 0.0 0.0 0.0 0.0 0.0 0.0 0.0 0.0 0.0 0.0 0.0 0.0 0.0 0.0 0.0 0.0 0.0 0.0 0.0 0.0 0.0 0.0 
0.0 0.0 0.0 0.0 0.0 0.0 0.0 0.0 0.0 0.0 0.0 0.0 0.0 0.0 0.0 0.0 0.0 0.0 0.0 0.0 0.0 0.0 0.0 0.0 0.0 0.0 0.0 0.0 0.0 0.0 0.0 0.0 0.0 0.0 0.0 0.0 0.0 0.0 0.0 0.0 0.0 0.0 0.0 
1.58496250072116 3.58496250072116 0.0 0.0 0.0 11.3679607096416 2.0 0.0 1.0 0.0 4.85798099512757 0.0 2.58496250072116 1.0 0.0 0.0 0.0 0.0 2.8073549220576 0.0 0.0 2.58496250072116 0.0 5.32192809488736 0.0 7.17990909001493 0.0 0.0 6.59991284218713 9.7632123668144 0.0 3.8073549220576 0.0 8.33539035469392 0.0 0.0 7.53138146051631 0.0 0.0 5.16992500144231 4.4594316186373 0.0 1.58496250072116 
0.0 0.0 1.58496250072116 0.0 0.0 1.0 0.0 1.0 1.0 0.0 0.0 1.0 1.58496250072116 1.58496250072116 0.0 1.0 0.0 0.0 0.0 1.58496250072116 0.0 1.0 2.0 1.0 1.58496250072116 0.0 0.0 0.0 0.0 3.32192809488736 1.58496250072116 1.0 0.0 0.0 0.0 1.0 0.0 0.0 1.0 2.0 0.0 0.0 0.0 
0.0 0.0 0.0 0.0 0.0 1.0 0.0 0.0 0.0 0.0 0.0 0.0 5.24792751344359 3.0 0.0 0.0 0.0 0.0 0.0 3.70043971814109 0.0 6.12928301694497 0.0 0.0 2.8073549220576 0.0 0.0 0.0 0.0 0.0 5.70043971814109 0.0 0.0 0.0 0.0 4.8073549220576 0.0 0.0 0.0 0.0 1.58496250072116 0.0 0.0 
0.0 0.0 0.0 0.0 0.0 0.0 0.0 0.0 0.0 0.0 0.0 0.0 0.0 0.0 0.0 0.0 0.0 0.0 0.0 0.0 0.0 0.0 0.0 0.0 0.0 0.0 0.0 0.0 0.0 0.0 0.0 0.0 0.0 0.0 0.0 0.0 0.0 0.0 0.0 0.0 0.0 0.0 0.0 
3.4594316186373 0.0 0.0 0.0 0.0 0.0 0.0 0.0 0.0 0.0 0.0 0.0 0.0 0.0 0.0 0.0 0.0 0.0 0.0 0.0 0.0 2.58496250072116 4.52356195605701 0.0 0.0 0.0 0.0 0.0 0.0 0.0 0.0 0.0 0.0 0.0 0.0 0.0 0.0 0.0 0.0 0.0 0.0 0.0 0.0 
0.0 0.0 0.0 0.0 0.0 0.0 0.0 0.0 0.0 0.0 0.0 0.0 0.0 0.0 0.0 0.0 0.0 0.0 0.0 0.0 0.0 0.0 1.0 0.0 0.0 0.0 0.0 0.0 0.0 0.0 0.0 0.0 0.0 0.0 0.0 0.0 0.0 0.0 0.0 0.0 0.0 0.0 0.0 
0.0 0.0 0.0 0.0 0.0 0.0 0.0 0.0 0.0 0.0 0.0 0.0 0.0 0.0 0.0 0.0 0.0 0.0 0.0 0.0 0.0 0.0 0.0 0.0 0.0 0.0 0.0 0.0 0.0 0.0 0.0 0.0 0.0 0.0 0.0 0.0 0.0 0.0 0.0 0.0 0.0 0.0 0.0 
0.0 0.0 0.0 0.0 0.0 0.0 0.0 0.0 0.0 0.0 0.0 0.0 0.0 0.0 0.0 0.0 0.0 0.0 0.0 0.0 0.0 0.0 0.0 0.0 0.0 0.0 0.0 0.0 0.0 0.0 0.0 0.0 1.0 0.0 0.0 0.0 0.0 0.0 0.0 0.0 0.0 0.0 0.0 
12.3888245380236 11.427312844135 11.2330204264745 13.079984707034 13.2134080408583 12.4650561678312 12.0993478104032 12.4491486453754 13.9062329675382 12.8579809951276 13.2705873404475 13.4621187980792 11.8618623400592 12.5502658068687 13.4465664090661 13.355213428116 13.5394011790281 13.7939080718143 10.5420645422834 13.6465587101545 13.3800551485449 12.1605017475557 12.0973737689902 13.079984707034 13.1085244567782 13.7224873710083 12.7858611057596 13.7974588859151 13.1584519045384 11.8008998999203 12.5715156504778 14.4961047793401 14.2338443314601 14.2535520626375 14.6474584264549 13.4887188456055 12.3578268822108 13.3445733225962 13.0282514281628 13.1484765821783 13.2548809870821 13.4712941706673 12.3370643386847 
0.0 0.0 0.0 0.0 0.0 0.0 0.0 0.0 0.0 0.0 0.0 0.0 0.0 0.0 0.0 0.0 0.0 0.0 0.0 0.0 0.0 0.0 0.0 0.0 0.0 0.0 0.0 0.0 0.0 0.0 0.0 0.0 0.0 0.0 0.0 0.0 2.32192809488736 0.0 0.0 0.0 0.0 0.0 0.0 
0.0 1.0 0.0 0.0 0.0 0.0 1.58496250072116 0.0 0.0 2.32192809488736 2.8073549220576 0.0 0.0 1.0 0.0 3.0 1.58496250072116 0.0 1.0 0.0 3.32192809488736 0.0 0.0 0.0 0.0 0.0 0.0 0.0 0.0 0.0 2.0 2.8073549220576 0.0 3.8073549220576 0.0 0.0 0.0 0.0 1.0 0.0 0.0 0.0 0.0 
0.0 0.0 0.0 2.8073549220576 0.0 0.0 0.0 0.0 2.58496250072116 0.0 0.0 0.0 0.0 2.0 0.0 2.8073549220576 0.0 0.0 0.0 2.8073549220576 3.0 0.0 0.0 0.0 0.0 0.0 1.58496250072116 0.0 0.0 0.0 0.0 0.0 0.0 0.0 3.8073549220576 2.0 0.0 0.0 1.58496250072116 0.0 0.0 0.0 0.0 
0.0 7.40087943628218 4.90689059560852 0.0 9.97154355395077 4.4594316186373 0.0 0.0 0.0 3.58496250072116 0.0 0.0 0.0 11.9414144709429 6.3037807481771 8.21431912080077 0.0 0.0 7.65821148275179 1.0 8.28540221886225 5.8073549220576 8.12412131182919 4.32192809488736 13.5535093043092 4.58496250072116 10.129283016945 0.0 1.58496250072116 1.0 10.4998458870832 2.58496250072116 0.0 2.0 0.0 0.0 0.0 0.0 2.0 6.4594316186373 0.0 1.58496250072116 5.20945336562895 
0.0 0.0 0.0 0.0 0.0 0.0 0.0 0.0 0.0 1.58496250072116 0.0 0.0 0.0 1.0 0.0 0.0 0.0 0.0 0.0 0.0 2.0 0.0 0.0 0.0 0.0 0.0 0.0 0.0 0.0 0.0 0.0 0.0 0.0 0.0 0.0 0.0 2.0 0.0 0.0 0.0 0.0 0.0 0.0 
0.0 0.0 0.0 0.0 0.0 0.0 0.0 0.0 0.0 0.0 0.0 0.0 0.0 0.0 0.0 0.0 0.0 0.0 0.0 0.0 0.0 0.0 0.0 0.0 0.0 0.0 0.0 0.0 0.0 0.0 0.0 0.0 0.0 0.0 0.0 0.0 0.0 0.0 0.0 0.0 0.0 0.0 0.0 
0.0 0.0 0.0 0.0 0.0 0.0 0.0 0.0 0.0 0.0 0.0 0.0 0.0 0.0 0.0 0.0 0.0 0.0 0.0 0.0 2.8073549220576 0.0 0.0 0.0 0.0 0.0 0.0 0.0 0.0 0.0 0.0 0.0 0.0 0.0 3.70043971814109 0.0 0.0 0.0 0.0 0.0 0.0 0.0 0.0 
0.0 0.0 0.0 0.0 0.0 0.0 0.0 0.0 0.0 0.0 0.0 0.0 0.0 0.0 0.0 0.0 0.0 0.0 0.0 0.0 0.0 0.0 0.0 0.0 0.0 0.0 0.0 0.0 0.0 0.0 0.0 0.0 0.0 0.0 0.0 0.0 0.0 0.0 0.0 0.0 0.0 0.0 0.0 
0.0 0.0 0.0 0.0 0.0 0.0 0.0 0.0 0.0 0.0 0.0 0.0 0.0 0.0 0.0 0.0 0.0 0.0 0.0 0.0 0.0 0.0 0.0 0.0 0.0 0.0 0.0 0.0 0.0 0.0 0.0 0.0 0.0 0.0 0.0 0.0 0.0 0.0 0.0 0.0 0.0 0.0 0.0 
0.0 0.0 0.0 0.0 0.0 0.0 0.0 0.0 0.0 0.0 0.0 0.0 0.0 0.0 0.0 0.0 0.0 0.0 0.0 0.0 0.0 0.0 0.0 0.0 0.0 0.0 0.0 0.0 0.0 2.32192809488736 0.0 0.0 0.0 0.0 0.0 0.0 1.58496250072116 0.0 0.0 1.58496250072116 0.0 0.0 0.0 
0.0 0.0 1.0 0.0 0.0 0.0 0.0 0.0 0.0 0.0 0.0 0.0 0.0 0.0 0.0 0.0 0.0 0.0 0.0 0.0 0.0 0.0 0.0 0.0 0.0 0.0 0.0 0.0 0.0 0.0 0.0 0.0 0.0 0.0 0.0 0.0 0.0 0.0 0.0 0.0 0.0 0.0 0.0 
0.0 0.0 0.0 0.0 1.0 1.58496250072116 0.0 0.0 0.0 0.0 1.0 1.0 0.0 0.0 1.0 0.0 0.0 0.0 0.0 3.32192809488736 1.58496250072116 0.0 0.0 0.0 0.0 1.58496250072116 0.0 0.0 0.0 0.0 2.0 0.0 0.0 0.0 0.0 0.0 0.0 0.0 0.0 1.58496250072116 0.0 0.0 0.0 
0.0 0.0 0.0 0.0 0.0 0.0 0.0 0.0 0.0 0.0 0.0 0.0 0.0 0.0 0.0 0.0 0.0 0.0 0.0 0.0 0.0 0.0 0.0 0.0 0.0 0.0 0.0 0.0 0.0 0.0 0.0 0.0 0.0 0.0 0.0 0.0 0.0 0.0 0.0 0.0 0.0 0.0 0.0 
3.32192809488736 1.58496250072116 5.39231742277876 4.08746284125034 6.64385618977472 1.0 0.0 4.58496250072116 4.32192809488736 3.58496250072116 5.52356195605701 0.0 5.55458885167764 6.6724253419715 7.61470984411521 7.38370429247405 1.0 5.85798099512757 1.0 11.631177055704 5.7279204545632 3.90689059560852 3.0 2.32192809488736 5.24792751344359 6.70043971814109 5.32192809488736 3.70043971814109 6.4594316186373 5.24792751344359 5.12928301694497 1.58496250072116 4.39231742277876 9.11113567023471 7.29462074889163 4.32192809488736 6.84549005094437 7.61470984411521 6.89481776330794 9.86418614465428 3.4594316186373 2.8073549220576 5.35755200461808 
1.58496250072116 0.0 0.0 0.0 1.0 0.0 0.0 3.0 0.0 0.0 2.58496250072116 0.0 0.0 0.0 0.0 0.0 1.58496250072116 0.0 0.0 1.0 5.04439411935845 0.0 1.0 1.0 0.0 2.0 0.0 0.0 1.0 2.32192809488736 2.32192809488736 1.0 0.0 4.58496250072116 4.75488750216347 2.0 1.0 1.0 3.32192809488736 0.0 0.0 2.32192809488736 0.0 
0.0 0.0 0.0 0.0 0.0 0.0 0.0 0.0 0.0 0.0 0.0 0.0 0.0 0.0 0.0 0.0 0.0 0.0 0.0 0.0 0.0 0.0 0.0 0.0 0.0 0.0 0.0 0.0 0.0 0.0 0.0 0.0 0.0 0.0 0.0 0.0 0.0 0.0 0.0 0.0 0.0 0.0 0.0 
0.0 0.0 0.0 0.0 0.0 0.0 0.0 0.0 0.0 0.0 1.0 0.0 0.0 0.0 0.0 0.0 0.0 0.0 0.0 0.0 1.0 0.0 0.0 0.0 0.0 0.0 0.0 0.0 0.0 0.0 0.0 0.0 0.0 0.0 0.0 0.0 0.0 0.0 0.0 0.0 0.0 0.0 0.0 
0.0 0.0 0.0 0.0 0.0 0.0 0.0 0.0 0.0 0.0 0.0 1.0 0.0 0.0 0.0 0.0 0.0 0.0 0.0 0.0 0.0 0.0 0.0 0.0 0.0 0.0 0.0 0.0 0.0 0.0 0.0 0.0 0.0 0.0 0.0 0.0 0.0 0.0 0.0 0.0 0.0 0.0 0.0 
0.0 0.0 0.0 0.0 0.0 0.0 0.0 0.0 0.0 0.0 0.0 0.0 0.0 0.0 0.0 0.0 0.0 0.0 0.0 0.0 0.0 0.0 0.0 0.0 0.0 0.0 0.0 0.0 0.0 0.0 0.0 0.0 0.0 0.0 0.0 0.0 0.0 0.0 0.0 0.0 0.0 0.0 0.0 
0.0 0.0 0.0 0.0 0.0 0.0 0.0 0.0 0.0 0.0 0.0 0.0 0.0 0.0 0.0 0.0 0.0 0.0 0.0 2.32192809488736 0.0 0.0 0.0 0.0 0.0 0.0 0.0 0.0 0.0 0.0 0.0 0.0 0.0 0.0 0.0 0.0 0.0 0.0 0.0 0.0 0.0 0.0 0.0 
0.0 0.0 0.0 0.0 0.0 0.0 0.0 0.0 0.0 0.0 0.0 0.0 0.0 0.0 0.0 0.0 0.0 0.0 0.0 0.0 0.0 0.0 0.0 0.0 0.0 0.0 0.0 0.0 0.0 0.0 0.0 0.0 0.0 0.0 0.0 0.0 0.0 0.0 0.0 0.0 0.0 0.0 0.0 
0.0 0.0 0.0 0.0 0.0 0.0 0.0 0.0 0.0 0.0 0.0 0.0 0.0 0.0 0.0 0.0 0.0 0.0 0.0 0.0 0.0 0.0 0.0 0.0 0.0 0.0 0.0 0.0 0.0 0.0 0.0 0.0 0.0 0.0 0.0 0.0 0.0 0.0 0.0 0.0 0.0 0.0 0.0 
3.58496250072116 1.58496250072116 7.38370429247405 2.8073549220576 4.95419631038687 4.16992500144231 2.58496250072116 4.0 3.8073549220576 3.90689059560852 2.0 3.58496250072116 7.8703647195834 2.8073549220576 3.0 4.39231742277876 5.20945336562895 6.4093909361377 2.0 1.58496250072116 4.39231742277876 5.7279204545632 5.04439411935845 5.70043971814109 2.8073549220576 0.0 5.97727992349992 1.0 2.32192809488736 9.63299519714296 4.52356195605701 5.88264304936184 1.0 1.58496250072116 1.58496250072116 7.37503943134692 7.53138146051631 3.4594316186373 6.61470984411521 6.98868468677217 3.4594316186373 4.39231742277876 5.4262647547021 
0.0 0.0 0.0 0.0 0.0 0.0 0.0 0.0 0.0 0.0 0.0 0.0 0.0 0.0 0.0 0.0 0.0 0.0 0.0 0.0 0.0 0.0 0.0 0.0 0.0 0.0 0.0 0.0 0.0 0.0 0.0 1.0 0.0 0.0 0.0 0.0 0.0 0.0 0.0 0.0 0.0 0.0 0.0 
0.0 0.0 0.0 0.0 1.58496250072116 0.0 0.0 0.0 0.0 0.0 0.0 0.0 0.0 0.0 0.0 0.0 0.0 0.0 0.0 2.58496250072116 0.0 0.0 2.8073549220576 0.0 0.0 0.0 0.0 0.0 0.0 2.0 0.0 0.0 0.0 0.0 0.0 0.0 0.0 0.0 0.0 0.0 0.0 0.0 0.0 
0.0 0.0 0.0 0.0 0.0 0.0 0.0 0.0 0.0 0.0 0.0 0.0 0.0 0.0 1.0 0.0 0.0 0.0 0.0 0.0 0.0 0.0 0.0 0.0 0.0 0.0 0.0 0.0 0.0 0.0 0.0 0.0 0.0 0.0 0.0 0.0 0.0 0.0 0.0 0.0 0.0 0.0 0.0 
0.0 0.0 0.0 0.0 0.0 3.0 1.58496250072116 0.0 0.0 0.0 0.0 0.0 2.0 0.0 0.0 0.0 1.58496250072116 0.0 0.0 0.0 1.58496250072116 1.0 3.4594316186373 0.0 0.0 0.0 0.0 0.0 2.58496250072116 0.0 0.0 2.8073549220576 3.0 1.58496250072116 0.0 0.0 1.58496250072116 0.0 1.0 1.0 1.0 0.0 0.0 
0.0 0.0 0.0 0.0 0.0 0.0 0.0 0.0 0.0 0.0 0.0 0.0 0.0 3.0 0.0 0.0 0.0 0.0 0.0 0.0 0.0 0.0 0.0 0.0 0.0 0.0 0.0 0.0 0.0 0.0 0.0 0.0 0.0 0.0 0.0 0.0 0.0 0.0 0.0 0.0 0.0 0.0 0.0 
0.0 0.0 0.0 0.0 0.0 0.0 0.0 0.0 0.0 0.0 0.0 0.0 0.0 0.0 0.0 0.0 0.0 0.0 0.0 0.0 0.0 2.32192809488736 0.0 0.0 0.0 0.0 0.0 0.0 0.0 0.0 0.0 0.0 0.0 0.0 0.0 0.0 2.58496250072116 0.0 0.0 0.0 0.0 0.0 0.0 
0.0 0.0 2.58496250072116 0.0 0.0 0.0 0.0 2.8073549220576 0.0 0.0 0.0 0.0 1.0 0.0 0.0 0.0 0.0 0.0 0.0 0.0 2.8073549220576 0.0 0.0 0.0 2.0 1.58496250072116 0.0 0.0 0.0 1.0 0.0 0.0 0.0 0.0 0.0 0.0 0.0 1.0 0.0 0.0 0.0 0.0 0.0 
0.0 0.0 2.8073549220576 0.0 0.0 0.0 0.0 0.0 0.0 3.32192809488736 0.0 1.58496250072116 0.0 0.0 0.0 0.0 3.16992500144231 0.0 0.0 1.58496250072116 2.8073549220576 0.0 0.0 0.0 0.0 0.0 2.32192809488736 0.0 0.0 0.0 1.58496250072116 0.0 0.0 0.0 0.0 1.0 0.0 0.0 0.0 0.0 0.0 0.0 0.0 
0.0 0.0 0.0 0.0 0.0 0.0 0.0 0.0 0.0 0.0 0.0 0.0 0.0 0.0 0.0 0.0 0.0 0.0 0.0 0.0 0.0 0.0 0.0 0.0 0.0 0.0 0.0 0.0 0.0 0.0 0.0 0.0 0.0 0.0 0.0 0.0 0.0 0.0 0.0 0.0 0.0 0.0 0.0 
0.0 0.0 0.0 0.0 0.0 0.0 0.0 0.0 0.0 0.0 0.0 0.0 0.0 0.0 0.0 0.0 0.0 0.0 0.0 0.0 0.0 0.0 0.0 0.0 0.0 0.0 0.0 0.0 0.0 0.0 0.0 0.0 0.0 0.0 0.0 0.0 0.0 0.0 0.0 0.0 0.0 0.0 0.0 
0.0 0.0 0.0 0.0 2.0 1.58496250072116 0.0 0.0 0.0 0.0 0.0 0.0 4.64385618977472 0.0 1.0 2.8073549220576 0.0 1.0 0.0 0.0 2.32192809488736 1.0 0.0 1.0 0.0 0.0 0.0 0.0 1.0 3.8073549220576 1.58496250072116 0.0 0.0 0.0 0.0 0.0 3.8073549220576 0.0 3.16992500144231 2.58496250072116 0.0 3.32192809488736 3.32192809488736 
0.0 0.0 0.0 0.0 0.0 0.0 0.0 0.0 0.0 0.0 0.0 0.0 0.0 3.0 0.0 0.0 0.0 0.0 0.0 0.0 2.58496250072116 0.0 0.0 0.0 0.0 0.0 0.0 0.0 0.0 0.0 0.0 0.0 0.0 0.0 2.0 0.0 0.0 0.0 0.0 0.0 0.0 0.0 0.0 
3.8073549220576 4.58496250072116 5.6724253419715 5.0 7.92481250360578 4.24792751344359 4.08746284125034 6.83289001416474 3.0 5.83289001416474 2.8073549220576 3.8073549220576 7.82654848729092 2.32192809488736 6.20945336562895 5.85798099512757 6.32192809488736 5.78135971352466 4.39231742277876 4.24792751344359 2.58496250072116 6.4594316186373 6.95419631038687 4.16992500144231 5.6724253419715 5.24792751344359 7.92481250360578 3.8073549220576 3.58496250072116 8.61102479730735 8.26209484537018 5.70043971814109 6.10852445677817 7.27612440527424 3.8073549220576 6.53915881110803 7.21916852046216 0.0 8.76818432477693 8.7714894695006 6.33985000288462 3.58496250072116 4.90689059560852 
1.0 0.0 2.58496250072116 1.0 1.0 1.0 0.0 0.0 4.75488750216347 0.0 2.0 0.0 0.0 0.0 0.0 1.0 0.0 0.0 0.0 0.0 0.0 0.0 0.0 0.0 1.0 0.0 0.0 0.0 0.0 0.0 0.0 0.0 0.0 0.0 0.0 0.0 0.0 1.0 0.0 1.58496250072116 1.0 0.0 0.0 
0.0 0.0 0.0 0.0 0.0 0.0 3.90689059560852 0.0 0.0 2.8073549220576 0.0 0.0 2.0 0.0 0.0 2.0 0.0 0.0 1.0 0.0 2.8073549220576 1.0 0.0 0.0 0.0 2.32192809488736 0.0 2.32192809488736 0.0 2.58496250072116 0.0 1.58496250072116 0.0 0.0 2.58496250072116 0.0 0.0 0.0 3.58496250072116 2.8073549220576 0.0 0.0 0.0 
0.0 0.0 0.0 0.0 0.0 0.0 0.0 0.0 0.0 0.0 0.0 0.0 0.0 0.0 0.0 0.0 0.0 0.0 0.0 0.0 0.0 0.0 0.0 0.0 0.0 0.0 0.0 0.0 0.0 0.0 0.0 0.0 0.0 0.0 0.0 0.0 0.0 0.0 0.0 0.0 0.0 0.0 0.0 
0.0 0.0 0.0 0.0 0.0 3.8073549220576 1.58496250072116 0.0 0.0 0.0 0.0 0.0 0.0 3.0 0.0 0.0 1.58496250072116 0.0 0.0 2.32192809488736 0.0 0.0 1.58496250072116 1.0 0.0 0.0 0.0 0.0 0.0 1.0 0.0 2.8073549220576 3.8073549220576 0.0 0.0 1.58496250072116 3.8073549220576 0.0 0.0 0.0 0.0 0.0 0.0 
0.0 0.0 0.0 0.0 0.0 0.0 0.0 0.0 0.0 0.0 0.0 0.0 0.0 0.0 0.0 0.0 0.0 0.0 0.0 0.0 0.0 0.0 0.0 0.0 0.0 0.0 0.0 0.0 0.0 0.0 1.58496250072116 0.0 0.0 0.0 0.0 0.0 0.0 0.0 0.0 0.0 0.0 0.0 0.0 
0.0 0.0 0.0 0.0 0.0 0.0 0.0 0.0 0.0 0.0 0.0 0.0 0.0 0.0 0.0 0.0 0.0 0.0 0.0 0.0 0.0 0.0 0.0 0.0 0.0 0.0 0.0 0.0 0.0 0.0 0.0 0.0 0.0 0.0 0.0 0.0 0.0 0.0 0.0 0.0 0.0 0.0 0.0 
0.0 1.0 4.16992500144231 0.0 0.0 3.70043971814109 3.70043971814109 0.0 3.4594316186373 0.0 2.58496250072116 1.0 6.7279204545632 0.0 3.0 0.0 0.0 0.0 0.0 0.0 3.8073549220576 5.90689059560852 0.0 4.4594316186373 2.58496250072116 0.0 0.0 3.58496250072116 0.0 7.08746284125034 4.64385618977472 4.39231742277876 3.0 4.0 0.0 2.8073549220576 4.0 0.0 5.83289001416474 4.70043971814109 0.0 1.0 4.08746284125034 
0.0 0.0 0.0 0.0 0.0 0.0 0.0 1.0 0.0 0.0 0.0 0.0 0.0 0.0 0.0 0.0 0.0 0.0 0.0 0.0 0.0 0.0 0.0 0.0 0.0 0.0 0.0 0.0 0.0 0.0 0.0 1.0 0.0 0.0 0.0 0.0 0.0 0.0 0.0 0.0 0.0 0.0 0.0 
0.0 0.0 1.58496250072116 0.0 0.0 0.0 0.0 0.0 0.0 0.0 0.0 0.0 0.0 0.0 0.0 0.0 0.0 0.0 0.0 0.0 0.0 0.0 0.0 0.0 0.0 0.0 0.0 0.0 0.0 0.0 0.0 0.0 0.0 0.0 0.0 0.0 0.0 0.0 0.0 0.0 0.0 0.0 0.0 
2.0 0.0 3.16992500144231 0.0 2.32192809488736 4.58496250072116 0.0 2.58496250072116 1.0 0.0 0.0 0.0 5.52356195605701 0.0 0.0 2.8073549220576 0.0 1.0 1.58496250072116 0.0 1.0 0.0 2.0 3.16992500144231 2.32192809488736 0.0 3.0 0.0 0.0 6.18982455888002 0.0 0.0 0.0 0.0 0.0 0.0 4.16992500144231 0.0 0.0 3.8073549220576 0.0 4.70043971814109 6.28540221886225 
5.4594316186373 0.0 0.0 0.0 0.0 0.0 0.0 0.0 0.0 0.0 0.0 0.0 0.0 0.0 0.0 0.0 0.0 0.0 1.0 2.0 0.0 0.0 0.0 0.0 0.0 0.0 0.0 2.0 0.0 0.0 0.0 2.0 0.0 0.0 0.0 0.0 2.0 0.0 0.0 0.0 0.0 0.0 0.0 
0.0 0.0 0.0 0.0 1.58496250072116 0.0 0.0 3.4594316186373 0.0 0.0 0.0 0.0 1.58496250072116 2.0 0.0 0.0 0.0 0.0 1.0 0.0 0.0 1.0 0.0 1.0 1.58496250072116 0.0 0.0 0.0 0.0 3.90689059560852 0.0 0.0 4.24792751344359 0.0 0.0 0.0 1.58496250072116 2.0 2.32192809488736 4.4594316186373 0.0 4.08746284125034 6.10852445677817 
0.0 0.0 0.0 0.0 0.0 0.0 0.0 0.0 0.0 0.0 0.0 0.0 0.0 0.0 0.0 0.0 0.0 0.0 0.0 0.0 0.0 0.0 0.0 0.0 0.0 0.0 0.0 0.0 0.0 0.0 0.0 0.0 0.0 0.0 0.0 0.0 0.0 0.0 0.0 0.0 0.0 0.0 0.0 
0.0 0.0 2.0 0.0 0.0 1.0 0.0 3.16992500144231 0.0 2.0 0.0 0.0 2.32192809488736 0.0 0.0 0.0 0.0 0.0 0.0 0.0 0.0 2.58496250072116 0.0 3.4594316186373 0.0 0.0 3.0 2.8073549220576 2.32192809488736 3.0 0.0 0.0 4.58496250072116 0.0 5.7279204545632 0.0 0.0 0.0 1.0 4.0 1.58496250072116 2.8073549220576 4.32192809488736 
0.0 0.0 0.0 2.32192809488736 0.0 0.0 0.0 0.0 0.0 1.0 0.0 3.32192809488736 0.0 0.0 0.0 0.0 0.0 0.0 0.0 0.0 0.0 0.0 0.0 0.0 3.0 0.0 0.0 0.0 0.0 0.0 0.0 3.4594316186373 0.0 0.0 3.4594316186373 0.0 0.0 0.0 0.0 0.0 0.0 0.0 0.0 
0.0 0.0 0.0 0.0 0.0 0.0 0.0 0.0 0.0 0.0 0.0 0.0 0.0 0.0 0.0 3.16992500144231 0.0 0.0 0.0 0.0 0.0 0.0 0.0 0.0 0.0 0.0 0.0 0.0 0.0 0.0 0.0 0.0 0.0 0.0 0.0 0.0 0.0 0.0 0.0 0.0 0.0 0.0 0.0 
0.0 0.0 0.0 0.0 2.0 2.32192809488736 0.0 0.0 0.0 2.0 0.0 1.0 0.0 0.0 0.0 0.0 0.0 0.0 0.0 5.58496250072116 0.0 0.0 0.0 0.0 0.0 0.0 2.0 4.0 3.32192809488736 2.32192809488736 2.32192809488736 0.0 0.0 0.0 0.0 0.0 0.0 0.0 0.0 1.0 0.0 3.16992500144231 0.0 
2.32192809488736 1.0 4.75488750216347 1.0 2.0 1.0 2.32192809488736 0.0 0.0 0.0 0.0 2.0 5.12928301694497 0.0 0.0 0.0 1.0 0.0 0.0 0.0 0.0 2.8073549220576 1.0 0.0 0.0 0.0 2.32192809488736 0.0 0.0 3.16992500144231 2.32192809488736 1.0 0.0 2.0 0.0 0.0 0.0 0.0 0.0 1.0 0.0 2.8073549220576 0.0 
0.0 0.0 0.0 0.0 0.0 0.0 0.0 0.0 0.0 0.0 0.0 0.0 4.16992500144231 3.58496250072116 0.0 0.0 0.0 0.0 0.0 0.0 0.0 0.0 0.0 3.0 0.0 0.0 0.0 0.0 0.0 0.0 0.0 0.0 0.0 0.0 0.0 0.0 0.0 0.0 0.0 0.0 0.0 0.0 0.0 
0.0 0.0 0.0 0.0 0.0 0.0 0.0 0.0 0.0 0.0 0.0 0.0 0.0 0.0 0.0 0.0 0.0 0.0 0.0 0.0 0.0 0.0 0.0 0.0 0.0 0.0 0.0 0.0 0.0 0.0 0.0 0.0 0.0 0.0 0.0 0.0 0.0 0.0 0.0 0.0 0.0 0.0 0.0 
0.0 0.0 1.58496250072116 0.0 1.0 1.58496250072116 0.0 1.58496250072116 0.0 0.0 0.0 2.32192809488736 3.90689059560852 2.32192809488736 0.0 0.0 4.08746284125034 4.39231742277876 0.0 0.0 2.32192809488736 1.0 2.32192809488736 3.4594316186373 1.58496250072116 0.0 0.0 0.0 0.0 6.10852445677817 1.0 3.8073549220576 0.0 3.70043971814109 0.0 4.24792751344359 4.58496250072116 2.58496250072116 5.90689059560852 2.32192809488736 0.0 0.0 3.32192809488736 
0.0 0.0 0.0 0.0 0.0 0.0 0.0 0.0 0.0 0.0 0.0 0.0 0.0 0.0 0.0 0.0 0.0 0.0 0.0 0.0 0.0 0.0 0.0 0.0 0.0 0.0 0.0 0.0 0.0 0.0 0.0 0.0 0.0 0.0 0.0 0.0 0.0 0.0 0.0 0.0 0.0 0.0 0.0 
0.0 0.0 1.0 0.0 0.0 0.0 0.0 0.0 0.0 1.58496250072116 0.0 0.0 0.0 0.0 1.58496250072116 0.0 0.0 0.0 0.0 1.0 0.0 1.58496250072116 0.0 0.0 0.0 1.58496250072116 0.0 0.0 0.0 0.0 1.0 1.0 0.0 1.58496250072116 1.0 0.0 0.0 0.0 2.0 2.58496250072116 0.0 0.0 0.0 
1.0 0.0 3.0 0.0 1.0 0.0 0.0 2.0 1.58496250072116 0.0 2.0 0.0 0.0 1.58496250072116 0.0 0.0 9.35314682549808 1.58496250072116 0.0 3.32192809488736 3.4594316186373 0.0 0.0 2.32192809488736 1.0 4.16992500144231 0.0 0.0 0.0 2.8073549220576 3.16992500144231 0.0 3.32192809488736 5.24792751344359 0.0 0.0 0.0 0.0 0.0 0.0 0.0 0.0 1.0 
1.58496250072116 0.0 0.0 0.0 0.0 0.0 0.0 0.0 2.0 0.0 0.0 0.0 4.32192809488736 0.0 2.32192809488736 0.0 5.04439411935845 2.8073549220576 0.0 0.0 0.0 0.0 4.58496250072116 1.0 5.04439411935845 0.0 0.0 0.0 3.32192809488736 0.0 2.58496250072116 0.0 0.0 1.0 0.0 7.14974711950468 2.58496250072116 3.0 1.58496250072116 5.08746284125034 0.0 0.0 0.0 
6.4757334309664 5.58496250072116 7.53915881110803 6.70043971814109 5.16992500144231 8.43045255166553 3.4594316186373 6.96578428466209 8.23840473932508 5.70043971814109 4.08746284125034 7.84549005094437 8.26209484537018 4.58496250072116 7.51569983828404 6.39231742277876 7.36632221424582 6.35755200461808 3.0 6.4594316186373 5.0 8.43879185257826 9.40726776424473 7.38370429247405 7.95419631038687 4.85798099512757 6.85798099512757 5.83289001416474 5.8073549220576 10.7992816215219 9.87958324961278 7.67948009950545 7.91288933622996 7.38370429247405 6.68650052718322 10.103287808412 6.71424551766612 5.75488750216347 8.33539035469392 10.2070143201775 6.98868468677217 6.5077946401987 8.35755200461808 
3.70043971814109 1.0 5.04439411935845 4.24792751344359 3.4594316186373 5.55458885167764 1.58496250072116 4.70043971814109 4.90689059560852 3.0 3.16992500144231 4.0 5.52356195605701 3.4594316186373 4.08746284125034 4.16992500144231 4.64385618977472 4.64385618977472 2.8073549220576 4.39231742277876 3.8073549220576 6.3037807481771 5.04439411935845 6.08746284125034 4.58496250072116 1.0 6.3037807481771 3.0 4.08746284125034 7.21916852046216 5.75488750216347 5.0 6.71424551766612 3.0 4.85798099512757 4.52356195605701 5.16992500144231 0.0 4.58496250072116 7.53915881110803 3.90689059560852 6.84549005094437 5.78135971352466 
0.0 0.0 0.0 0.0 0.0 0.0 0.0 0.0 0.0 0.0 0.0 0.0 0.0 0.0 0.0 0.0 0.0 0.0 0.0 0.0 0.0 0.0 0.0 0.0 0.0 0.0 0.0 0.0 0.0 0.0 0.0 0.0 0.0 0.0 0.0 0.0 0.0 0.0 0.0 0.0 0.0 0.0 0.0 
0.0 0.0 5.20945336562895 6.44294349584873 3.8073549220576 0.0 8.57364718749332 2.58496250072116 0.0 8.69348695749932 0.0 0.0 2.0 5.6724253419715 0.0 2.8073549220576 4.32192809488736 0.0 0.0 2.0 0.0 0.0 4.95419631038687 3.58496250072116 5.08746284125034 2.0 0.0 0.0 3.58496250072116 0.0 0.0 0.0 2.32192809488736 4.08746284125034 0.0 0.0 3.58496250072116 0.0 1.0 2.32192809488736 0.0 3.58496250072116 0.0 
0.0 0.0 0.0 0.0 0.0 0.0 0.0 0.0 0.0 0.0 0.0 0.0 0.0 0.0 0.0 0.0 0.0 0.0 0.0 0.0 0.0 0.0 0.0 0.0 0.0 0.0 0.0 0.0 0.0 0.0 0.0 0.0 0.0 0.0 0.0 0.0 0.0 0.0 0.0 0.0 0.0 0.0 0.0 
0.0 0.0 1.0 1.0 0.0 1.0 0.0 0.0 0.0 0.0 0.0 0.0 1.0 0.0 0.0 0.0 0.0 0.0 0.0 0.0 2.58496250072116 0.0 1.0 2.0 0.0 0.0 0.0 0.0 0.0 1.58496250072116 0.0 0.0 2.0 0.0 2.32192809488736 0.0 0.0 1.0 0.0 0.0 1.0 0.0 0.0 
0.0 0.0 0.0 0.0 0.0 0.0 0.0 0.0 0.0 0.0 0.0 0.0 0.0 0.0 0.0 0.0 0.0 0.0 0.0 0.0 0.0 0.0 0.0 0.0 0.0 0.0 0.0 0.0 0.0 0.0 0.0 0.0 0.0 0.0 0.0 0.0 0.0 0.0 0.0 0.0 0.0 0.0 0.0 
0.0 0.0 0.0 0.0 0.0 0.0 0.0 0.0 0.0 0.0 0.0 0.0 0.0 0.0 0.0 0.0 0.0 0.0 0.0 0.0 0.0 0.0 0.0 3.70043971814109 0.0 0.0 0.0 3.90689059560852 0.0 0.0 3.8073549220576 0.0 0.0 0.0 0.0 0.0 0.0 0.0 0.0 0.0 0.0 0.0 0.0 
0.0 0.0 0.0 0.0 0.0 0.0 0.0 0.0 0.0 0.0 0.0 0.0 2.58496250072116 0.0 0.0 0.0 2.32192809488736 0.0 0.0 0.0 0.0 0.0 0.0 0.0 0.0 0.0 0.0 0.0 0.0 0.0 0.0 0.0 0.0 0.0 0.0 3.0 0.0 1.0 1.0 2.0 0.0 0.0 0.0 
0.0 0.0 0.0 0.0 0.0 0.0 0.0 0.0 0.0 0.0 0.0 0.0 0.0 0.0 0.0 0.0 0.0 0.0 0.0 0.0 0.0 0.0 0.0 0.0 0.0 0.0 0.0 0.0 0.0 0.0 0.0 0.0 0.0 0.0 0.0 0.0 0.0 0.0 0.0 0.0 0.0 0.0 0.0 
0.0 0.0 6.24792751344359 0.0 2.8073549220576 1.0 1.0 1.0 2.32192809488736 1.58496250072116 1.58496250072116 2.8073549220576 7.4757334309664 5.16992500144231 1.0 2.58496250072116 0.0 1.58496250072116 0.0 0.0 2.0 0.0 2.0 3.4594316186373 0.0 3.0 3.0 3.16992500144231 0.0 3.0 2.58496250072116 3.0 0.0 4.85798099512757 4.85798099512757 3.0 2.58496250072116 1.0 0.0 0.0 1.0 4.64385618977472 2.0 
2.58496250072116 2.0 0.0 0.0 0.0 0.0 1.0 0.0 2.8073549220576 0.0 0.0 0.0 1.0 0.0 0.0 0.0 0.0 0.0 0.0 0.0 0.0 0.0 0.0 1.58496250072116 0.0 0.0 0.0 1.58496250072116 0.0 0.0 0.0 0.0 0.0 0.0 0.0 0.0 1.58496250072116 0.0 0.0 0.0 0.0 3.16992500144231 0.0 
0.0 0.0 2.58496250072116 0.0 0.0 0.0 0.0 0.0 0.0 0.0 0.0 0.0 0.0 0.0 0.0 0.0 0.0 0.0 0.0 0.0 0.0 0.0 0.0 0.0 0.0 0.0 0.0 0.0 0.0 0.0 0.0 0.0 0.0 0.0 0.0 0.0 0.0 0.0 0.0 1.0 0.0 0.0 0.0 
0.0 0.0 1.0 0.0 0.0 2.32192809488736 0.0 0.0 0.0 0.0 0.0 1.58496250072116 0.0 0.0 0.0 0.0 0.0 0.0 0.0 0.0 2.0 0.0 0.0 0.0 0.0 0.0 0.0 0.0 0.0 0.0 1.58496250072116 0.0 3.4594316186373 0.0 0.0 0.0 0.0 0.0 0.0 0.0 0.0 0.0 0.0 
0.0 0.0 0.0 0.0 0.0 0.0 0.0 0.0 0.0 0.0 0.0 0.0 0.0 0.0 0.0 0.0 0.0 0.0 0.0 0.0 0.0 0.0 0.0 0.0 0.0 0.0 0.0 0.0 0.0 0.0 0.0 0.0 0.0 0.0 0.0 0.0 0.0 0.0 0.0 0.0 0.0 0.0 0.0 
0.0 0.0 1.0 0.0 0.0 0.0 0.0 0.0 0.0 0.0 0.0 0.0 0.0 1.0 0.0 0.0 0.0 0.0 0.0 0.0 1.0 0.0 2.58496250072116 0.0 0.0 0.0 1.0 0.0 0.0 2.32192809488736 0.0 0.0 0.0 0.0 0.0 0.0 0.0 0.0 0.0 0.0 0.0 0.0 0.0 
3.16992500144231 1.58496250072116 0.0 0.0 1.0 0.0 3.32192809488736 1.0 0.0 0.0 0.0 2.0 2.8073549220576 0.0 0.0 0.0 2.0 0.0 0.0 0.0 5.28540221886225 0.0 1.58496250072116 2.32192809488736 0.0 3.8073549220576 2.0 0.0 0.0 0.0 1.58496250072116 0.0 3.0 0.0 0.0 3.16992500144231 3.58496250072116 0.0 1.0 3.16992500144231 0.0 0.0 0.0 
0.0 0.0 0.0 0.0 0.0 0.0 0.0 0.0 0.0 0.0 0.0 0.0 0.0 0.0 0.0 0.0 0.0 0.0 0.0 0.0 0.0 0.0 0.0 0.0 0.0 0.0 0.0 0.0 0.0 0.0 0.0 0.0 0.0 0.0 0.0 0.0 0.0 0.0 0.0 0.0 0.0 0.0 0.0 
0.0 0.0 0.0 0.0 0.0 0.0 0.0 0.0 0.0 0.0 0.0 0.0 0.0 1.0 1.0 0.0 0.0 0.0 0.0 0.0 0.0 0.0 0.0 0.0 0.0 0.0 0.0 0.0 0.0 0.0 0.0 0.0 0.0 0.0 0.0 0.0 0.0 0.0 0.0 0.0 1.0 0.0 0.0 
2.58496250072116 0.0 1.0 0.0 3.32192809488736 3.0 0.0 2.8073549220576 0.0 2.32192809488736 0.0 0.0 2.8073549220576 0.0 0.0 0.0 0.0 0.0 0.0 0.0 1.0 0.0 4.08746284125034 2.0 4.16992500144231 0.0 3.32192809488736 0.0 0.0 2.58496250072116 0.0 0.0 4.39231742277876 0.0 4.4594316186373 2.0 1.58496250072116 0.0 4.75488750216347 5.24792751344359 6.06608919045777 0.0 5.12928301694497 
0.0 0.0 0.0 0.0 0.0 0.0 0.0 0.0 0.0 0.0 0.0 0.0 0.0 0.0 0.0 0.0 0.0 0.0 0.0 0.0 0.0 0.0 0.0 0.0 0.0 0.0 0.0 0.0 0.0 0.0 0.0 0.0 0.0 0.0 0.0 0.0 0.0 0.0 0.0 0.0 0.0 0.0 0.0 
0.0 0.0 0.0 0.0 0.0 0.0 0.0 0.0 0.0 0.0 0.0 0.0 0.0 0.0 0.0 0.0 0.0 0.0 0.0 0.0 0.0 0.0 0.0 0.0 0.0 0.0 0.0 0.0 0.0 0.0 0.0 0.0 0.0 0.0 0.0 0.0 0.0 0.0 0.0 0.0 0.0 0.0 0.0 
4.52356195605701 1.58496250072116 3.90689059560852 2.32192809488736 5.08746284125034 5.4594316186373 4.64385618977472 2.8073549220576 1.58496250072116 4.52356195605701 4.64385618977472 1.58496250072116 4.90689059560852 3.0 7.94251450533924 3.0 0.0 0.0 0.0 6.84549005094437 3.16992500144231 5.04439411935845 3.4594316186373 0.0 1.58496250072116 4.32192809488736 0.0 0.0 4.64385618977472 5.20945336562895 5.08746284125034 3.58496250072116 3.58496250072116 6.6724253419715 4.64385618977472 1.0 3.70043971814109 0.0 4.75488750216347 5.90689059560852 0.0 0.0 3.8073549220576 
0.0 0.0 0.0 0.0 0.0 2.0 2.32192809488736 1.0 0.0 3.32192809488736 0.0 3.8073549220576 1.0 2.0 0.0 0.0 1.0 1.0 1.0 3.58496250072116 2.58496250072116 3.70043971814109 0.0 2.32192809488736 4.8073549220576 0.0 0.0 0.0 0.0 2.8073549220576 1.0 0.0 3.70043971814109 1.0 0.0 1.0 1.0 0.0 0.0 3.90689059560852 1.58496250072116 2.8073549220576 1.58496250072116 
0.0 0.0 0.0 0.0 0.0 0.0 0.0 0.0 0.0 0.0 0.0 0.0 0.0 0.0 0.0 0.0 0.0 0.0 0.0 1.58496250072116 0.0 0.0 0.0 0.0 0.0 3.58496250072116 0.0 0.0 0.0 2.0 0.0 5.20945336562895 0.0 0.0 0.0 0.0 0.0 0.0 0.0 0.0 0.0 0.0 0.0 
0.0 0.0 0.0 0.0 0.0 1.58496250072116 0.0 0.0 0.0 0.0 0.0 0.0 6.06608919045777 0.0 0.0 0.0 0.0 0.0 0.0 0.0 0.0 0.0 0.0 0.0 0.0 0.0 0.0 0.0 0.0 0.0 0.0 0.0 0.0 0.0 0.0 0.0 0.0 0.0 0.0 0.0 0.0 0.0 0.0 
0.0 0.0 0.0 0.0 0.0 1.0 2.8073549220576 1.0 0.0 0.0 0.0 0.0 2.0 0.0 0.0 0.0 1.58496250072116 0.0 0.0 2.32192809488736 0.0 0.0 1.0 3.58496250072116 0.0 1.58496250072116 0.0 0.0 3.8073549220576 0.0 0.0 0.0 0.0 0.0 0.0 0.0 0.0 1.0 0.0 1.0 0.0 0.0 0.0 
0.0 0.0 0.0 0.0 0.0 0.0 0.0 0.0 0.0 0.0 0.0 0.0 0.0 0.0 0.0 0.0 0.0 0.0 0.0 0.0 0.0 0.0 0.0 0.0 0.0 0.0 0.0 0.0 0.0 0.0 0.0 0.0 0.0 0.0 0.0 0.0 0.0 0.0 0.0 0.0 0.0 0.0 0.0 
0.0 0.0 0.0 0.0 0.0 0.0 0.0 0.0 0.0 0.0 0.0 0.0 0.0 0.0 0.0 0.0 0.0 0.0 0.0 0.0 0.0 0.0 0.0 0.0 0.0 0.0 0.0 0.0 0.0 0.0 0.0 0.0 0.0 0.0 0.0 0.0 0.0 0.0 0.0 0.0 0.0 0.0 0.0 
0.0 0.0 0.0 0.0 0.0 0.0 0.0 0.0 0.0 0.0 0.0 0.0 0.0 0.0 0.0 0.0 0.0 0.0 0.0 0.0 0.0 0.0 0.0 0.0 0.0 0.0 0.0 0.0 0.0 0.0 0.0 0.0 0.0 0.0 0.0 0.0 0.0 0.0 0.0 0.0 0.0 0.0 0.0 
0.0 0.0 0.0 0.0 0.0 0.0 0.0 0.0 0.0 0.0 0.0 0.0 0.0 0.0 0.0 0.0 0.0 0.0 0.0 0.0 0.0 0.0 0.0 0.0 0.0 0.0 0.0 0.0 0.0 0.0 0.0 0.0 0.0 0.0 0.0 0.0 0.0 0.0 0.0 0.0 0.0 0.0 0.0 
0.0 0.0 0.0 0.0 0.0 0.0 0.0 0.0 0.0 0.0 0.0 0.0 0.0 0.0 0.0 0.0 0.0 0.0 0.0 0.0 0.0 0.0 0.0 0.0 0.0 0.0 0.0 0.0 0.0 0.0 0.0 0.0 0.0 0.0 0.0 0.0 0.0 0.0 0.0 0.0 0.0 0.0 0.0 
0.0 0.0 0.0 0.0 0.0 0.0 0.0 0.0 0.0 0.0 0.0 0.0 0.0 0.0 0.0 0.0 0.0 0.0 0.0 0.0 0.0 0.0 0.0 0.0 0.0 0.0 0.0 0.0 0.0 0.0 0.0 0.0 0.0 0.0 0.0 0.0 0.0 0.0 0.0 0.0 0.0 0.0 0.0 
0.0 0.0 0.0 0.0 0.0 0.0 0.0 0.0 0.0 2.0 0.0 0.0 0.0 0.0 0.0 0.0 1.0 0.0 0.0 0.0 0.0 0.0 0.0 2.58496250072116 0.0 0.0 0.0 0.0 0.0 0.0 0.0 0.0 0.0 0.0 0.0 3.0 0.0 0.0 0.0 0.0 0.0 0.0 0.0 
0.0 0.0 0.0 0.0 0.0 0.0 0.0 0.0 0.0 0.0 0.0 0.0 0.0 0.0 0.0 0.0 0.0 2.0 0.0 0.0 0.0 0.0 0.0 0.0 0.0 0.0 0.0 0.0 0.0 0.0 0.0 0.0 0.0 0.0 0.0 0.0 0.0 0.0 0.0 0.0 0.0 0.0 0.0 
0.0 2.32192809488736 0.0 0.0 0.0 0.0 0.0 0.0 0.0 0.0 0.0 0.0 0.0 0.0 1.0 0.0 0.0 0.0 0.0 0.0 2.8073549220576 0.0 0.0 0.0 0.0 0.0 0.0 0.0 0.0 0.0 0.0 0.0 0.0 0.0 0.0 0.0 0.0 0.0 0.0 0.0 0.0 0.0 0.0 
0.0 0.0 0.0 0.0 0.0 0.0 0.0 0.0 0.0 0.0 0.0 0.0 0.0 0.0 0.0 0.0 0.0 0.0 0.0 0.0 0.0 0.0 0.0 0.0 0.0 0.0 0.0 0.0 0.0 0.0 0.0 0.0 0.0 0.0 0.0 0.0 0.0 0.0 0.0 0.0 0.0 0.0 0.0 
5.39231742277876 4.16992500144231 4.64385618977472 6.20945336562895 6.04439411935845 5.28540221886225 4.90689059560852 5.85798099512757 7.0 6.2667865406949 6.75488750216347 6.78135971352466 5.12928301694497 5.49185309632967 6.28540221886225 6.56985560833095 6.74146698640115 6.90689059560852 3.58496250072116 6.78135971352466 6.56985560833095 4.64385618977472 5.32192809488736 6.20945336562895 6.2667865406949 6.75488750216347 6.02236781302845 6.79441586635011 6.61470984411521 5.04439411935845 5.93073733756289 7.58496250072116 7.24792751344359 7.12928301694497 7.75488750216347 6.8703647195834 5.78135971352466 6.3037807481771 5.70043971814109 5.88264304936184 5.93073733756289 6.88264304936184 5.49185309632967 
1.58496250072116 0.0 1.0 0.0 1.58496250072116 1.58496250072116 1.58496250072116 1.0 1.58496250072116 1.0 1.58496250072116 3.4594316186373 1.0 2.0 0.0 0.0 0.0 1.0 0.0 2.0 2.58496250072116 2.58496250072116 3.0 1.0 0.0 1.58496250072116 1.58496250072116 1.0 0.0 2.32192809488736 1.0 0.0 1.0 0.0 0.0 1.0 1.0 2.0 1.0 2.0 1.58496250072116 2.58496250072116 0.0 
2.0 1.0 0.0 0.0 3.32192809488736 2.8073549220576 1.0 4.16992500144231 0.0 3.58496250072116 0.0 0.0 4.8073549220576 3.0 0.0 3.0 0.0 1.0 3.32192809488736 1.0 0.0 1.58496250072116 4.4594316186373 0.0 4.4594316186373 0.0 6.0 0.0 1.58496250072116 6.08746284125034 4.58496250072116 1.0 4.08746284125034 0.0 0.0 5.12928301694497 0.0 0.0 2.0 6.24792751344359 12.0566377151132 1.0 4.64385618977472 
0.0 0.0 0.0 0.0 0.0 0.0 0.0 0.0 0.0 0.0 0.0 0.0 0.0 0.0 0.0 0.0 0.0 0.0 0.0 0.0 0.0 0.0 0.0 0.0 0.0 0.0 0.0 0.0 0.0 0.0 0.0 0.0 0.0 0.0 0.0 0.0 0.0 0.0 0.0 0.0 0.0 0.0 0.0 
0.0 0.0 0.0 0.0 0.0 0.0 0.0 0.0 0.0 0.0 0.0 0.0 0.0 0.0 0.0 0.0 0.0 0.0 0.0 0.0 0.0 0.0 0.0 0.0 0.0 0.0 0.0 0.0 0.0 0.0 0.0 0.0 0.0 0.0 0.0 0.0 0.0 0.0 0.0 0.0 0.0 0.0 0.0 
0.0 0.0 0.0 0.0 0.0 0.0 0.0 0.0 0.0 0.0 0.0 0.0 0.0 0.0 0.0 0.0 0.0 1.0 0.0 0.0 0.0 0.0 0.0 0.0 0.0 0.0 0.0 0.0 0.0 0.0 0.0 0.0 0.0 0.0 0.0 0.0 0.0 0.0 0.0 0.0 0.0 0.0 0.0 
5.35755200461808 4.64385618977472 8.92481250360578 6.32192809488736 8.83920378809694 8.64024493622235 9.24317398347295 7.51569983828404 5.4594316186373 6.58496250072116 3.70043971814109 5.6724253419715 8.1548181090521 7.73470962022584 6.12928301694497 6.08746284125034 5.39231742277876 3.32192809488736 1.0 5.83289001416474 5.78135971352466 4.24792751344359 6.94251450533924 5.88264304936184 8.25738784269265 4.39231742277876 9.50977500432694 4.08746284125034 6.56985560833095 7.4757334309664 6.12928301694497 5.16992500144231 3.8073549220576 8.20945336562895 7.84549005094437 0.0 7.89481776330794 4.39231742277876 4.16992500144231 6.18982455888002 4.52356195605701 2.58496250072116 2.58496250072116 
0.0 0.0 0.0 0.0 0.0 3.8073549220576 1.0 0.0 0.0 0.0 0.0 0.0 2.8073549220576 0.0 0.0 0.0 0.0 0.0 0.0 0.0 0.0 0.0 0.0 2.8073549220576 1.0 0.0 0.0 0.0 0.0 1.58496250072116 2.32192809488736 0.0 0.0 0.0 0.0 0.0 0.0 0.0 1.58496250072116 1.58496250072116 0.0 3.4594316186373 0.0 
0.0 0.0 0.0 0.0 0.0 0.0 0.0 0.0 0.0 0.0 0.0 0.0 0.0 0.0 0.0 0.0 0.0 0.0 0.0 0.0 0.0 0.0 0.0 0.0 0.0 0.0 0.0 0.0 0.0 0.0 0.0 0.0 0.0 0.0 0.0 0.0 0.0 0.0 0.0 0.0 0.0 0.0 0.0 
0.0 0.0 0.0 0.0 0.0 0.0 0.0 0.0 0.0 0.0 0.0 0.0 0.0 0.0 0.0 0.0 0.0 0.0 0.0 0.0 0.0 0.0 0.0 0.0 0.0 0.0 0.0 0.0 0.0 0.0 0.0 0.0 0.0 0.0 0.0 0.0 0.0 0.0 0.0 0.0 0.0 0.0 0.0 
0.0 0.0 1.0 0.0 0.0 0.0 0.0 0.0 0.0 4.08746284125034 0.0 0.0 0.0 0.0 0.0 0.0 0.0 0.0 0.0 1.0 0.0 0.0 0.0 0.0 0.0 0.0 0.0 0.0 0.0 0.0 0.0 0.0 0.0 1.0 0.0 0.0 0.0 0.0 0.0 1.0 0.0 0.0 1.0 
0.0 0.0 1.0 0.0 0.0 0.0 0.0 0.0 0.0 0.0 0.0 0.0 3.16992500144231 0.0 0.0 0.0 0.0 0.0 0.0 0.0 0.0 0.0 0.0 0.0 0.0 0.0 0.0 0.0 0.0 0.0 0.0 0.0 0.0 0.0 0.0 0.0 0.0 0.0 0.0 0.0 0.0 0.0 0.0 
0.0 0.0 0.0 0.0 0.0 0.0 0.0 0.0 0.0 0.0 0.0 0.0 0.0 0.0 1.58496250072116 0.0 0.0 0.0 0.0 2.32192809488736 0.0 1.0 0.0 0.0 0.0 0.0 0.0 0.0 0.0 0.0 0.0 0.0 0.0 0.0 0.0 0.0 0.0 0.0 0.0 0.0 0.0 0.0 0.0 
2.32192809488736 1.58496250072116 2.0 2.0 3.70043971814109 5.8073549220576 3.58496250072116 1.0 4.4594316186373 0.0 3.58496250072116 3.90689059560852 0.0 2.32192809488736 3.0 2.32192809488736 6.5077946401987 3.32192809488736 1.0 2.32192809488736 3.58496250072116 2.32192809488736 2.32192809488736 2.0 3.0 3.58496250072116 2.8073549220576 3.90689059560852 3.58496250072116 2.58496250072116 2.0 4.58496250072116 4.16992500144231 5.24792751344359 2.32192809488736 3.16992500144231 7.11894107272351 3.4594316186373 3.70043971814109 3.4594316186373 0.0 3.16992500144231 1.58496250072116 
0.0 0.0 0.0 0.0 0.0 3.58496250072116 0.0 0.0 3.4594316186373 0.0 2.8073549220576 0.0 0.0 0.0 1.58496250072116 2.8073549220576 0.0 0.0 0.0 0.0 0.0 0.0 0.0 1.0 0.0 0.0 3.16992500144231 2.8073549220576 0.0 0.0 0.0 0.0 0.0 0.0 0.0 0.0 0.0 0.0 0.0 2.0 2.0 3.70043971814109 3.16992500144231 
4.64385618977472 4.8073549220576 5.75488750216347 4.39231742277876 4.58496250072116 5.39231742277876 4.8073549220576 8.55842071326866 7.6724253419715 5.4262647547021 4.16992500144231 5.58496250072116 8.20945336562895 4.8073549220576 5.04439411935845 5.61470984411521 6.44294349584873 5.8073549220576 4.32192809488736 3.90689059560852 4.16992500144231 7.4262647547021 7.18982455888002 5.7279204545632 7.13955135239879 2.32192809488736 4.52356195605701 2.8073549220576 4.24792751344359 8.78135971352466 6.79441586635011 6.58496250072116 4.58496250072116 6.37503943134692 5.08746284125034 8.33985000288462 6.7279204545632 4.52356195605701 9.53138146051631 9.16490692667569 11.0741414627525 2.8073549220576 7.22881869049588 
0.0 0.0 0.0 0.0 0.0 0.0 0.0 0.0 0.0 0.0 0.0 0.0 0.0 0.0 0.0 0.0 0.0 0.0 0.0 0.0 0.0 0.0 0.0 0.0 0.0 2.58496250072116 0.0 0.0 0.0 0.0 0.0 0.0 0.0 0.0 0.0 0.0 0.0 0.0 0.0 0.0 0.0 0.0 0.0 
0.0 0.0 4.32192809488736 2.58496250072116 2.58496250072116 1.58496250072116 2.58496250072116 5.08746284125034 2.0 2.32192809488736 1.58496250072116 2.58496250072116 3.4594316186373 1.0 3.90689059560852 2.0 6.4757334309664 0.0 0.0 5.16992500144231 0.0 0.0 0.0 0.0 2.0 5.04439411935845 0.0 0.0 2.0 1.0 4.64385618977472 0.0 1.0 4.32192809488736 2.8073549220576 3.0 0.0 0.0 4.52356195605701 7.25738784269265 2.8073549220576 1.0 0.0 
0.0 0.0 0.0 0.0 0.0 0.0 0.0 0.0 0.0 0.0 0.0 1.0 0.0 0.0 0.0 0.0 0.0 0.0 0.0 0.0 3.0 0.0 1.0 0.0 0.0 0.0 0.0 0.0 0.0 1.58496250072116 0.0 0.0 0.0 0.0 0.0 0.0 0.0 0.0 0.0 0.0 0.0 0.0 0.0 
0.0 0.0 0.0 0.0 0.0 1.58496250072116 0.0 0.0 0.0 0.0 0.0 1.0 0.0 0.0 0.0 0.0 0.0 0.0 0.0 0.0 0.0 0.0 0.0 0.0 0.0 0.0 0.0 0.0 0.0 0.0 0.0 0.0 0.0 1.0 0.0 0.0 0.0 0.0 0.0 0.0 0.0 0.0 0.0 
3.8073549220576 2.0 1.58496250072116 2.0 2.0 5.0 1.0 0.0 0.0 0.0 0.0 0.0 4.90689059560852 0.0 0.0 0.0 0.0 0.0 0.0 0.0 0.0 0.0 2.0 2.8073549220576 3.32192809488736 0.0 0.0 0.0 0.0 5.16992500144231 0.0 0.0 0.0 0.0 0.0 0.0 3.0 0.0 0.0 4.85798099512757 0.0 1.58496250072116 6.32192809488736 
0.0 0.0 0.0 0.0 0.0 0.0 0.0 0.0 0.0 0.0 0.0 0.0 0.0 0.0 0.0 0.0 0.0 0.0 0.0 0.0 0.0 0.0 0.0 0.0 0.0 0.0 0.0 0.0 0.0 0.0 0.0 0.0 0.0 0.0 0.0 0.0 0.0 0.0 0.0 1.0 0.0 0.0 0.0 
0.0 0.0 0.0 0.0 0.0 0.0 0.0 0.0 0.0 0.0 0.0 0.0 0.0 0.0 0.0 0.0 0.0 0.0 0.0 0.0 0.0 0.0 0.0 0.0 0.0 0.0 0.0 0.0 0.0 0.0 0.0 0.0 0.0 0.0 0.0 0.0 0.0 1.0 0.0 0.0 0.0 0.0 0.0 
0.0 0.0 0.0 0.0 0.0 0.0 0.0 0.0 0.0 0.0 0.0 0.0 0.0 0.0 0.0 0.0 0.0 0.0 0.0 0.0 0.0 0.0 0.0 1.0 0.0 0.0 0.0 2.32192809488736 0.0 0.0 0.0 0.0 0.0 0.0 0.0 0.0 0.0 0.0 0.0 0.0 0.0 0.0 0.0 
0.0 0.0 0.0 0.0 0.0 0.0 0.0 0.0 0.0 0.0 0.0 0.0 0.0 0.0 0.0 0.0 0.0 0.0 0.0 0.0 0.0 0.0 0.0 0.0 0.0 0.0 0.0 0.0 0.0 0.0 0.0 0.0 0.0 0.0 0.0 0.0 0.0 0.0 0.0 0.0 0.0 0.0 0.0 
0.0 0.0 0.0 0.0 0.0 0.0 0.0 0.0 0.0 0.0 0.0 0.0 0.0 1.0 0.0 0.0 0.0 0.0 0.0 0.0 0.0 0.0 0.0 0.0 0.0 0.0 0.0 0.0 0.0 0.0 0.0 0.0 0.0 0.0 0.0 0.0 0.0 0.0 0.0 0.0 0.0 0.0 0.0 
0.0 0.0 0.0 0.0 0.0 0.0 0.0 0.0 0.0 0.0 0.0 0.0 0.0 0.0 0.0 0.0 0.0 0.0 0.0 0.0 2.32192809488736 0.0 0.0 0.0 0.0 0.0 0.0 0.0 0.0 0.0 0.0 0.0 0.0 0.0 0.0 0.0 0.0 0.0 0.0 0.0 0.0 0.0 0.0 
0.0 0.0 0.0 0.0 0.0 0.0 0.0 0.0 0.0 0.0 0.0 0.0 0.0 0.0 0.0 0.0 0.0 0.0 0.0 0.0 0.0 0.0 0.0 0.0 0.0 0.0 0.0 0.0 2.32192809488736 0.0 0.0 0.0 0.0 0.0 0.0 0.0 0.0 0.0 0.0 0.0 0.0 0.0 0.0 
0.0 0.0 0.0 0.0 0.0 0.0 0.0 0.0 0.0 0.0 0.0 0.0 1.0 0.0 0.0 0.0 0.0 0.0 0.0 0.0 0.0 0.0 0.0 0.0 0.0 1.0 0.0 0.0 0.0 0.0 0.0 0.0 0.0 0.0 0.0 0.0 1.58496250072116 0.0 0.0 0.0 0.0 0.0 0.0 
2.0 1.0 6.06608919045777 2.0 2.0 2.58496250072116 1.0 0.0 0.0 1.0 2.0 2.8073549220576 3.32192809488736 3.58496250072116 1.58496250072116 3.90689059560852 0.0 0.0 0.0 1.58496250072116 1.0 3.0 0.0 0.0 1.58496250072116 3.58496250072116 0.0 2.32192809488736 1.0 3.0 4.4594316186373 0.0 3.4594316186373 1.58496250072116 2.32192809488736 0.0 0.0 0.0 1.0 2.32192809488736 2.0 4.08746284125034 0.0 
0.0 0.0 1.58496250072116 0.0 0.0 1.58496250072116 1.0 1.58496250072116 0.0 0.0 0.0 0.0 0.0 1.0 0.0 1.58496250072116 0.0 1.0 0.0 0.0 1.0 0.0 2.0 0.0 1.0 0.0 1.58496250072116 1.0 0.0 1.58496250072116 0.0 1.0 1.0 1.0 0.0 1.0 1.0 1.0 0.0 0.0 0.0 1.58496250072116 0.0 
0.0 0.0 0.0 0.0 0.0 0.0 0.0 0.0 0.0 0.0 1.0 2.0 0.0 0.0 0.0 0.0 0.0 1.0 0.0 0.0 0.0 0.0 0.0 0.0 0.0 0.0 0.0 0.0 0.0 0.0 0.0 3.58496250072116 0.0 0.0 0.0 0.0 0.0 0.0 0.0 2.0 0.0 0.0 0.0 
0.0 0.0 0.0 0.0 0.0 3.16992500144231 0.0 0.0 0.0 3.32192809488736 0.0 2.8073549220576 0.0 2.58496250072116 0.0 2.32192809488736 0.0 2.58496250072116 2.0 1.58496250072116 2.32192809488736 2.32192809488736 2.0 0.0 0.0 2.58496250072116 1.0 1.0 1.58496250072116 1.58496250072116 4.0 0.0 0.0 1.58496250072116 0.0 0.0 3.0 0.0 3.0 5.85798099512757 3.4594316186373 0.0 1.58496250072116 
0.0 0.0 0.0 0.0 0.0 0.0 0.0 0.0 0.0 0.0 0.0 0.0 0.0 0.0 0.0 0.0 0.0 0.0 0.0 0.0 0.0 0.0 0.0 0.0 0.0 0.0 0.0 0.0 0.0 1.0 1.58496250072116 0.0 0.0 1.0 0.0 0.0 0.0 0.0 1.0 0.0 0.0 0.0 0.0 
0.0 0.0 0.0 0.0 0.0 0.0 0.0 1.58496250072116 0.0 0.0 0.0 0.0 0.0 0.0 0.0 0.0 0.0 0.0 0.0 0.0 0.0 0.0 0.0 0.0 0.0 0.0 0.0 0.0 0.0 1.58496250072116 0.0 0.0 0.0 6.0 0.0 0.0 0.0 0.0 0.0 0.0 0.0 0.0 0.0 
0.0 0.0 0.0 0.0 1.0 2.58496250072116 0.0 5.64385618977472 3.32192809488736 5.12928301694497 0.0 0.0 1.0 1.0 1.0 2.0 2.58496250072116 1.0 1.0 0.0 2.0 0.0 1.0 0.0 0.0 1.0 0.0 0.0 1.0 2.32192809488736 0.0 0.0 0.0 2.8073549220576 0.0 1.0 2.58496250072116 0.0 2.58496250072116 4.32192809488736 0.0 3.16992500144231 1.0 
0.0 0.0 3.0 1.0 0.0 0.0 1.0 0.0 0.0 0.0 1.0 0.0 0.0 3.4594316186373 0.0 1.0 2.32192809488736 0.0 0.0 0.0 3.0 0.0 0.0 0.0 0.0 2.58496250072116 0.0 0.0 0.0 3.16992500144231 0.0 0.0 0.0 0.0 0.0 0.0 1.0 0.0 2.0 0.0 0.0 0.0 0.0 
0.0 0.0 0.0 0.0 0.0 0.0 0.0 0.0 0.0 0.0 0.0 0.0 0.0 0.0 0.0 0.0 0.0 0.0 0.0 0.0 0.0 0.0 1.0 0.0 0.0 0.0 0.0 0.0 0.0 0.0 0.0 0.0 0.0 0.0 0.0 0.0 0.0 0.0 0.0 0.0 0.0 0.0 0.0 
0.0 0.0 4.75488750216347 0.0 0.0 3.0 2.0 0.0 0.0 0.0 0.0 0.0 2.8073549220576 2.8073549220576 0.0 2.0 3.32192809488736 0.0 1.0 3.8073549220576 3.32192809488736 0.0 0.0 0.0 1.58496250072116 3.0 0.0 0.0 3.16992500144231 0.0 0.0 0.0 0.0 3.90689059560852 0.0 0.0 0.0 3.16992500144231 3.0 3.16992500144231 0.0 4.39231742277876 1.0 
0.0 0.0 0.0 0.0 0.0 0.0 0.0 0.0 0.0 0.0 0.0 0.0 0.0 0.0 0.0 1.0 0.0 0.0 0.0 0.0 0.0 0.0 0.0 0.0 0.0 0.0 0.0 0.0 0.0 0.0 0.0 0.0 0.0 0.0 0.0 0.0 0.0 0.0 0.0 0.0 0.0 0.0 0.0 
0.0 0.0 0.0 0.0 0.0 0.0 0.0 0.0 0.0 0.0 0.0 0.0 0.0 0.0 0.0 0.0 0.0 0.0 0.0 0.0 0.0 0.0 0.0 0.0 0.0 0.0 0.0 0.0 0.0 1.58496250072116 0.0 0.0 0.0 0.0 0.0 0.0 0.0 0.0 0.0 0.0 0.0 0.0 0.0 
0.0 0.0 0.0 0.0 1.0 1.58496250072116 0.0 0.0 3.4594316186373 0.0 0.0 0.0 0.0 0.0 0.0 0.0 0.0 0.0 0.0 0.0 0.0 0.0 5.35755200461808 2.32192809488736 0.0 0.0 1.58496250072116 0.0 0.0 2.58496250072116 0.0 0.0 0.0 0.0 0.0 0.0 0.0 0.0 0.0 1.0 0.0 4.95419631038687 0.0 
2.32192809488736 0.0 0.0 0.0 0.0 0.0 1.58496250072116 0.0 0.0 2.0 0.0 0.0 0.0 0.0 3.0 0.0 3.90689059560852 0.0 0.0 3.70043971814109 0.0 0.0 1.0 0.0 0.0 0.0 0.0 0.0 0.0 0.0 3.16992500144231 0.0 0.0 0.0 3.8073549220576 0.0 0.0 1.58496250072116 2.8073549220576 7.4757334309664 0.0 0.0 2.32192809488736 
Eva Case Dim 1 277
Eva Case Dim 2 43
Eva Control Dim 1 277
Eva Control Dim 2 43
Gen Case Dim 1 277
Gen Case Dim 2 43
Gen Control Dim 1 277
Gen Control Dim 2 42
Done with inputBobCase gen
Done with inputAliceCase gen
Done with inputAliceControl gen
Done with inputBobControl gen
-1.005865,83.036506,0.3174027070167488
-18.060396,153.9115,7.415818493101207E-40
-1.057943,166.661343,0.2916124200901036
0.371176,163.584336,0.7109867152647809
-0.887617,166.972639,0.3760235854538061
0.701993,166.699468,0.4836625071246954
-0.760088,166.453415,0.44827721935562803
-0.846707,166.730772,0.3983721097789661
0.51198,115.710519,0.6096407854309913
-1.405577,83.03652,0.16358040799377815
-0.350056,155.646724,0.7267699127203187
0.761229,127.454259,0.4479264452946694
-0.306627,140.889198,0.7595799933434525
-1.063155,146.399796,0.28946217574320376
-0.153073,165.97053,0.8785266522916797
-0.370539,166.865788,0.7114508624791551
-0.883231,144.152368,0.3785820665564281
-1.738848,144.03653,0.08419813797873871
3.46585,161.077714,6.776291040648807E-4
-0.623421,166.410145,0.5338614388612726
0.110824,166.970777,0.911889013169952
0.457083,140.345276,0.6483181049816884
-1.597696,83.0355,0.11390938620301805
1.005934,83.995627,0.31733644140372785
-1.430949,83.040865,0.15619738039565423
-0.489717,164.548278,0.624986411262624
-7.439638,159.77299,5.8497550291573955E-12
-0.792866,120.290736,0.4294169165939391
-1.005865,83.038068,0.3174026522156963
0.697171,142.644596,0.48683046969994015
1.005935,83.999991,0.3173358135381217
1.163402,117.835367,0.24701687680214235
-1.676232,137.56341,0.0959640238692423
0.459262,153.908287,0.6466940246304793
-0.779279,163.004814,0.436945293298888
0.885703,130.631128,0.3774051012576711
1.005934,83.995627,0.31733644140372785
-0.573904,150.615682,0.5668888007694736
1.005934,83.995627,0.31733644140372785
-0.330738,166.927605,0.7412571681784081
1.005934,83.999848,0.3173362966618414
0.146711,143.038388,0.8835667100640123
-1.005865,83.036806,0.3174026964914186
0.011835,166.414269,0.9905714328442765
0.008319,165.819248,0.993372474927128
1.005934,83.995627,0.31733644140372785
-0.282079,166.990651,0.7782322227200662
-1.005865,83.03976,0.31740259285605366
-0.746099,127.940045,0.45697631379234915
-0.082523,165.9623,0.9343302744120242
-1.578434,83.036377,0.11826811830052009
0.008319,165.819248,0.993372474927128
-1.005864,83.044564,0.31740290255414816
1.005934,83.999301,0.3173363154181461
-1.005865,83.038068,0.3174026522156963
0.040839,167.017932,0.9674730259660214
0.409693,149.520719,0.6826175146862756
-0.443502,122.834543,0.658182865213007
-0.052805,166.077992,0.9579507400777224
-1.005864,83.044564,0.31740290255414816
-0.320457,164.576734,0.7490284370446763
-1.34826,94.476548,0.18079833155882352
-0.383115,165.053475,0.7021274659222203
-0.416196,166.934091,0.6778011761660238
-0.831528,163.032872,0.4068916429812036
-0.754071,155.432777,0.4519474454935952
1.088136,113.50895,0.2788401032830454
-1.125608,166.898665,0.2619475031801276
-0.883134,161.00557,0.37848059396524936
-0.989036,166.600634,0.32407977643028907
-1.394852,83.038519,0.16678049355614177
0.376725,164.868069,0.7068623938727414
-1.005864,83.044564,0.31740290255414816
-1.415599,150.956313,0.1589527738540052
-1.181757,166.884809,0.23898333791837023
-0.662316,166.200945,0.5086860825330533
-1.763073,83.039136,0.08156710264326732
0.865761,163.773409,0.3878877307838864
0.008319,165.819248,0.993372474927128
0.935127,116.787326,0.35165240310047374
1.320396,118.23984,0.1892530491443365
-1.143213,166.98718,0.2545864783908367
-0.651428,164.617878,0.5156786127475415
1.025096,151.166467,0.30695547417222935
-6.424161,151.546464,1.6223539035508664E-9
-1.41065,153.438229,0.16037200025291032
-5.205404,127.748545,7.511737759342228E-7
-0.706215,148.79549,0.48115876213147246
-1.40252,83.035844,0.16448776110496888
0.204424,164.402828,0.8382750282013411
-0.019997,165.904691,0.9840697951539722
0.051268,165.923152,0.9591736346466511
0.008319,165.819248,0.993372474927128
-0.122073,165.670752,0.9029891525606284
1.295323,123.087916,0.1976329611447154
-4.069996,163.459816,7.303890545378652E-5
-1.005865,83.037267,0.31740268031764396
-0.358712,166.240533,0.7202656978162916
5.8E-4,160.300529,0.9995379481335522
-1.005864,83.044564,0.31740290255414816
-1.728188,83.037066,0.08767161889540213
-0.127628,164.714836,0.8985990532212474
-1.588894,83.038048,0.11588481863795519
1.905349,161.350662,0.05851334799561836
1.005934,83.999848,0.3173362966618414
0.892457,137.613602,0.3737059602128292
0.321283,140.144618,0.7484745867472653
-0.463979,166.895261,0.6432673947172489
0.008319,165.819248,0.993372474927128
-1.41486,93.266894,0.16043963466770295
0.615986,163.42812,0.5387607376342056
1.005934,83.995627,0.31733644140372785
-7.800562,102.273493,5.4375260971677775E-12
-1.394852,83.038519,0.16678049355614177
1.018517,126.623615,0.3103744272172102
-4.015457,137.750512,9.705111939597213E-5
-1.638776,112.793031,0.10404642123855967
1.431149,83.998872,0.15609754244391816
1.356075,83.99982,0.17870950774022498
-0.063419,166.789683,0.9495087980021731
1.005934,83.999969,0.31733629251285667
-0.324737,165.121546,0.745791174884338
-1.005865,83.035844,0.3174027302429119
-1.165744,154.298151,0.24551680362014205
0.660903,100.14529,0.5101920593215858
1.395037,83.999634,0.16668244713742553
-0.422466,153.841816,0.6732747755527418
0.095289,166.649031,0.9241997633173598
-0.174776,167.012317,0.8614673435701798
-0.848487,156.77035,0.3974604937638059
1.005935,83.99999,0.31733581357241025
-0.10678,166.634329,0.9150919610086389
0.008319,165.819248,0.993372474927128
-0.215483,128.431885,0.8297325926698571
0.761229,127.454259,0.4479264452946694
3.079651,165.032212,0.002428138228314669
-0.202981,166.474173,0.839397760964437
0.560889,163.809958,0.5756396147904663
-2.11688,136.532964,0.036083830111279504
-2.714393,137.027763,0.007493701466630969
0.053188,158.151147,0.9576492421434284
-1.005865,83.038068,0.3174026522156963
-1.417351,83.035416,0.16012176905181097
1.005934,83.999301,0.3173363154181461
-1.005864,83.044564,0.31740290255414816
3.747913,108.663509,2.87476959416777E-4
-1.005864,83.044564,0.31740290255414816
-0.226259,166.758346,0.8212770767876874
1.356075,83.99982,0.17870950774022498
-0.533415,163.160919,0.5944722110148289
-0.472067,166.586498,0.6374967405438073
1.41228,83.999988,0.16156165639846853
-0.573904,150.615682,0.5668888007694736
-1.093403,133.676665,0.2761833436373293
1.005934,83.995627,0.31733644140372785
-0.52032,113.418046,0.60385476315149
0.008319,165.819248,0.993372474927128
1.290021,83.999943,0.20058351246720885
-0.858618,164.499669,0.39180068546182867
0.008319,165.819248,0.993372474927128
-0.701028,165.687609,0.4842689119545147
-1.005864,83.044564,0.31740290255414816
-0.069217,166.660798,0.9448998699885798
-0.63168,101.662839,0.5290138630601471
-1.334867,100.36505,0.18494002724895975
-1.402238,150.3121,0.16290601584446895
-0.068813,162.556811,0.9452230429851531
1.695042,95.716017,0.09331849240694168
0.614786,104.450804,0.5400330546080565
-0.820558,161.189569,0.41310990852329654
-1.468905,91.842488,0.1452755330253298
-0.916024,166.994409,0.3609752099076504
1.501277,156.653865,0.13529685981142814
-0.566018,166.939752,0.5721416058068769
0.614786,104.450804,0.5400330546080565
-0.580285,167.007457,0.5625045596982039
-0.217642,166.79722,0.8279740737510586
-0.077881,164.716899,0.9380172388119211
-0.527549,164.576164,0.5985228863210441
-1.360316,124.099722,0.17619575074816396
-1.005865,83.03976,0.31740259285605366
-0.246201,166.907193,0.8058291569325793
-0.682051,164.641184,0.4961651001389421
-0.290487,166.913017,0.7718042952497983
-1.005864,83.044564,0.31740290255414816
-1.708536,165.973111,0.0894063104038435
0.893273,166.669567,0.3729989820593125
-0.652396,99.763221,0.515646164056953
-0.606385,164.161836,0.5450967449926885
2.15345,135.563588,0.033052572942665615
-0.798377,134.166139,0.4260626852158267
1.005934,83.995627,0.31733644140372785
-1.460407,164.458459,0.14608599833740143
-1.005864,83.044564,0.31740290255414816
0.704846,162.384106,0.4819158076841987
-1.229713,159.636176,0.22061387415719413
0.072684,166.508047,0.9421448168804245
-0.676841,166.579182,0.4994456462792519
-1.090672,162.95613,0.27702732307826483
1.005934,83.995627,0.31733644140372785
-1.14879,160.735597,0.2523492430254778
-1.005864,83.044564,0.31740290255414816
-0.93423,165.373873,0.3515473528141204
-1.005864,83.044564,0.31740290255414816
1.246851,148.717207,0.2144123078392206
1.438845,142.674157,0.15238461021392968
1.005934,83.995627,0.31733644140372785
-0.068798,164.080298,0.9452341799568698
-1.252395,167.022177,0.2121767618734104
0.172623,164.390474,0.863160117812126
0.269867,164.442012,0.7876009376785711
0.747421,152.052551,0.45596377381411823
0.027898,165.009417,0.9777772153592093
-1.238125,166.83935,0.2174091069251154
1.005934,83.999848,0.3173362966618414
-0.441371,160.834033,0.6595372254571207
-0.509184,166.907682,0.6112957524583107
1.005934,83.999945,0.31733629333579616
1.016532,104.391981,0.3117263073464671
-0.973174,167.025476,0.3318740979174305
-0.919405,165.547334,0.35922147560189766
-0.172573,164.95869,0.8631986283347804
0.647258,162.40578,0.518378813344126
-0.110941,166.281337,0.9117969270254158
1.005934,83.995627,0.31733644140372785
1.005934,83.999848,0.3173362966618414
-0.57006,107.858231,0.5698225427282034
1.005934,83.999301,0.3173363154181461
0.008319,165.819248,0.993372474927128
1.005934,83.995627,0.31733644140372785
-1.838772,97.519714,0.0689919864165011
-0.111996,159.890256,0.91096705514525
-1.331472,110.950829,0.18576290978229548
1.005934,83.999301,0.3173363154181461
10.483213,25.731854,8.848544119643975E-11
-1.841512,163.651681,0.06735678666512662
-0.726525,164.500234,0.46854952616460877
-1.005865,83.03976,0.31740259285605366
1.419369,83.99996,0.1594917999329184
0.008319,165.819248,0.993372474927128
-2.352338,164.188806,0.019841452366636984
-1.819942,144.847307,0.07083245846396302
-1.005865,83.036296,0.3174027143845244
1.005934,83.995627,0.31733644140372785
0.963959,148.834077,0.3366300896233523
0.300928,166.767531,0.763844254072696
0.04039,150.98144,0.9678355632200941
-1.160505,159.89574,0.24757301161537182
0.845014,166.280374,0.3993172400919094
-0.871008,161.478639,0.38504284984126647
-1.005865,83.036806,0.3174026964914186
-1.557752,165.015711,0.1212078564291923
-1.01635,159.830964,0.3109987744401135
1.06509,132.770466,0.28876831921499546
-1.492983,163.346594,0.13737062741889028
-0.573904,150.615682,0.5668888007694736
-0.573904,150.615682,0.5668888007694736
-0.028301,158.394097,0.9774577093498238
1.005934,83.995627,0.31733644140372785
-0.441371,160.834033,0.6595372254571207
-1.005865,83.037267,0.31740268031764396
1.172304,108.508079,0.2436424123742975
1.320905,134.937298,0.18876874999821913
0.618088,159.42925,0.5373992897999627
-0.810671,166.922946,0.418708932386637
0.119619,162.981569,0.9049322893504872
-0.903799,166.17781,0.3674103103903895
0.117634,149.164605,0.9065159125854074
0.025074,165.606479,0.9800261265106416
-1.070872,167.024485,0.28577198228197964
-0.3363,166.10042,0.7370691237743888
-1.005864,83.044564,0.31740290255414816
-1.790992,154.071611,0.07525778242435555
1.796657,122.462968,0.07485505954971372
0.426061,126.459893,0.6707877030254146
-0.092958,166.953162,0.9260483836840726
-1.035985,159.471457,0.301777521080031
Gen running time:3767.162420137
765616920
