connecting
connected
0.0 0.0 0.0 0.0 0.0 0.0 0.0 0.0 0.0 0.0 0.0 0.0 0.0 0.0 0.0 0.0 0.0 0.0 0.0 0.0 0.0 0.0 0.0 0.0 0.0 0.0 0.0 0.0 2.8073549220576 0.0 0.0 0.0 0.0 0.0 0.0 0.0 0.0 0.0 0.0 0.0 0.0 0.0 0.0 
12.6022349013411 3.8073549220576 3.4594316186373 8.26209484537018 7.34872815423108 9.14210705730255 10.7681843247769 13.1096674442508 11.7393587074334 9.2807707701306 8.81698362325538 10.9210970881068 10.7013064619586 9.80251636512122 7.37503943134692 9.43462822763673 6.61470984411521 8.73470962022584 4.90689059560852 8.66177809777199 5.35755200461808 1.58496250072116 12.6971847832245 11.6013065261218 8.09275714091985 7.96000193206808 9.93073733756289 11.8707500033461 11.2807707701306 11.6728672764338 8.77807712953536 9.22881869049588 11.7652860987237 8.7176764230664 2.32192809488736 11.9794251953315 4.32192809488736 7.6724253419715 9.20212382383046 11.3782948559119 11.1484765821783 9.54303182025524 8.78135971352466 
0.0 1.0 4.75488750216347 2.0 0.0 2.32192809488736 0.0 0.0 2.0 0.0 0.0 2.8073549220576 1.58496250072116 0.0 0.0 4.95419631038687 4.08746284125034 0.0 0.0 4.24792751344359 5.04439411935845 0.0 2.32192809488736 2.32192809488736 3.70043971814109 4.70043971814109 1.0 2.32192809488736 3.16992500144231 4.0 0.0 0.0 3.8073549220576 3.16992500144231 0.0 0.0 0.0 2.32192809488736 0.0 1.58496250072116 0.0 0.0 0.0 
2.8073549220576 0.0 3.32192809488736 0.0 0.0 3.32192809488736 0.0 1.0 0.0 0.0 0.0 3.58496250072116 6.55458885167764 5.04439411935845 0.0 0.0 1.0 2.0 1.0 2.58496250072116 0.0 1.0 0.0 1.58496250072116 0.0 0.0 1.58496250072116 0.0 0.0 0.0 2.0 0.0 0.0 1.58496250072116 0.0 0.0 0.0 0.0 0.0 0.0 0.0 3.8073549220576 0.0 
1.0 2.32192809488736 3.70043971814109 0.0 2.8073549220576 4.08746284125034 0.0 3.8073549220576 0.0 3.0 0.0 4.90689059560852 2.32192809488736 3.90689059560852 0.0 3.90689059560852 2.58496250072116 0.0 1.0 1.0 3.0 2.58496250072116 3.32192809488736 4.75488750216347 3.90689059560852 3.8073549220576 1.58496250072116 0.0 0.0 6.0 2.58496250072116 3.70043971814109 5.08746284125034 0.0 3.4594316186373 3.8073549220576 1.0 0.0 5.85798099512757 6.90689059560852 7.92481250360578 0.0 4.8073549220576 
1.0 0.0 4.85798099512757 0.0 0.0 0.0 0.0 0.0 0.0 0.0 0.0 0.0 7.11894107272351 0.0 0.0 1.0 0.0 0.0 0.0 1.0 2.32192809488736 0.0 0.0 5.08746284125034 0.0 0.0 0.0 0.0 0.0 0.0 0.0 0.0 0.0 3.16992500144231 0.0 0.0 0.0 0.0 0.0 0.0 0.0 0.0 0.0 
1.58496250072116 0.0 0.0 1.0 0.0 0.0 0.0 2.58496250072116 0.0 0.0 0.0 0.0 0.0 0.0 2.58496250072116 6.28540221886225 0.0 0.0 0.0 0.0 0.0 0.0 0.0 0.0 0.0 0.0 0.0 0.0 0.0 5.39231742277876 1.0 0.0 0.0 0.0 0.0 0.0 2.8073549220576 0.0 0.0 0.0 0.0 1.0 0.0 
2.58496250072116 1.58496250072116 1.0 0.0 2.0 2.32192809488736 0.0 0.0 0.0 2.0 2.32192809488736 2.0 1.58496250072116 0.0 2.58496250072116 0.0 7.3037807481771 0.0 0.0 0.0 1.58496250072116 0.0 0.0 3.90689059560852 0.0 1.0 0.0 0.0 1.58496250072116 1.0 1.0 3.70043971814109 3.70043971814109 4.16992500144231 0.0 1.58496250072116 0.0 0.0 2.0 1.0 0.0 1.58496250072116 2.0 
0.0 0.0 0.0 0.0 0.0 0.0 0.0 0.0 0.0 0.0 0.0 0.0 0.0 0.0 0.0 0.0 0.0 0.0 0.0 0.0 0.0 0.0 0.0 0.0 0.0 2.0 0.0 0.0 0.0 0.0 0.0 0.0 0.0 0.0 0.0 0.0 0.0 0.0 0.0 0.0 0.0 0.0 0.0 
0.0 0.0 0.0 0.0 0.0 0.0 0.0 0.0 0.0 0.0 0.0 0.0 0.0 0.0 0.0 0.0 0.0 0.0 0.0 0.0 0.0 0.0 0.0 0.0 0.0 0.0 0.0 0.0 0.0 0.0 0.0 0.0 0.0 0.0 0.0 0.0 0.0 0.0 0.0 0.0 0.0 0.0 0.0 
0.0 0.0 0.0 0.0 0.0 0.0 0.0 0.0 0.0 0.0 0.0 0.0 0.0 0.0 0.0 0.0 5.16992500144231 0.0 0.0 0.0 1.58496250072116 0.0 0.0 0.0 0.0 0.0 0.0 0.0 0.0 1.0 0.0 0.0 0.0 0.0 0.0 0.0 0.0 0.0 0.0 0.0 0.0 0.0 0.0 
0.0 0.0 0.0 0.0 0.0 0.0 0.0 0.0 0.0 0.0 0.0 0.0 0.0 0.0 0.0 0.0 0.0 0.0 0.0 0.0 0.0 0.0 0.0 0.0 0.0 0.0 0.0 0.0 0.0 0.0 0.0 0.0 0.0 0.0 0.0 0.0 0.0 0.0 0.0 0.0 0.0 0.0 0.0 
0.0 0.0 0.0 0.0 0.0 0.0 0.0 0.0 0.0 0.0 0.0 0.0 0.0 0.0 0.0 0.0 0.0 0.0 0.0 0.0 0.0 0.0 0.0 0.0 0.0 0.0 0.0 0.0 0.0 0.0 0.0 0.0 0.0 0.0 0.0 0.0 0.0 0.0 0.0 0.0 0.0 0.0 0.0 
0.0 0.0 0.0 0.0 0.0 0.0 0.0 0.0 0.0 0.0 0.0 0.0 0.0 2.58496250072116 3.16992500144231 0.0 0.0 0.0 0.0 0.0 4.95419631038687 0.0 1.58496250072116 0.0 0.0 2.32192809488736 0.0 0.0 3.58496250072116 0.0 0.0 0.0 0.0 0.0 0.0 0.0 6.53915881110803 0.0 3.0 0.0 2.0 0.0 0.0 
1.58496250072116 1.0 4.08746284125034 0.0 4.85798099512757 0.0 1.58496250072116 1.0 0.0 0.0 0.0 1.0 1.58496250072116 0.0 4.58496250072116 3.16992500144231 0.0 1.0 2.32192809488736 4.8073549220576 0.0 1.58496250072116 2.32192809488736 0.0 0.0 0.0 0.0 0.0 1.0 3.90689059560852 4.08746284125034 5.24792751344359 0.0 0.0 0.0 1.0 2.8073549220576 0.0 4.58496250072116 4.24792751344359 2.8073549220576 0.0 4.0 
0.0 0.0 0.0 0.0 0.0 0.0 0.0 0.0 0.0 0.0 0.0 0.0 0.0 0.0 0.0 0.0 0.0 1.0 0.0 2.32192809488736 1.58496250072116 0.0 0.0 0.0 0.0 0.0 0.0 0.0 0.0 0.0 0.0 0.0 0.0 0.0 0.0 0.0 0.0 0.0 0.0 1.0 0.0 0.0 0.0 
0.0 0.0 0.0 0.0 0.0 1.0 0.0 0.0 0.0 0.0 0.0 0.0 0.0 0.0 0.0 0.0 0.0 0.0 0.0 0.0 0.0 0.0 2.32192809488736 0.0 0.0 0.0 0.0 0.0 0.0 0.0 0.0 0.0 0.0 0.0 0.0 0.0 0.0 0.0 0.0 2.32192809488736 0.0 2.58496250072116 0.0 
0.0 0.0 0.0 0.0 0.0 7.54689445988764 0.0 0.0 0.0 0.0 0.0 0.0 2.8073549220576 0.0 3.58496250072116 5.88264304936184 0.0 0.0 0.0 0.0 1.0 0.0 0.0 2.58496250072116 0.0 0.0 4.52356195605701 0.0 0.0 2.58496250072116 0.0 0.0 0.0 0.0 0.0 0.0 2.8073549220576 0.0 1.0 1.58496250072116 0.0 0.0 0.0 
0.0 1.0 1.0 0.0 1.0 0.0 1.0 0.0 1.58496250072116 0.0 0.0 1.0 1.0 1.0 1.0 1.0 2.0 1.0 0.0 0.0 1.0 0.0 0.0 0.0 0.0 1.0 0.0 1.58496250072116 0.0 0.0 0.0 2.0 0.0 2.8073549220576 1.58496250072116 0.0 0.0 1.0 1.58496250072116 0.0 0.0 0.0 0.0 
1.0 0.0 2.0 0.0 0.0 4.58496250072116 0.0 0.0 0.0 0.0 1.0 1.58496250072116 2.8073549220576 0.0 1.0 3.70043971814109 0.0 0.0 0.0 0.0 0.0 0.0 0.0 0.0 0.0 0.0 0.0 0.0 0.0 4.52356195605701 6.0 0.0 0.0 0.0 0.0 1.58496250072116 1.0 0.0 5.12928301694497 2.58496250072116 2.0 4.08746284125034 1.58496250072116 
0.0 0.0 0.0 0.0 0.0 1.58496250072116 0.0 0.0 0.0 0.0 0.0 0.0 0.0 3.16992500144231 0.0 0.0 0.0 0.0 0.0 0.0 0.0 0.0 1.0 0.0 0.0 0.0 0.0 0.0 0.0 1.0 0.0 0.0 0.0 0.0 0.0 0.0 2.0 0.0 0.0 0.0 0.0 4.95419631038687 0.0 
0.0 0.0 0.0 0.0 0.0 0.0 0.0 0.0 0.0 0.0 0.0 0.0 0.0 0.0 0.0 0.0 0.0 0.0 0.0 0.0 0.0 0.0 0.0 0.0 0.0 0.0 0.0 0.0 0.0 1.0 0.0 0.0 0.0 0.0 0.0 0.0 0.0 0.0 0.0 0.0 0.0 0.0 0.0 
0.0 0.0 0.0 0.0 0.0 0.0 0.0 0.0 0.0 0.0 0.0 0.0 0.0 2.32192809488736 0.0 0.0 0.0 0.0 0.0 0.0 0.0 0.0 0.0 0.0 0.0 0.0 0.0 0.0 0.0 1.0 0.0 0.0 0.0 0.0 3.58496250072116 0.0 0.0 0.0 0.0 0.0 0.0 0.0 0.0 
0.0 0.0 0.0 0.0 0.0 0.0 0.0 0.0 0.0 0.0 0.0 0.0 0.0 0.0 0.0 0.0 0.0 0.0 0.0 0.0 0.0 0.0 0.0 0.0 0.0 0.0 0.0 0.0 0.0 0.0 0.0 0.0 0.0 0.0 0.0 0.0 0.0 0.0 0.0 0.0 0.0 0.0 0.0 
0.0 0.0 0.0 0.0 0.0 0.0 0.0 0.0 0.0 0.0 0.0 0.0 0.0 0.0 0.0 0.0 0.0 0.0 0.0 0.0 0.0 0.0 0.0 0.0 0.0 0.0 0.0 0.0 0.0 0.0 0.0 0.0 0.0 1.0 0.0 0.0 0.0 0.0 0.0 0.0 0.0 0.0 0.0 
2.0 0.0 2.0 0.0 0.0 1.58496250072116 0.0 0.0 4.4594316186373 0.0 0.0 4.0 1.58496250072116 2.0 2.0 0.0 1.0 0.0 0.0 0.0 3.70043971814109 0.0 0.0 2.0 0.0 0.0 1.0 0.0 3.70043971814109 2.8073549220576 0.0 3.16992500144231 0.0 1.0 3.70043971814109 0.0 6.28540221886225 0.0 1.0 3.0 0.0 0.0 0.0 
3.90689059560852 1.58496250072116 5.90689059560852 0.0 2.58496250072116 3.70043971814109 5.64385618977472 4.0 4.58496250072116 2.58496250072116 2.32192809488736 3.70043971814109 4.64385618977472 4.90689059560852 3.16992500144231 3.58496250072116 0.0 4.32192809488736 1.58496250072116 5.85798099512757 5.93073733756289 4.0 5.28540221886225 3.8073549220576 4.0 5.55458885167764 4.16992500144231 4.58496250072116 3.8073549220576 5.61470984411521 4.0 2.0 2.0 4.58496250072116 1.0 3.32192809488736 3.4594316186373 4.58496250072116 5.20945336562895 4.52356195605701 3.4594316186373 5.95419631038687 1.58496250072116 
0.0 0.0 0.0 0.0 0.0 0.0 0.0 0.0 0.0 0.0 0.0 0.0 0.0 1.0 0.0 0.0 2.58496250072116 0.0 0.0 0.0 0.0 0.0 0.0 0.0 0.0 0.0 0.0 0.0 0.0 0.0 0.0 0.0 0.0 0.0 0.0 0.0 0.0 0.0 0.0 0.0 0.0 0.0 0.0 
0.0 0.0 0.0 0.0 0.0 0.0 0.0 0.0 0.0 0.0 0.0 0.0 0.0 0.0 0.0 0.0 0.0 0.0 0.0 0.0 0.0 0.0 0.0 0.0 0.0 0.0 0.0 0.0 0.0 0.0 0.0 0.0 0.0 0.0 0.0 0.0 0.0 0.0 0.0 0.0 0.0 0.0 0.0 
0.0 0.0 0.0 0.0 0.0 0.0 0.0 0.0 0.0 0.0 0.0 0.0 0.0 0.0 0.0 0.0 0.0 0.0 0.0 0.0 0.0 0.0 0.0 0.0 0.0 0.0 0.0 0.0 0.0 0.0 1.58496250072116 0.0 0.0 0.0 0.0 0.0 0.0 2.0 0.0 0.0 0.0 0.0 0.0 
0.0 0.0 0.0 0.0 0.0 0.0 0.0 0.0 0.0 0.0 0.0 0.0 0.0 0.0 0.0 0.0 0.0 0.0 0.0 0.0 0.0 0.0 0.0 0.0 0.0 0.0 0.0 0.0 0.0 0.0 0.0 0.0 0.0 0.0 0.0 0.0 0.0 0.0 0.0 0.0 0.0 0.0 0.0 
0.0 0.0 0.0 0.0 0.0 0.0 0.0 0.0 0.0 0.0 0.0 0.0 0.0 0.0 0.0 0.0 0.0 0.0 0.0 0.0 0.0 0.0 0.0 0.0 0.0 0.0 0.0 0.0 0.0 0.0 0.0 0.0 0.0 0.0 0.0 0.0 0.0 0.0 0.0 0.0 0.0 0.0 0.0 
0.0 0.0 5.20945336562895 2.58496250072116 1.0 0.0 5.04439411935845 0.0 0.0 1.0 0.0 0.0 4.4594316186373 2.58496250072116 0.0 0.0 0.0 0.0 0.0 0.0 0.0 0.0 2.0 0.0 1.0 0.0 0.0 0.0 0.0 0.0 0.0 0.0 0.0 0.0 0.0 0.0 3.0 0.0 0.0 0.0 0.0 0.0 0.0 
0.0 0.0 0.0 0.0 0.0 0.0 0.0 0.0 0.0 0.0 0.0 0.0 2.32192809488736 0.0 0.0 0.0 0.0 0.0 0.0 0.0 0.0 0.0 0.0 0.0 0.0 0.0 0.0 0.0 0.0 0.0 0.0 0.0 0.0 0.0 0.0 0.0 0.0 0.0 0.0 0.0 1.0 0.0 0.0 
0.0 0.0 0.0 0.0 0.0 0.0 0.0 0.0 0.0 3.16992500144231 0.0 2.32192809488736 4.32192809488736 5.4262647547021 0.0 0.0 0.0 1.0 0.0 0.0 0.0 0.0 0.0 5.0 0.0 0.0 3.58496250072116 0.0 0.0 1.0 2.58496250072116 0.0 0.0 2.58496250072116 0.0 0.0 0.0 1.0 0.0 0.0 0.0 0.0 1.0 
0.0 0.0 0.0 0.0 0.0 0.0 0.0 0.0 0.0 0.0 0.0 0.0 0.0 0.0 0.0 2.8073549220576 0.0 0.0 0.0 0.0 0.0 0.0 0.0 0.0 0.0 0.0 0.0 0.0 0.0 0.0 0.0 0.0 0.0 0.0 0.0 0.0 0.0 0.0 0.0 0.0 0.0 0.0 0.0 
0.0 0.0 0.0 0.0 0.0 0.0 0.0 0.0 0.0 0.0 0.0 0.0 0.0 0.0 0.0 0.0 0.0 0.0 0.0 0.0 0.0 0.0 0.0 0.0 0.0 0.0 0.0 0.0 0.0 0.0 0.0 0.0 0.0 0.0 0.0 0.0 0.0 0.0 0.0 0.0 0.0 0.0 0.0 
0.0 0.0 0.0 0.0 0.0 0.0 0.0 0.0 0.0 0.0 0.0 0.0 0.0 0.0 0.0 0.0 0.0 0.0 0.0 0.0 0.0 0.0 0.0 0.0 0.0 0.0 0.0 0.0 0.0 0.0 0.0 0.0 0.0 0.0 0.0 0.0 0.0 0.0 0.0 0.0 0.0 0.0 0.0 
0.0 0.0 0.0 0.0 0.0 0.0 0.0 0.0 0.0 0.0 0.0 0.0 0.0 0.0 0.0 0.0 0.0 0.0 0.0 0.0 0.0 0.0 0.0 0.0 0.0 0.0 0.0 0.0 0.0 0.0 0.0 0.0 0.0 0.0 0.0 0.0 0.0 0.0 0.0 0.0 0.0 0.0 0.0 
0.0 0.0 0.0 1.0 0.0 0.0 0.0 0.0 0.0 0.0 0.0 0.0 0.0 0.0 0.0 0.0 0.0 0.0 0.0 0.0 0.0 0.0 3.4594316186373 0.0 0.0 0.0 0.0 0.0 0.0 0.0 0.0 0.0 0.0 0.0 0.0 0.0 1.58496250072116 0.0 0.0 1.0 0.0 0.0 0.0 
0.0 0.0 0.0 0.0 0.0 0.0 0.0 0.0 0.0 0.0 0.0 0.0 0.0 0.0 0.0 0.0 0.0 0.0 0.0 0.0 0.0 0.0 0.0 0.0 0.0 0.0 0.0 0.0 0.0 0.0 0.0 0.0 0.0 0.0 0.0 0.0 0.0 0.0 0.0 0.0 0.0 0.0 0.0 
1.0 0.0 0.0 0.0 0.0 0.0 0.0 0.0 0.0 0.0 0.0 0.0 0.0 0.0 0.0 0.0 0.0 0.0 0.0 0.0 0.0 0.0 0.0 0.0 0.0 0.0 0.0 0.0 0.0 0.0 0.0 0.0 0.0 0.0 0.0 0.0 0.0 0.0 0.0 0.0 0.0 0.0 0.0 
0.0 0.0 0.0 0.0 0.0 0.0 0.0 0.0 0.0 0.0 0.0 0.0 0.0 0.0 0.0 0.0 0.0 0.0 0.0 0.0 0.0 0.0 0.0 0.0 0.0 0.0 0.0 0.0 0.0 0.0 0.0 0.0 0.0 0.0 0.0 0.0 0.0 0.0 0.0 0.0 0.0 0.0 0.0 
0.0 0.0 0.0 0.0 0.0 0.0 0.0 0.0 0.0 0.0 0.0 0.0 0.0 0.0 0.0 0.0 0.0 0.0 0.0 0.0 1.0 0.0 0.0 0.0 0.0 0.0 0.0 0.0 0.0 0.0 0.0 0.0 0.0 0.0 0.0 0.0 0.0 0.0 0.0 1.0 0.0 0.0 0.0 
0.0 0.0 0.0 0.0 0.0 0.0 0.0 0.0 0.0 0.0 0.0 0.0 0.0 0.0 1.0 0.0 0.0 0.0 0.0 0.0 0.0 0.0 0.0 0.0 0.0 0.0 0.0 0.0 0.0 0.0 0.0 0.0 0.0 0.0 0.0 0.0 0.0 0.0 0.0 0.0 0.0 0.0 0.0 
0.0 0.0 0.0 0.0 0.0 0.0 0.0 0.0 0.0 0.0 0.0 0.0 0.0 0.0 0.0 0.0 0.0 0.0 0.0 0.0 0.0 0.0 0.0 0.0 0.0 0.0 0.0 0.0 0.0 0.0 0.0 0.0 0.0 0.0 0.0 0.0 0.0 0.0 0.0 0.0 0.0 0.0 0.0 
0.0 0.0 1.58496250072116 0.0 0.0 0.0 0.0 0.0 0.0 0.0 0.0 0.0 0.0 0.0 0.0 0.0 0.0 0.0 0.0 0.0 3.32192809488736 0.0 0.0 0.0 0.0 1.0 0.0 0.0 0.0 0.0 0.0 0.0 0.0 0.0 0.0 0.0 0.0 0.0 0.0 0.0 0.0 0.0 0.0 
0.0 0.0 0.0 0.0 0.0 0.0 0.0 0.0 0.0 0.0 0.0 0.0 0.0 0.0 0.0 0.0 0.0 0.0 0.0 0.0 0.0 1.58496250072116 0.0 0.0 0.0 0.0 0.0 0.0 0.0 0.0 0.0 0.0 0.0 0.0 0.0 0.0 0.0 0.0 0.0 0.0 0.0 0.0 0.0 
0.0 0.0 0.0 0.0 0.0 0.0 0.0 0.0 0.0 0.0 0.0 0.0 1.58496250072116 0.0 0.0 0.0 0.0 0.0 0.0 0.0 0.0 0.0 0.0 1.0 0.0 0.0 0.0 0.0 0.0 0.0 0.0 0.0 0.0 0.0 0.0 0.0 0.0 0.0 0.0 0.0 0.0 0.0 0.0 
0.0 0.0 0.0 0.0 0.0 1.0 0.0 0.0 0.0 0.0 0.0 0.0 0.0 0.0 0.0 2.0 0.0 0.0 0.0 0.0 0.0 0.0 0.0 0.0 0.0 0.0 1.0 0.0 0.0 0.0 0.0 2.0 0.0 0.0 0.0 0.0 0.0 0.0 0.0 0.0 0.0 0.0 0.0 
0.0 0.0 0.0 0.0 0.0 0.0 0.0 0.0 0.0 0.0 0.0 0.0 1.0 0.0 0.0 0.0 0.0 0.0 0.0 0.0 0.0 0.0 1.0 0.0 0.0 0.0 0.0 0.0 0.0 0.0 0.0 2.58496250072116 0.0 0.0 0.0 0.0 0.0 0.0 0.0 0.0 0.0 0.0 0.0 
0.0 0.0 0.0 0.0 0.0 0.0 0.0 0.0 0.0 0.0 0.0 0.0 0.0 0.0 0.0 0.0 0.0 0.0 0.0 0.0 0.0 0.0 0.0 1.0 0.0 0.0 0.0 0.0 0.0 0.0 0.0 0.0 0.0 0.0 0.0 0.0 0.0 0.0 0.0 0.0 0.0 0.0 0.0 
0.0 0.0 1.0 0.0 0.0 0.0 0.0 0.0 0.0 0.0 0.0 0.0 0.0 0.0 0.0 0.0 0.0 0.0 0.0 0.0 0.0 0.0 0.0 0.0 0.0 0.0 0.0 0.0 0.0 0.0 0.0 0.0 0.0 0.0 0.0 0.0 0.0 0.0 0.0 0.0 0.0 0.0 0.0 
0.0 0.0 0.0 0.0 0.0 0.0 0.0 0.0 0.0 0.0 0.0 0.0 0.0 0.0 0.0 0.0 0.0 0.0 0.0 0.0 0.0 0.0 0.0 0.0 0.0 0.0 0.0 0.0 0.0 0.0 0.0 0.0 0.0 0.0 0.0 0.0 0.0 0.0 0.0 0.0 0.0 0.0 0.0 
0.0 0.0 0.0 0.0 0.0 0.0 0.0 0.0 0.0 0.0 0.0 0.0 0.0 0.0 0.0 2.0 0.0 0.0 0.0 0.0 0.0 0.0 0.0 0.0 0.0 0.0 0.0 0.0 0.0 0.0 0.0 0.0 0.0 0.0 0.0 0.0 0.0 0.0 0.0 0.0 0.0 0.0 0.0 
2.32192809488736 2.0 2.8073549220576 0.0 1.0 1.0 1.58496250072116 4.64385618977472 3.8073549220576 2.0 1.58496250072116 1.58496250072116 3.70043971814109 0.0 1.0 1.58496250072116 1.58496250072116 2.8073549220576 1.0 2.32192809488736 1.0 3.70043971814109 2.8073549220576 2.0 3.4594316186373 1.0 1.0 0.0 1.0 4.52356195605701 2.32192809488736 3.0 2.32192809488736 1.58496250072116 1.58496250072116 5.32192809488736 1.0 1.0 4.90689059560852 4.95419631038687 6.33985000288462 1.58496250072116 3.32192809488736 
1.0 0.0 0.0 0.0 0.0 0.0 0.0 0.0 0.0 0.0 0.0 0.0 0.0 0.0 0.0 0.0 0.0 0.0 0.0 0.0 0.0 0.0 0.0 0.0 0.0 0.0 0.0 0.0 0.0 0.0 0.0 0.0 0.0 0.0 0.0 0.0 0.0 0.0 0.0 0.0 0.0 0.0 0.0 
0.0 0.0 0.0 0.0 0.0 0.0 0.0 0.0 0.0 0.0 0.0 0.0 0.0 0.0 0.0 0.0 2.0 0.0 0.0 0.0 0.0 0.0 0.0 0.0 0.0 0.0 0.0 0.0 0.0 0.0 0.0 0.0 0.0 0.0 0.0 0.0 0.0 0.0 0.0 0.0 0.0 0.0 0.0 
0.0 0.0 0.0 0.0 0.0 0.0 0.0 0.0 0.0 0.0 0.0 0.0 0.0 0.0 0.0 0.0 0.0 0.0 0.0 0.0 0.0 0.0 0.0 0.0 0.0 0.0 0.0 0.0 0.0 2.58496250072116 0.0 0.0 0.0 0.0 0.0 0.0 1.58496250072116 0.0 0.0 0.0 0.0 0.0 0.0 
0.0 0.0 0.0 0.0 0.0 0.0 0.0 0.0 0.0 0.0 0.0 0.0 0.0 0.0 0.0 0.0 0.0 0.0 0.0 0.0 0.0 0.0 0.0 0.0 0.0 0.0 0.0 0.0 0.0 0.0 0.0 0.0 0.0 0.0 0.0 0.0 0.0 0.0 0.0 0.0 0.0 0.0 0.0 
1.58496250072116 2.0 4.85798099512757 1.58496250072116 2.32192809488736 2.32192809488736 0.0 2.32192809488736 3.8073549220576 5.4262647547021 5.8073549220576 3.70043971814109 11.1465686757408 4.08746284125034 2.0 4.58496250072116 5.6724253419715 1.58496250072116 1.0 1.58496250072116 3.4594316186373 1.0 0.0 4.08746284125034 1.0 1.58496250072116 2.8073549220576 1.0 3.0 5.04439411935845 5.70043971814109 1.0 3.16992500144231 5.75488750216347 2.0 3.0 6.28540221886225 2.8073549220576 5.7279204545632 3.58496250072116 1.58496250072116 3.90689059560852 1.58496250072116 
0.0 0.0 0.0 0.0 0.0 0.0 0.0 0.0 0.0 0.0 0.0 0.0 0.0 0.0 0.0 0.0 3.16992500144231 0.0 0.0 0.0 0.0 0.0 0.0 0.0 0.0 0.0 0.0 0.0 0.0 0.0 0.0 0.0 0.0 0.0 0.0 0.0 0.0 0.0 0.0 0.0 0.0 0.0 0.0 
0.0 0.0 1.58496250072116 0.0 0.0 0.0 0.0 0.0 0.0 0.0 0.0 0.0 0.0 0.0 0.0 0.0 0.0 0.0 0.0 0.0 0.0 0.0 0.0 0.0 0.0 0.0 0.0 0.0 0.0 1.58496250072116 0.0 0.0 0.0 0.0 0.0 0.0 0.0 0.0 0.0 0.0 0.0 0.0 0.0 
0.0 0.0 1.58496250072116 0.0 0.0 0.0 0.0 0.0 0.0 0.0 0.0 0.0 1.58496250072116 0.0 0.0 3.0 0.0 0.0 0.0 2.0 3.0 0.0 0.0 0.0 0.0 0.0 0.0 0.0 0.0 0.0 2.0 0.0 0.0 0.0 0.0 0.0 1.58496250072116 0.0 0.0 1.0 0.0 0.0 0.0 
0.0 0.0 0.0 0.0 0.0 0.0 0.0 0.0 0.0 0.0 0.0 1.0 0.0 0.0 0.0 0.0 0.0 0.0 0.0 0.0 0.0 0.0 0.0 0.0 0.0 0.0 0.0 0.0 0.0 1.0 0.0 0.0 0.0 0.0 0.0 0.0 0.0 0.0 0.0 0.0 0.0 0.0 0.0 
0.0 0.0 0.0 0.0 0.0 0.0 0.0 0.0 0.0 0.0 0.0 0.0 0.0 0.0 0.0 0.0 0.0 0.0 0.0 0.0 0.0 0.0 1.0 0.0 0.0 0.0 0.0 0.0 0.0 0.0 0.0 0.0 0.0 0.0 0.0 0.0 0.0 0.0 0.0 0.0 0.0 0.0 0.0 
0.0 0.0 0.0 0.0 0.0 1.0 0.0 0.0 0.0 0.0 0.0 0.0 0.0 0.0 0.0 0.0 0.0 0.0 0.0 0.0 0.0 0.0 0.0 0.0 0.0 0.0 0.0 0.0 0.0 0.0 0.0 0.0 0.0 0.0 0.0 0.0 0.0 0.0 1.0 0.0 0.0 0.0 0.0 
1.58496250072116 3.0 5.20945336562895 3.0 5.49185309632967 0.0 1.0 7.62205181945638 2.0 5.93073733756289 2.0 6.4093909361377 6.83289001416474 2.58496250072116 0.0 6.14974711950468 3.32192809488736 3.16992500144231 0.0 4.24792751344359 4.0 4.39231742277876 7.3037807481771 3.8073549220576 4.39231742277876 2.0 7.94251450533924 1.58496250072116 3.0 8.42206476617281 3.16992500144231 1.58496250072116 5.90689059560852 6.06608919045777 6.65821148275179 4.16992500144231 4.95419631038687 1.0 8.12412131182919 8.467605550083 5.90689059560852 7.02236781302845 4.85798099512757 
0.0 0.0 0.0 1.0 2.32192809488736 2.58496250072116 0.0 0.0 0.0 0.0 0.0 0.0 1.0 0.0 0.0 0.0 2.32192809488736 0.0 0.0 3.0 2.58496250072116 1.58496250072116 0.0 0.0 2.8073549220576 0.0 0.0 0.0 0.0 1.58496250072116 0.0 4.64385618977472 0.0 3.16992500144231 0.0 0.0 3.8073549220576 4.16992500144231 0.0 0.0 0.0 0.0 0.0 
3.32192809488736 4.58496250072116 5.95419631038687 4.75488750216347 5.6724253419715 5.04439411935845 2.0 6.32192809488736 5.32192809488736 3.58496250072116 5.24792751344359 4.24792751344359 6.96578428466209 5.55458885167764 4.95419631038687 6.71424551766612 7.49185309632967 6.71424551766612 3.4594316186373 4.70043971814109 4.58496250072116 4.0 5.35755200461808 5.83289001416474 4.24792751344359 2.32192809488736 7.20945336562895 4.4594316186373 4.16992500144231 7.89481776330794 6.90689059560852 5.90689059560852 6.02236781302845 7.35755200461808 6.8703647195834 5.55458885167764 7.33091687811462 2.8073549220576 7.43462822763672 7.4594316186373 5.7279204545632 7.4178525148859 5.75488750216347 
0.0 0.0 0.0 0.0 0.0 0.0 0.0 0.0 0.0 0.0 0.0 0.0 0.0 0.0 0.0 0.0 0.0 0.0 0.0 0.0 0.0 0.0 0.0 0.0 0.0 0.0 0.0 0.0 0.0 0.0 0.0 0.0 1.58496250072116 0.0 0.0 0.0 0.0 0.0 0.0 1.0 0.0 0.0 0.0 
0.0 0.0 4.0 1.0 2.8073549220576 1.0 0.0 0.0 1.0 1.58496250072116 0.0 0.0 4.85798099512757 0.0 0.0 2.58496250072116 0.0 0.0 0.0 0.0 1.0 0.0 0.0 2.32192809488736 0.0 0.0 0.0 1.0 1.0 0.0 0.0 0.0 1.0 0.0 0.0 1.0 0.0 2.8073549220576 1.0 2.58496250072116 0.0 1.0 0.0 
0.0 0.0 0.0 0.0 0.0 0.0 0.0 0.0 0.0 0.0 0.0 0.0 0.0 0.0 0.0 0.0 0.0 0.0 0.0 1.0 0.0 0.0 0.0 0.0 0.0 0.0 0.0 0.0 0.0 0.0 0.0 0.0 0.0 0.0 0.0 0.0 0.0 0.0 0.0 0.0 0.0 0.0 0.0 
0.0 0.0 1.58496250072116 0.0 0.0 0.0 0.0 0.0 0.0 1.0 0.0 0.0 2.0 0.0 0.0 0.0 0.0 0.0 0.0 0.0 0.0 0.0 0.0 0.0 0.0 0.0 0.0 0.0 0.0 0.0 0.0 0.0 0.0 0.0 0.0 0.0 0.0 0.0 0.0 0.0 0.0 0.0 0.0 
1.0 3.16992500144231 4.39231742277876 2.8073549220576 3.8073549220576 4.52356195605701 0.0 6.08746284125034 2.32192809488736 0.0 0.0 6.33985000288462 5.4594316186373 2.32192809488736 0.0 2.58496250072116 0.0 4.4594316186373 1.58496250072116 3.90689059560852 3.32192809488736 2.32192809488736 4.70043971814109 4.4594316186373 5.35755200461808 1.0 5.52356195605701 0.0 2.32192809488736 8.25266543245025 1.0 3.70043971814109 4.90689059560852 0.0 7.29462074889163 4.24792751344359 2.32192809488736 0.0 3.90689059560852 5.6724253419715 7.83920378809694 6.35755200461808 5.12928301694497 
0.0 0.0 2.58496250072116 0.0 0.0 0.0 0.0 0.0 0.0 2.0 0.0 0.0 0.0 2.58496250072116 0.0 0.0 3.0 0.0 0.0 3.0 0.0 0.0 1.58496250072116 0.0 0.0 1.0 0.0 0.0 0.0 0.0 2.0 0.0 0.0 3.32192809488736 0.0 0.0 2.0 0.0 0.0 0.0 0.0 0.0 0.0 
0.0 0.0 0.0 0.0 0.0 0.0 0.0 0.0 0.0 0.0 0.0 0.0 0.0 0.0 0.0 0.0 0.0 0.0 0.0 0.0 0.0 0.0 0.0 0.0 0.0 0.0 0.0 0.0 0.0 0.0 0.0 0.0 0.0 0.0 0.0 0.0 0.0 0.0 0.0 0.0 0.0 0.0 0.0 
0.0 0.0 6.88264304936184 0.0 0.0 0.0 0.0 0.0 2.8073549220576 0.0 0.0 0.0 0.0 4.52356195605701 1.0 0.0 0.0 2.58496250072116 0.0 0.0 0.0 0.0 0.0 1.0 0.0 1.0 0.0 0.0 0.0 1.0 1.0 1.0 1.0 0.0 0.0 1.0 0.0 0.0 1.0 0.0 0.0 1.0 0.0 
0.0 0.0 0.0 0.0 0.0 0.0 0.0 0.0 0.0 0.0 0.0 0.0 0.0 0.0 0.0 0.0 0.0 0.0 0.0 0.0 0.0 0.0 0.0 0.0 0.0 0.0 0.0 0.0 0.0 0.0 0.0 0.0 0.0 0.0 0.0 0.0 0.0 0.0 0.0 0.0 0.0 1.0 0.0 
1.58496250072116 0.0 0.0 0.0 0.0 0.0 0.0 0.0 0.0 0.0 0.0 0.0 0.0 0.0 0.0 0.0 0.0 0.0 0.0 0.0 0.0 0.0 0.0 0.0 0.0 0.0 0.0 0.0 0.0 0.0 0.0 0.0 0.0 0.0 0.0 0.0 0.0 0.0 0.0 0.0 0.0 0.0 0.0 
0.0 0.0 0.0 0.0 0.0 0.0 0.0 0.0 0.0 0.0 0.0 0.0 0.0 0.0 0.0 0.0 0.0 0.0 0.0 0.0 0.0 0.0 0.0 0.0 0.0 0.0 0.0 0.0 0.0 0.0 0.0 0.0 0.0 0.0 0.0 0.0 0.0 0.0 0.0 0.0 0.0 0.0 0.0 
3.32192809488736 0.0 2.32192809488736 0.0 0.0 0.0 0.0 0.0 1.58496250072116 2.0 0.0 0.0 3.4594316186373 0.0 1.0 0.0 0.0 0.0 1.58496250072116 0.0 1.58496250072116 1.58496250072116 2.58496250072116 0.0 3.4594316186373 0.0 3.90689059560852 0.0 0.0 3.70043971814109 1.58496250072116 0.0 0.0 0.0 0.0 0.0 0.0 0.0 0.0 3.70043971814109 0.0 2.32192809488736 0.0 
0.0 0.0 1.58496250072116 1.0 0.0 0.0 0.0 0.0 0.0 0.0 0.0 2.32192809488736 0.0 0.0 0.0 1.0 0.0 0.0 0.0 1.0 0.0 0.0 1.0 3.16992500144231 0.0 0.0 0.0 0.0 3.0 0.0 0.0 0.0 0.0 0.0 0.0 0.0 0.0 0.0 0.0 0.0 0.0 0.0 0.0 
0.0 0.0 1.0 0.0 0.0 0.0 0.0 0.0 0.0 0.0 0.0 0.0 0.0 0.0 0.0 0.0 0.0 0.0 0.0 0.0 0.0 0.0 0.0 0.0 0.0 0.0 0.0 0.0 0.0 0.0 0.0 0.0 0.0 0.0 0.0 0.0 1.0 0.0 0.0 0.0 0.0 0.0 0.0 
3.16992500144231 0.0 5.28540221886225 0.0 3.16992500144231 4.24792751344359 5.83289001416474 3.70043971814109 4.16992500144231 3.0 2.32192809488736 2.58496250072116 3.58496250072116 4.70043971814109 3.70043971814109 6.44294349584873 0.0 3.32192809488736 0.0 6.0 6.14974711950468 3.32192809488736 5.4262647547021 3.32192809488736 4.16992500144231 5.35755200461808 3.16992500144231 4.39231742277876 4.32192809488736 5.39231742277876 3.58496250072116 2.32192809488736 4.39231742277876 3.58496250072116 1.0 2.8073549220576 2.32192809488736 5.20945336562895 5.28540221886225 4.08746284125034 0.0 6.18982455888002 0.0 
0.0 0.0 0.0 0.0 0.0 0.0 0.0 1.0 0.0 0.0 0.0 0.0 0.0 0.0 0.0 1.0 0.0 0.0 0.0 0.0 0.0 0.0 0.0 0.0 1.0 0.0 0.0 0.0 0.0 0.0 0.0 1.0 0.0 0.0 0.0 0.0 0.0 0.0 1.0 0.0 0.0 0.0 0.0 
1.0 0.0 2.32192809488736 1.0 1.0 1.0 2.58496250072116 1.58496250072116 1.0 0.0 0.0 1.58496250072116 1.0 1.0 0.0 1.58496250072116 1.58496250072116 1.58496250072116 0.0 2.0 3.0 1.58496250072116 2.0 0.0 1.58496250072116 3.32192809488736 1.0 1.0 0.0 2.0 0.0 0.0 1.0 1.0 0.0 0.0 1.0 0.0 2.0 1.58496250072116 0.0 2.58496250072116 0.0 
0.0 0.0 1.58496250072116 0.0 0.0 0.0 0.0 0.0 2.32192809488736 0.0 0.0 0.0 3.90689059560852 0.0 0.0 0.0 0.0 0.0 0.0 0.0 0.0 0.0 0.0 0.0 0.0 0.0 0.0 0.0 0.0 0.0 4.0 0.0 0.0 0.0 0.0 0.0 0.0 0.0 2.58496250072116 0.0 0.0 0.0 0.0 
0.0 0.0 0.0 0.0 0.0 0.0 0.0 0.0 0.0 0.0 0.0 0.0 0.0 0.0 0.0 0.0 0.0 0.0 0.0 0.0 0.0 0.0 0.0 0.0 0.0 0.0 0.0 0.0 0.0 0.0 0.0 0.0 0.0 0.0 0.0 0.0 3.0 0.0 0.0 0.0 0.0 0.0 0.0 
0.0 0.0 1.0 0.0 0.0 0.0 0.0 0.0 0.0 1.0 0.0 0.0 1.58496250072116 0.0 0.0 1.0 0.0 0.0 0.0 0.0 0.0 1.0 0.0 1.58496250072116 0.0 0.0 1.58496250072116 0.0 0.0 0.0 0.0 0.0 0.0 0.0 0.0 0.0 0.0 0.0 0.0 0.0 0.0 0.0 0.0 
0.0 0.0 0.0 0.0 0.0 0.0 0.0 0.0 0.0 0.0 3.32192809488736 0.0 0.0 0.0 0.0 0.0 0.0 0.0 0.0 0.0 2.58496250072116 0.0 0.0 0.0 0.0 0.0 0.0 0.0 0.0 3.16992500144231 0.0 0.0 0.0 0.0 0.0 0.0 0.0 0.0 0.0 6.14974711950468 0.0 0.0 0.0 
0.0 1.58496250072116 1.0 0.0 1.0 0.0 0.0 0.0 0.0 0.0 0.0 0.0 1.0 0.0 0.0 0.0 6.83289001416474 0.0 0.0 3.0 3.32192809488736 0.0 0.0 1.58496250072116 0.0 4.24792751344359 0.0 0.0 0.0 4.0 1.0 0.0 0.0 0.0 3.32192809488736 1.0 0.0 1.0 2.32192809488736 0.0 0.0 0.0 0.0 
0.0 0.0 0.0 0.0 0.0 0.0 0.0 0.0 0.0 0.0 0.0 0.0 0.0 0.0 0.0 0.0 0.0 0.0 0.0 0.0 0.0 0.0 0.0 0.0 0.0 0.0 0.0 0.0 0.0 0.0 0.0 0.0 0.0 0.0 0.0 0.0 0.0 0.0 0.0 0.0 0.0 0.0 0.0 
0.0 0.0 0.0 0.0 0.0 0.0 0.0 0.0 0.0 0.0 0.0 0.0 0.0 0.0 0.0 0.0 0.0 0.0 0.0 0.0 0.0 0.0 0.0 0.0 2.0 0.0 0.0 0.0 0.0 1.0 0.0 0.0 3.8073549220576 0.0 0.0 0.0 0.0 0.0 1.0 0.0 0.0 0.0 0.0 
0.0 0.0 0.0 0.0 0.0 0.0 1.0 0.0 0.0 0.0 0.0 0.0 2.58496250072116 1.0 0.0 0.0 0.0 0.0 0.0 0.0 0.0 1.0 0.0 0.0 0.0 0.0 0.0 2.32192809488736 0.0 0.0 2.8073549220576 0.0 0.0 0.0 0.0 0.0 0.0 0.0 0.0 0.0 0.0 0.0 0.0 
2.32192809488736 0.0 3.90689059560852 0.0 1.0 1.58496250072116 3.8073549220576 2.0 1.58496250072116 1.58496250072116 2.0 2.32192809488736 2.58496250072116 3.4594316186373 0.0 2.0 1.0 1.0 0.0 3.8073549220576 4.16992500144231 2.58496250072116 3.58496250072116 2.0 1.58496250072116 4.39231742277876 2.8073549220576 2.0 2.8073549220576 2.32192809488736 2.0 1.0 3.70043971814109 4.39231742277876 0.0 0.0 2.8073549220576 1.0 3.32192809488736 1.58496250072116 0.0 3.32192809488736 0.0 
0.0 0.0 2.32192809488736 0.0 0.0 0.0 0.0 0.0 0.0 0.0 0.0 0.0 0.0 0.0 0.0 0.0 0.0 0.0 0.0 0.0 0.0 0.0 0.0 0.0 0.0 0.0 0.0 0.0 0.0 0.0 0.0 0.0 0.0 0.0 0.0 0.0 0.0 0.0 0.0 0.0 0.0 0.0 0.0 
1.0 2.8073549220576 2.8073549220576 1.0 2.8073549220576 6.20945336562895 0.0 9.93516504960369 3.0 8.46352437327118 0.0 1.58496250072116 3.0 4.64385618977472 1.58496250072116 4.39231742277876 2.8073549220576 2.0 1.0 1.58496250072116 6.02236781302845 3.16992500144231 2.32192809488736 2.8073549220576 2.58496250072116 5.12928301694497 1.58496250072116 0.0 3.32192809488736 6.06608919045777 4.08746284125034 1.0 1.0 6.76818432477693 1.0 2.58496250072116 6.28540221886225 2.32192809488736 5.95419631038687 8.60733031374961 1.58496250072116 6.33985000288462 0.0 
0.0 0.0 0.0 0.0 0.0 1.0 1.0 0.0 2.58496250072116 0.0 0.0 0.0 1.0 0.0 0.0 2.32192809488736 0.0 1.58496250072116 1.0 0.0 0.0 2.32192809488736 0.0 0.0 0.0 0.0 1.0 0.0 0.0 3.0 0.0 0.0 0.0 1.0 0.0 1.0 0.0 0.0 0.0 0.0 0.0 1.58496250072116 0.0 
0.0 0.0 0.0 0.0 0.0 0.0 0.0 0.0 0.0 0.0 0.0 0.0 0.0 0.0 0.0 0.0 0.0 0.0 0.0 0.0 0.0 0.0 0.0 0.0 0.0 0.0 0.0 0.0 0.0 0.0 0.0 0.0 0.0 0.0 0.0 0.0 0.0 0.0 0.0 0.0 0.0 0.0 0.0 
0.0 0.0 0.0 0.0 0.0 0.0 0.0 0.0 0.0 0.0 0.0 0.0 0.0 0.0 0.0 0.0 0.0 0.0 0.0 0.0 1.0 0.0 1.58496250072116 0.0 0.0 0.0 0.0 0.0 0.0 0.0 0.0 0.0 0.0 0.0 0.0 0.0 0.0 0.0 0.0 0.0 0.0 0.0 0.0 
0.0 0.0 0.0 0.0 0.0 0.0 0.0 0.0 0.0 0.0 0.0 0.0 0.0 0.0 0.0 0.0 0.0 0.0 0.0 0.0 0.0 0.0 0.0 0.0 0.0 1.0 0.0 0.0 0.0 0.0 0.0 0.0 0.0 0.0 0.0 0.0 0.0 0.0 0.0 0.0 0.0 0.0 0.0 
1.58496250072116 0.0 0.0 0.0 0.0 0.0 0.0 0.0 0.0 0.0 0.0 0.0 0.0 0.0 0.0 0.0 0.0 0.0 0.0 0.0 0.0 0.0 0.0 0.0 0.0 0.0 0.0 0.0 0.0 0.0 0.0 0.0 0.0 0.0 0.0 0.0 0.0 0.0 0.0 0.0 0.0 0.0 0.0 
0.0 1.58496250072116 0.0 1.0 0.0 1.0 1.58496250072116 1.58496250072116 2.0 0.0 0.0 1.58496250072116 0.0 0.0 0.0 1.58496250072116 2.8073549220576 1.58496250072116 0.0 1.58496250072116 1.0 1.0 2.0 2.32192809488736 0.0 2.0 1.0 2.0 2.8073549220576 1.58496250072116 1.0 2.58496250072116 0.0 1.58496250072116 2.0 2.0 1.58496250072116 2.58496250072116 0.0 1.0 0.0 1.0 1.0 
0.0 0.0 0.0 0.0 0.0 0.0 0.0 0.0 0.0 0.0 0.0 0.0 0.0 0.0 0.0 0.0 0.0 0.0 0.0 0.0 0.0 0.0 0.0 0.0 0.0 0.0 0.0 0.0 0.0 0.0 0.0 0.0 0.0 0.0 0.0 0.0 0.0 0.0 0.0 0.0 0.0 0.0 0.0 
0.0 0.0 0.0 0.0 0.0 0.0 0.0 0.0 0.0 0.0 1.58496250072116 1.0 0.0 0.0 0.0 1.0 1.0 0.0 0.0 0.0 0.0 0.0 0.0 0.0 0.0 0.0 0.0 0.0 0.0 1.0 0.0 0.0 0.0 0.0 0.0 0.0 0.0 0.0 0.0 0.0 0.0 0.0 0.0 
0.0 0.0 0.0 0.0 0.0 0.0 0.0 0.0 0.0 0.0 0.0 0.0 0.0 0.0 0.0 0.0 0.0 0.0 0.0 0.0 0.0 0.0 0.0 0.0 1.0 0.0 0.0 0.0 0.0 0.0 0.0 0.0 0.0 0.0 0.0 0.0 0.0 0.0 0.0 0.0 0.0 0.0 0.0 
0.0 0.0 1.0 0.0 0.0 0.0 0.0 0.0 0.0 0.0 0.0 0.0 1.0 0.0 0.0 0.0 2.32192809488736 0.0 0.0 0.0 0.0 0.0 0.0 0.0 2.58496250072116 0.0 0.0 0.0 0.0 1.58496250072116 0.0 0.0 0.0 4.4594316186373 0.0 0.0 0.0 0.0 0.0 0.0 0.0 0.0 0.0 
0.0 0.0 0.0 0.0 0.0 0.0 0.0 0.0 0.0 0.0 0.0 0.0 0.0 0.0 0.0 0.0 0.0 0.0 0.0 0.0 0.0 0.0 0.0 0.0 0.0 0.0 0.0 0.0 0.0 0.0 0.0 0.0 0.0 0.0 0.0 0.0 0.0 0.0 0.0 0.0 0.0 0.0 0.0 
0.0 0.0 0.0 0.0 0.0 0.0 0.0 0.0 0.0 0.0 0.0 0.0 0.0 0.0 0.0 0.0 0.0 0.0 0.0 0.0 0.0 0.0 0.0 0.0 0.0 0.0 0.0 0.0 0.0 0.0 3.0 0.0 0.0 0.0 0.0 0.0 0.0 0.0 1.58496250072116 0.0 0.0 0.0 0.0 
1.0 0.0 6.08746284125034 0.0 1.0 3.32192809488736 0.0 0.0 0.0 2.0 0.0 2.0 6.79441586635011 2.58496250072116 0.0 1.0 1.0 0.0 0.0 0.0 0.0 3.0 1.0 5.0 2.0 3.0 1.58496250072116 1.58496250072116 0.0 2.32192809488736 0.0 0.0 0.0 3.70043971814109 0.0 0.0 1.58496250072116 0.0 1.0 0.0 0.0 1.58496250072116 2.58496250072116 
0.0 0.0 0.0 0.0 0.0 0.0 0.0 0.0 0.0 0.0 0.0 0.0 0.0 0.0 0.0 0.0 0.0 0.0 0.0 0.0 0.0 0.0 0.0 0.0 0.0 0.0 0.0 0.0 0.0 0.0 0.0 0.0 0.0 0.0 0.0 0.0 0.0 0.0 0.0 0.0 0.0 0.0 0.0 
1.0 0.0 0.0 1.0 2.58496250072116 0.0 3.90689059560852 6.06608919045777 0.0 3.58496250072116 2.0 0.0 3.4594316186373 3.58496250072116 0.0 0.0 0.0 0.0 0.0 2.58496250072116 2.32192809488736 0.0 4.08746284125034 2.32192809488736 1.0 0.0 3.0 4.90689059560852 2.32192809488736 2.32192809488736 1.0 0.0 3.0 1.0 0.0 1.58496250072116 0.0 1.0 1.58496250072116 0.0 2.8073549220576 2.0 0.0 
0.0 0.0 1.0 0.0 0.0 0.0 0.0 0.0 0.0 0.0 0.0 0.0 0.0 0.0 0.0 0.0 0.0 0.0 0.0 0.0 0.0 0.0 0.0 1.58496250072116 0.0 0.0 0.0 0.0 0.0 0.0 0.0 0.0 0.0 0.0 0.0 0.0 0.0 0.0 0.0 0.0 0.0 0.0 0.0 
0.0 0.0 0.0 0.0 0.0 0.0 0.0 0.0 0.0 0.0 0.0 0.0 1.58496250072116 0.0 0.0 0.0 0.0 0.0 0.0 0.0 0.0 0.0 4.08746284125034 0.0 0.0 0.0 0.0 0.0 0.0 0.0 0.0 0.0 0.0 0.0 0.0 0.0 0.0 0.0 0.0 0.0 0.0 0.0 0.0 
0.0 0.0 1.58496250072116 0.0 0.0 0.0 2.8073549220576 0.0 0.0 0.0 0.0 1.0 1.0 2.58496250072116 0.0 1.0 0.0 1.58496250072116 0.0 2.32192809488736 2.0 1.0 2.32192809488736 1.0 1.0 2.0 0.0 1.0 1.0 1.58496250072116 1.0 1.0 1.0 1.0 0.0 0.0 0.0 1.0 1.58496250072116 1.58496250072116 0.0 2.0 1.0 
0.0 0.0 0.0 0.0 0.0 2.0 0.0 0.0 0.0 0.0 0.0 0.0 0.0 0.0 0.0 0.0 0.0 0.0 0.0 0.0 0.0 0.0 0.0 0.0 0.0 0.0 0.0 0.0 0.0 0.0 0.0 0.0 0.0 1.0 0.0 0.0 0.0 0.0 0.0 0.0 0.0 0.0 0.0 
0.0 0.0 0.0 0.0 0.0 0.0 0.0 0.0 0.0 0.0 0.0 0.0 0.0 0.0 0.0 0.0 0.0 0.0 0.0 0.0 0.0 0.0 0.0 0.0 0.0 0.0 0.0 0.0 0.0 0.0 0.0 0.0 0.0 0.0 0.0 0.0 0.0 0.0 0.0 0.0 0.0 0.0 0.0 
0.0 0.0 0.0 0.0 0.0 0.0 0.0 0.0 0.0 0.0 0.0 0.0 0.0 0.0 0.0 0.0 0.0 0.0 0.0 0.0 0.0 0.0 0.0 0.0 0.0 0.0 0.0 0.0 0.0 0.0 0.0 0.0 0.0 0.0 0.0 0.0 0.0 0.0 0.0 0.0 0.0 0.0 0.0 
0.0 0.0 1.0 0.0 0.0 0.0 0.0 0.0 0.0 0.0 0.0 0.0 2.32192809488736 0.0 0.0 0.0 0.0 0.0 0.0 0.0 3.32192809488736 0.0 1.58496250072116 0.0 0.0 0.0 0.0 0.0 0.0 0.0 0.0 0.0 2.0 0.0 0.0 0.0 0.0 0.0 0.0 0.0 0.0 0.0 0.0 
0.0 0.0 0.0 0.0 0.0 0.0 0.0 0.0 0.0 0.0 0.0 0.0 0.0 0.0 0.0 0.0 0.0 0.0 0.0 0.0 0.0 0.0 0.0 0.0 0.0 0.0 0.0 0.0 0.0 0.0 0.0 0.0 0.0 0.0 0.0 0.0 0.0 0.0 0.0 0.0 0.0 0.0 0.0 
0.0 0.0 1.0 0.0 0.0 0.0 0.0 0.0 0.0 0.0 0.0 0.0 0.0 0.0 0.0 0.0 0.0 1.0 0.0 1.0 0.0 1.0 0.0 0.0 0.0 1.0 0.0 0.0 0.0 0.0 0.0 0.0 0.0 0.0 0.0 0.0 0.0 0.0 0.0 0.0 0.0 0.0 0.0 
0.0 0.0 0.0 0.0 0.0 0.0 0.0 0.0 0.0 0.0 0.0 0.0 0.0 0.0 0.0 0.0 0.0 0.0 0.0 0.0 0.0 0.0 0.0 0.0 0.0 0.0 0.0 0.0 0.0 0.0 0.0 3.58496250072116 0.0 0.0 0.0 0.0 0.0 0.0 0.0 0.0 0.0 0.0 0.0 
0.0 1.0 0.0 0.0 0.0 0.0 0.0 0.0 0.0 0.0 1.0 0.0 0.0 0.0 0.0 0.0 1.0 0.0 0.0 0.0 0.0 0.0 0.0 0.0 0.0 0.0 0.0 0.0 0.0 1.58496250072116 0.0 0.0 1.0 0.0 1.0 0.0 0.0 0.0 1.0 1.58496250072116 0.0 0.0 0.0 
0.0 0.0 0.0 0.0 0.0 0.0 0.0 0.0 0.0 0.0 0.0 0.0 0.0 0.0 0.0 0.0 0.0 0.0 0.0 0.0 0.0 0.0 0.0 0.0 0.0 1.0 0.0 0.0 0.0 0.0 0.0 0.0 0.0 0.0 0.0 0.0 0.0 0.0 0.0 0.0 0.0 0.0 0.0 
0.0 0.0 0.0 0.0 0.0 0.0 0.0 0.0 0.0 0.0 0.0 0.0 0.0 0.0 0.0 0.0 0.0 0.0 0.0 0.0 0.0 0.0 0.0 0.0 0.0 0.0 0.0 0.0 0.0 0.0 0.0 0.0 0.0 0.0 0.0 0.0 0.0 0.0 0.0 0.0 0.0 0.0 0.0 
0.0 0.0 0.0 0.0 0.0 0.0 0.0 0.0 0.0 0.0 0.0 0.0 0.0 0.0 0.0 0.0 0.0 0.0 0.0 0.0 0.0 0.0 0.0 0.0 0.0 0.0 0.0 0.0 0.0 0.0 0.0 0.0 0.0 0.0 0.0 0.0 0.0 0.0 0.0 0.0 0.0 0.0 0.0 
1.58496250072116 3.58496250072116 0.0 0.0 0.0 11.3679607096416 2.0 0.0 1.0 0.0 4.85798099512757 0.0 2.58496250072116 1.0 0.0 0.0 0.0 0.0 2.8073549220576 0.0 0.0 2.58496250072116 0.0 5.32192809488736 0.0 7.17990909001493 0.0 0.0 6.59991284218713 9.7632123668144 0.0 3.8073549220576 0.0 8.33539035469392 0.0 0.0 7.53138146051631 0.0 0.0 5.16992500144231 4.4594316186373 0.0 1.58496250072116 
0.0 0.0 1.58496250072116 0.0 0.0 1.0 0.0 1.0 1.0 0.0 0.0 1.0 1.58496250072116 1.58496250072116 0.0 1.0 0.0 0.0 0.0 1.58496250072116 0.0 1.0 2.0 1.0 1.58496250072116 0.0 0.0 0.0 0.0 3.32192809488736 1.58496250072116 1.0 0.0 0.0 0.0 1.0 0.0 0.0 1.0 2.0 0.0 0.0 0.0 
0.0 0.0 0.0 0.0 0.0 1.0 0.0 0.0 0.0 0.0 0.0 0.0 5.24792751344359 3.0 0.0 0.0 0.0 0.0 0.0 3.70043971814109 0.0 6.12928301694497 0.0 0.0 2.8073549220576 0.0 0.0 0.0 0.0 0.0 5.70043971814109 0.0 0.0 0.0 0.0 4.8073549220576 0.0 0.0 0.0 0.0 1.58496250072116 0.0 0.0 
0.0 0.0 0.0 0.0 0.0 0.0 0.0 0.0 0.0 0.0 0.0 0.0 0.0 0.0 0.0 0.0 0.0 0.0 0.0 0.0 0.0 0.0 0.0 0.0 0.0 0.0 0.0 0.0 0.0 0.0 0.0 0.0 0.0 0.0 0.0 0.0 0.0 0.0 0.0 0.0 0.0 0.0 0.0 
3.4594316186373 0.0 0.0 0.0 0.0 0.0 0.0 0.0 0.0 0.0 0.0 0.0 0.0 0.0 0.0 0.0 0.0 0.0 0.0 0.0 0.0 2.58496250072116 4.52356195605701 0.0 0.0 0.0 0.0 0.0 0.0 0.0 0.0 0.0 0.0 0.0 0.0 0.0 0.0 0.0 0.0 0.0 0.0 0.0 0.0 
0.0 0.0 0.0 0.0 0.0 0.0 0.0 0.0 0.0 0.0 0.0 0.0 0.0 0.0 0.0 0.0 0.0 0.0 0.0 0.0 0.0 0.0 1.0 0.0 0.0 0.0 0.0 0.0 0.0 0.0 0.0 0.0 0.0 0.0 0.0 0.0 0.0 0.0 0.0 0.0 0.0 0.0 0.0 
0.0 0.0 0.0 0.0 0.0 0.0 0.0 0.0 0.0 0.0 0.0 0.0 0.0 0.0 0.0 0.0 0.0 0.0 0.0 0.0 0.0 0.0 0.0 0.0 0.0 0.0 0.0 0.0 0.0 0.0 0.0 0.0 0.0 0.0 0.0 0.0 0.0 0.0 0.0 0.0 0.0 0.0 0.0 
0.0 0.0 0.0 0.0 0.0 0.0 0.0 0.0 0.0 0.0 0.0 0.0 0.0 0.0 0.0 0.0 0.0 0.0 0.0 0.0 0.0 0.0 0.0 0.0 0.0 0.0 0.0 0.0 0.0 0.0 0.0 0.0 1.0 0.0 0.0 0.0 0.0 0.0 0.0 0.0 0.0 0.0 0.0 
12.3888245380236 11.427312844135 11.2330204264745 13.079984707034 13.2134080408583 12.4650561678312 12.0993478104032 12.4491486453754 13.9062329675382 12.8579809951276 13.2705873404475 13.4621187980792 11.8618623400592 12.5502658068687 13.4465664090661 13.355213428116 13.5394011790281 13.7939080718143 10.5420645422834 13.6465587101545 13.3800551485449 12.1605017475557 12.0973737689902 13.079984707034 13.1085244567782 13.7224873710083 12.7858611057596 13.7974588859151 13.1584519045384 11.8008998999203 12.5715156504778 14.4961047793401 14.2338443314601 14.2535520626375 14.6474584264549 13.4887188456055 12.3578268822108 13.3445733225962 13.0282514281628 13.1484765821783 13.2548809870821 13.4712941706673 12.3370643386847 
0.0 0.0 0.0 0.0 0.0 0.0 0.0 0.0 0.0 0.0 0.0 0.0 0.0 0.0 0.0 0.0 0.0 0.0 0.0 0.0 0.0 0.0 0.0 0.0 0.0 0.0 0.0 0.0 0.0 0.0 0.0 0.0 0.0 0.0 0.0 0.0 2.32192809488736 0.0 0.0 0.0 0.0 0.0 0.0 
0.0 1.0 0.0 0.0 0.0 0.0 1.58496250072116 0.0 0.0 2.32192809488736 2.8073549220576 0.0 0.0 1.0 0.0 3.0 1.58496250072116 0.0 1.0 0.0 3.32192809488736 0.0 0.0 0.0 0.0 0.0 0.0 0.0 0.0 0.0 2.0 2.8073549220576 0.0 3.8073549220576 0.0 0.0 0.0 0.0 1.0 0.0 0.0 0.0 0.0 
0.0 0.0 0.0 2.8073549220576 0.0 0.0 0.0 0.0 2.58496250072116 0.0 0.0 0.0 0.0 2.0 0.0 2.8073549220576 0.0 0.0 0.0 2.8073549220576 3.0 0.0 0.0 0.0 0.0 0.0 1.58496250072116 0.0 0.0 0.0 0.0 0.0 0.0 0.0 3.8073549220576 2.0 0.0 0.0 1.58496250072116 0.0 0.0 0.0 0.0 
0.0 7.40087943628218 4.90689059560852 0.0 9.97154355395077 4.4594316186373 0.0 0.0 0.0 3.58496250072116 0.0 0.0 0.0 11.9414144709429 6.3037807481771 8.21431912080077 0.0 0.0 7.65821148275179 1.0 8.28540221886225 5.8073549220576 8.12412131182919 4.32192809488736 13.5535093043092 4.58496250072116 10.129283016945 0.0 1.58496250072116 1.0 10.4998458870832 2.58496250072116 0.0 2.0 0.0 0.0 0.0 0.0 2.0 6.4594316186373 0.0 1.58496250072116 5.20945336562895 
0.0 0.0 0.0 0.0 0.0 0.0 0.0 0.0 0.0 1.58496250072116 0.0 0.0 0.0 1.0 0.0 0.0 0.0 0.0 0.0 0.0 2.0 0.0 0.0 0.0 0.0 0.0 0.0 0.0 0.0 0.0 0.0 0.0 0.0 0.0 0.0 0.0 2.0 0.0 0.0 0.0 0.0 0.0 0.0 
0.0 0.0 0.0 0.0 0.0 0.0 0.0 0.0 0.0 0.0 0.0 0.0 0.0 0.0 0.0 0.0 0.0 0.0 0.0 0.0 0.0 0.0 0.0 0.0 0.0 0.0 0.0 0.0 0.0 0.0 0.0 0.0 0.0 0.0 0.0 0.0 0.0 0.0 0.0 0.0 0.0 0.0 0.0 
0.0 0.0 0.0 0.0 0.0 0.0 0.0 0.0 0.0 0.0 0.0 0.0 0.0 0.0 0.0 0.0 0.0 0.0 0.0 0.0 2.8073549220576 0.0 0.0 0.0 0.0 0.0 0.0 0.0 0.0 0.0 0.0 0.0 0.0 0.0 3.70043971814109 0.0 0.0 0.0 0.0 0.0 0.0 0.0 0.0 
0.0 0.0 0.0 0.0 0.0 0.0 0.0 0.0 0.0 0.0 0.0 0.0 0.0 0.0 0.0 0.0 0.0 0.0 0.0 0.0 0.0 0.0 0.0 0.0 0.0 0.0 0.0 0.0 0.0 0.0 0.0 0.0 0.0 0.0 0.0 0.0 0.0 0.0 0.0 0.0 0.0 0.0 0.0 
0.0 0.0 0.0 0.0 0.0 0.0 0.0 0.0 0.0 0.0 0.0 0.0 0.0 0.0 0.0 0.0 0.0 0.0 0.0 0.0 0.0 0.0 0.0 0.0 0.0 0.0 0.0 0.0 0.0 0.0 0.0 0.0 0.0 0.0 0.0 0.0 0.0 0.0 0.0 0.0 0.0 0.0 0.0 
0.0 0.0 0.0 0.0 0.0 0.0 0.0 0.0 0.0 0.0 0.0 0.0 0.0 0.0 0.0 0.0 0.0 0.0 0.0 0.0 0.0 0.0 0.0 0.0 0.0 0.0 0.0 0.0 0.0 2.32192809488736 0.0 0.0 0.0 0.0 0.0 0.0 1.58496250072116 0.0 0.0 1.58496250072116 0.0 0.0 0.0 
0.0 0.0 1.0 0.0 0.0 0.0 0.0 0.0 0.0 0.0 0.0 0.0 0.0 0.0 0.0 0.0 0.0 0.0 0.0 0.0 0.0 0.0 0.0 0.0 0.0 0.0 0.0 0.0 0.0 0.0 0.0 0.0 0.0 0.0 0.0 0.0 0.0 0.0 0.0 0.0 0.0 0.0 0.0 
0.0 0.0 0.0 0.0 1.0 1.58496250072116 0.0 0.0 0.0 0.0 1.0 1.0 0.0 0.0 1.0 0.0 0.0 0.0 0.0 3.32192809488736 1.58496250072116 0.0 0.0 0.0 0.0 1.58496250072116 0.0 0.0 0.0 0.0 2.0 0.0 0.0 0.0 0.0 0.0 0.0 0.0 0.0 1.58496250072116 0.0 0.0 0.0 
0.0 0.0 0.0 0.0 0.0 0.0 0.0 0.0 0.0 0.0 0.0 0.0 0.0 0.0 0.0 0.0 0.0 0.0 0.0 0.0 0.0 0.0 0.0 0.0 0.0 0.0 0.0 0.0 0.0 0.0 0.0 0.0 0.0 0.0 0.0 0.0 0.0 0.0 0.0 0.0 0.0 0.0 0.0 
3.32192809488736 1.58496250072116 5.39231742277876 4.08746284125034 6.64385618977472 1.0 0.0 4.58496250072116 4.32192809488736 3.58496250072116 5.52356195605701 0.0 5.55458885167764 6.6724253419715 7.61470984411521 7.38370429247405 1.0 5.85798099512757 1.0 11.631177055704 5.7279204545632 3.90689059560852 3.0 2.32192809488736 5.24792751344359 6.70043971814109 5.32192809488736 3.70043971814109 6.4594316186373 5.24792751344359 5.12928301694497 1.58496250072116 4.39231742277876 9.11113567023471 7.29462074889163 4.32192809488736 6.84549005094437 7.61470984411521 6.89481776330794 9.86418614465428 3.4594316186373 2.8073549220576 5.35755200461808 
1.58496250072116 0.0 0.0 0.0 1.0 0.0 0.0 3.0 0.0 0.0 2.58496250072116 0.0 0.0 0.0 0.0 0.0 1.58496250072116 0.0 0.0 1.0 5.04439411935845 0.0 1.0 1.0 0.0 2.0 0.0 0.0 1.0 2.32192809488736 2.32192809488736 1.0 0.0 4.58496250072116 4.75488750216347 2.0 1.0 1.0 3.32192809488736 0.0 0.0 2.32192809488736 0.0 
0.0 0.0 0.0 0.0 0.0 0.0 0.0 0.0 0.0 0.0 0.0 0.0 0.0 0.0 0.0 0.0 0.0 0.0 0.0 0.0 0.0 0.0 0.0 0.0 0.0 0.0 0.0 0.0 0.0 0.0 0.0 0.0 0.0 0.0 0.0 0.0 0.0 0.0 0.0 0.0 0.0 0.0 0.0 
0.0 0.0 0.0 0.0 0.0 0.0 0.0 0.0 0.0 0.0 1.0 0.0 0.0 0.0 0.0 0.0 0.0 0.0 0.0 0.0 1.0 0.0 0.0 0.0 0.0 0.0 0.0 0.0 0.0 0.0 0.0 0.0 0.0 0.0 0.0 0.0 0.0 0.0 0.0 0.0 0.0 0.0 0.0 
0.0 0.0 0.0 0.0 0.0 0.0 0.0 0.0 0.0 0.0 0.0 1.0 0.0 0.0 0.0 0.0 0.0 0.0 0.0 0.0 0.0 0.0 0.0 0.0 0.0 0.0 0.0 0.0 0.0 0.0 0.0 0.0 0.0 0.0 0.0 0.0 0.0 0.0 0.0 0.0 0.0 0.0 0.0 
0.0 0.0 0.0 0.0 0.0 0.0 0.0 0.0 0.0 0.0 0.0 0.0 0.0 0.0 0.0 0.0 0.0 0.0 0.0 0.0 0.0 0.0 0.0 0.0 0.0 0.0 0.0 0.0 0.0 0.0 0.0 0.0 0.0 0.0 0.0 0.0 0.0 0.0 0.0 0.0 0.0 0.0 0.0 
0.0 0.0 0.0 0.0 0.0 0.0 0.0 0.0 0.0 0.0 0.0 0.0 0.0 0.0 0.0 0.0 0.0 0.0 0.0 2.32192809488736 0.0 0.0 0.0 0.0 0.0 0.0 0.0 0.0 0.0 0.0 0.0 0.0 0.0 0.0 0.0 0.0 0.0 0.0 0.0 0.0 0.0 0.0 0.0 
0.0 0.0 0.0 0.0 0.0 0.0 0.0 0.0 0.0 0.0 0.0 0.0 0.0 0.0 0.0 0.0 0.0 0.0 0.0 0.0 0.0 0.0 0.0 0.0 0.0 0.0 0.0 0.0 0.0 0.0 0.0 0.0 0.0 0.0 0.0 0.0 0.0 0.0 0.0 0.0 0.0 0.0 0.0 
0.0 0.0 0.0 0.0 0.0 0.0 0.0 0.0 0.0 0.0 0.0 0.0 0.0 0.0 0.0 0.0 0.0 0.0 0.0 0.0 0.0 0.0 0.0 0.0 0.0 0.0 0.0 0.0 0.0 0.0 0.0 0.0 0.0 0.0 0.0 0.0 0.0 0.0 0.0 0.0 0.0 0.0 0.0 
3.58496250072116 1.58496250072116 7.38370429247405 2.8073549220576 4.95419631038687 4.16992500144231 2.58496250072116 4.0 3.8073549220576 3.90689059560852 2.0 3.58496250072116 7.8703647195834 2.8073549220576 3.0 4.39231742277876 5.20945336562895 6.4093909361377 2.0 1.58496250072116 4.39231742277876 5.7279204545632 5.04439411935845 5.70043971814109 2.8073549220576 0.0 5.97727992349992 1.0 2.32192809488736 9.63299519714296 4.52356195605701 5.88264304936184 1.0 1.58496250072116 1.58496250072116 7.37503943134692 7.53138146051631 3.4594316186373 6.61470984411521 6.98868468677217 3.4594316186373 4.39231742277876 5.4262647547021 
0.0 0.0 0.0 0.0 0.0 0.0 0.0 0.0 0.0 0.0 0.0 0.0 0.0 0.0 0.0 0.0 0.0 0.0 0.0 0.0 0.0 0.0 0.0 0.0 0.0 0.0 0.0 0.0 0.0 0.0 0.0 1.0 0.0 0.0 0.0 0.0 0.0 0.0 0.0 0.0 0.0 0.0 0.0 
0.0 0.0 0.0 0.0 1.58496250072116 0.0 0.0 0.0 0.0 0.0 0.0 0.0 0.0 0.0 0.0 0.0 0.0 0.0 0.0 2.58496250072116 0.0 0.0 2.8073549220576 0.0 0.0 0.0 0.0 0.0 0.0 2.0 0.0 0.0 0.0 0.0 0.0 0.0 0.0 0.0 0.0 0.0 0.0 0.0 0.0 
0.0 0.0 0.0 0.0 0.0 0.0 0.0 0.0 0.0 0.0 0.0 0.0 0.0 0.0 1.0 0.0 0.0 0.0 0.0 0.0 0.0 0.0 0.0 0.0 0.0 0.0 0.0 0.0 0.0 0.0 0.0 0.0 0.0 0.0 0.0 0.0 0.0 0.0 0.0 0.0 0.0 0.0 0.0 
0.0 0.0 0.0 0.0 0.0 3.0 1.58496250072116 0.0 0.0 0.0 0.0 0.0 2.0 0.0 0.0 0.0 1.58496250072116 0.0 0.0 0.0 1.58496250072116 1.0 3.4594316186373 0.0 0.0 0.0 0.0 0.0 2.58496250072116 0.0 0.0 2.8073549220576 3.0 1.58496250072116 0.0 0.0 1.58496250072116 0.0 1.0 1.0 1.0 0.0 0.0 
0.0 0.0 0.0 0.0 0.0 0.0 0.0 0.0 0.0 0.0 0.0 0.0 0.0 3.0 0.0 0.0 0.0 0.0 0.0 0.0 0.0 0.0 0.0 0.0 0.0 0.0 0.0 0.0 0.0 0.0 0.0 0.0 0.0 0.0 0.0 0.0 0.0 0.0 0.0 0.0 0.0 0.0 0.0 
0.0 0.0 0.0 0.0 0.0 0.0 0.0 0.0 0.0 0.0 0.0 0.0 0.0 0.0 0.0 0.0 0.0 0.0 0.0 0.0 0.0 2.32192809488736 0.0 0.0 0.0 0.0 0.0 0.0 0.0 0.0 0.0 0.0 0.0 0.0 0.0 0.0 2.58496250072116 0.0 0.0 0.0 0.0 0.0 0.0 
0.0 0.0 2.58496250072116 0.0 0.0 0.0 0.0 2.8073549220576 0.0 0.0 0.0 0.0 1.0 0.0 0.0 0.0 0.0 0.0 0.0 0.0 2.8073549220576 0.0 0.0 0.0 2.0 1.58496250072116 0.0 0.0 0.0 1.0 0.0 0.0 0.0 0.0 0.0 0.0 0.0 1.0 0.0 0.0 0.0 0.0 0.0 
0.0 0.0 2.8073549220576 0.0 0.0 0.0 0.0 0.0 0.0 3.32192809488736 0.0 1.58496250072116 0.0 0.0 0.0 0.0 3.16992500144231 0.0 0.0 1.58496250072116 2.8073549220576 0.0 0.0 0.0 0.0 0.0 2.32192809488736 0.0 0.0 0.0 1.58496250072116 0.0 0.0 0.0 0.0 1.0 0.0 0.0 0.0 0.0 0.0 0.0 0.0 
0.0 0.0 0.0 0.0 0.0 0.0 0.0 0.0 0.0 0.0 0.0 0.0 0.0 0.0 0.0 0.0 0.0 0.0 0.0 0.0 0.0 0.0 0.0 0.0 0.0 0.0 0.0 0.0 0.0 0.0 0.0 0.0 0.0 0.0 0.0 0.0 0.0 0.0 0.0 0.0 0.0 0.0 0.0 
0.0 0.0 0.0 0.0 0.0 0.0 0.0 0.0 0.0 0.0 0.0 0.0 0.0 0.0 0.0 0.0 0.0 0.0 0.0 0.0 0.0 0.0 0.0 0.0 0.0 0.0 0.0 0.0 0.0 0.0 0.0 0.0 0.0 0.0 0.0 0.0 0.0 0.0 0.0 0.0 0.0 0.0 0.0 
0.0 0.0 0.0 0.0 2.0 1.58496250072116 0.0 0.0 0.0 0.0 0.0 0.0 4.64385618977472 0.0 1.0 2.8073549220576 0.0 1.0 0.0 0.0 2.32192809488736 1.0 0.0 1.0 0.0 0.0 0.0 0.0 1.0 3.8073549220576 1.58496250072116 0.0 0.0 0.0 0.0 0.0 3.8073549220576 0.0 3.16992500144231 2.58496250072116 0.0 3.32192809488736 3.32192809488736 
0.0 0.0 0.0 0.0 0.0 0.0 0.0 0.0 0.0 0.0 0.0 0.0 0.0 3.0 0.0 0.0 0.0 0.0 0.0 0.0 2.58496250072116 0.0 0.0 0.0 0.0 0.0 0.0 0.0 0.0 0.0 0.0 0.0 0.0 0.0 2.0 0.0 0.0 0.0 0.0 0.0 0.0 0.0 0.0 
3.8073549220576 4.58496250072116 5.6724253419715 5.0 7.92481250360578 4.24792751344359 4.08746284125034 6.83289001416474 3.0 5.83289001416474 2.8073549220576 3.8073549220576 7.82654848729092 2.32192809488736 6.20945336562895 5.85798099512757 6.32192809488736 5.78135971352466 4.39231742277876 4.24792751344359 2.58496250072116 6.4594316186373 6.95419631038687 4.16992500144231 5.6724253419715 5.24792751344359 7.92481250360578 3.8073549220576 3.58496250072116 8.61102479730735 8.26209484537018 5.70043971814109 6.10852445677817 7.27612440527424 3.8073549220576 6.53915881110803 7.21916852046216 0.0 8.76818432477693 8.7714894695006 6.33985000288462 3.58496250072116 4.90689059560852 
1.0 0.0 2.58496250072116 1.0 1.0 1.0 0.0 0.0 4.75488750216347 0.0 2.0 0.0 0.0 0.0 0.0 1.0 0.0 0.0 0.0 0.0 0.0 0.0 0.0 0.0 1.0 0.0 0.0 0.0 0.0 0.0 0.0 0.0 0.0 0.0 0.0 0.0 0.0 1.0 0.0 1.58496250072116 1.0 0.0 0.0 
0.0 0.0 0.0 0.0 0.0 0.0 3.90689059560852 0.0 0.0 2.8073549220576 0.0 0.0 2.0 0.0 0.0 2.0 0.0 0.0 1.0 0.0 2.8073549220576 1.0 0.0 0.0 0.0 2.32192809488736 0.0 2.32192809488736 0.0 2.58496250072116 0.0 1.58496250072116 0.0 0.0 2.58496250072116 0.0 0.0 0.0 3.58496250072116 2.8073549220576 0.0 0.0 0.0 
0.0 0.0 0.0 0.0 0.0 0.0 0.0 0.0 0.0 0.0 0.0 0.0 0.0 0.0 0.0 0.0 0.0 0.0 0.0 0.0 0.0 0.0 0.0 0.0 0.0 0.0 0.0 0.0 0.0 0.0 0.0 0.0 0.0 0.0 0.0 0.0 0.0 0.0 0.0 0.0 0.0 0.0 0.0 
0.0 0.0 0.0 0.0 0.0 3.8073549220576 1.58496250072116 0.0 0.0 0.0 0.0 0.0 0.0 3.0 0.0 0.0 1.58496250072116 0.0 0.0 2.32192809488736 0.0 0.0 1.58496250072116 1.0 0.0 0.0 0.0 0.0 0.0 1.0 0.0 2.8073549220576 3.8073549220576 0.0 0.0 1.58496250072116 3.8073549220576 0.0 0.0 0.0 0.0 0.0 0.0 
0.0 0.0 0.0 0.0 0.0 0.0 0.0 0.0 0.0 0.0 0.0 0.0 0.0 0.0 0.0 0.0 0.0 0.0 0.0 0.0 0.0 0.0 0.0 0.0 0.0 0.0 0.0 0.0 0.0 0.0 1.58496250072116 0.0 0.0 0.0 0.0 0.0 0.0 0.0 0.0 0.0 0.0 0.0 0.0 
0.0 0.0 0.0 0.0 0.0 0.0 0.0 0.0 0.0 0.0 0.0 0.0 0.0 0.0 0.0 0.0 0.0 0.0 0.0 0.0 0.0 0.0 0.0 0.0 0.0 0.0 0.0 0.0 0.0 0.0 0.0 0.0 0.0 0.0 0.0 0.0 0.0 0.0 0.0 0.0 0.0 0.0 0.0 
0.0 1.0 4.16992500144231 0.0 0.0 3.70043971814109 3.70043971814109 0.0 3.4594316186373 0.0 2.58496250072116 1.0 6.7279204545632 0.0 3.0 0.0 0.0 0.0 0.0 0.0 3.8073549220576 5.90689059560852 0.0 4.4594316186373 2.58496250072116 0.0 0.0 3.58496250072116 0.0 7.08746284125034 4.64385618977472 4.39231742277876 3.0 4.0 0.0 2.8073549220576 4.0 0.0 5.83289001416474 4.70043971814109 0.0 1.0 4.08746284125034 
0.0 0.0 0.0 0.0 0.0 0.0 0.0 1.0 0.0 0.0 0.0 0.0 0.0 0.0 0.0 0.0 0.0 0.0 0.0 0.0 0.0 0.0 0.0 0.0 0.0 0.0 0.0 0.0 0.0 0.0 0.0 1.0 0.0 0.0 0.0 0.0 0.0 0.0 0.0 0.0 0.0 0.0 0.0 
0.0 0.0 1.58496250072116 0.0 0.0 0.0 0.0 0.0 0.0 0.0 0.0 0.0 0.0 0.0 0.0 0.0 0.0 0.0 0.0 0.0 0.0 0.0 0.0 0.0 0.0 0.0 0.0 0.0 0.0 0.0 0.0 0.0 0.0 0.0 0.0 0.0 0.0 0.0 0.0 0.0 0.0 0.0 0.0 
2.0 0.0 3.16992500144231 0.0 2.32192809488736 4.58496250072116 0.0 2.58496250072116 1.0 0.0 0.0 0.0 5.52356195605701 0.0 0.0 2.8073549220576 0.0 1.0 1.58496250072116 0.0 1.0 0.0 2.0 3.16992500144231 2.32192809488736 0.0 3.0 0.0 0.0 6.18982455888002 0.0 0.0 0.0 0.0 0.0 0.0 4.16992500144231 0.0 0.0 3.8073549220576 0.0 4.70043971814109 6.28540221886225 
5.4594316186373 0.0 0.0 0.0 0.0 0.0 0.0 0.0 0.0 0.0 0.0 0.0 0.0 0.0 0.0 0.0 0.0 0.0 1.0 2.0 0.0 0.0 0.0 0.0 0.0 0.0 0.0 2.0 0.0 0.0 0.0 2.0 0.0 0.0 0.0 0.0 2.0 0.0 0.0 0.0 0.0 0.0 0.0 
0.0 0.0 0.0 0.0 1.58496250072116 0.0 0.0 3.4594316186373 0.0 0.0 0.0 0.0 1.58496250072116 2.0 0.0 0.0 0.0 0.0 1.0 0.0 0.0 1.0 0.0 1.0 1.58496250072116 0.0 0.0 0.0 0.0 3.90689059560852 0.0 0.0 4.24792751344359 0.0 0.0 0.0 1.58496250072116 2.0 2.32192809488736 4.4594316186373 0.0 4.08746284125034 6.10852445677817 
0.0 0.0 0.0 0.0 0.0 0.0 0.0 0.0 0.0 0.0 0.0 0.0 0.0 0.0 0.0 0.0 0.0 0.0 0.0 0.0 0.0 0.0 0.0 0.0 0.0 0.0 0.0 0.0 0.0 0.0 0.0 0.0 0.0 0.0 0.0 0.0 0.0 0.0 0.0 0.0 0.0 0.0 0.0 
0.0 0.0 2.0 0.0 0.0 1.0 0.0 3.16992500144231 0.0 2.0 0.0 0.0 2.32192809488736 0.0 0.0 0.0 0.0 0.0 0.0 0.0 0.0 2.58496250072116 0.0 3.4594316186373 0.0 0.0 3.0 2.8073549220576 2.32192809488736 3.0 0.0 0.0 4.58496250072116 0.0 5.7279204545632 0.0 0.0 0.0 1.0 4.0 1.58496250072116 2.8073549220576 4.32192809488736 
0.0 0.0 0.0 2.32192809488736 0.0 0.0 0.0 0.0 0.0 1.0 0.0 3.32192809488736 0.0 0.0 0.0 0.0 0.0 0.0 0.0 0.0 0.0 0.0 0.0 0.0 3.0 0.0 0.0 0.0 0.0 0.0 0.0 3.4594316186373 0.0 0.0 3.4594316186373 0.0 0.0 0.0 0.0 0.0 0.0 0.0 0.0 
0.0 0.0 0.0 0.0 0.0 0.0 0.0 0.0 0.0 0.0 0.0 0.0 0.0 0.0 0.0 3.16992500144231 0.0 0.0 0.0 0.0 0.0 0.0 0.0 0.0 0.0 0.0 0.0 0.0 0.0 0.0 0.0 0.0 0.0 0.0 0.0 0.0 0.0 0.0 0.0 0.0 0.0 0.0 0.0 
0.0 0.0 0.0 0.0 2.0 2.32192809488736 0.0 0.0 0.0 2.0 0.0 1.0 0.0 0.0 0.0 0.0 0.0 0.0 0.0 5.58496250072116 0.0 0.0 0.0 0.0 0.0 0.0 2.0 4.0 3.32192809488736 2.32192809488736 2.32192809488736 0.0 0.0 0.0 0.0 0.0 0.0 0.0 0.0 1.0 0.0 3.16992500144231 0.0 
2.32192809488736 1.0 4.75488750216347 1.0 2.0 1.0 2.32192809488736 0.0 0.0 0.0 0.0 2.0 5.12928301694497 0.0 0.0 0.0 1.0 0.0 0.0 0.0 0.0 2.8073549220576 1.0 0.0 0.0 0.0 2.32192809488736 0.0 0.0 3.16992500144231 2.32192809488736 1.0 0.0 2.0 0.0 0.0 0.0 0.0 0.0 1.0 0.0 2.8073549220576 0.0 
0.0 0.0 0.0 0.0 0.0 0.0 0.0 0.0 0.0 0.0 0.0 0.0 4.16992500144231 3.58496250072116 0.0 0.0 0.0 0.0 0.0 0.0 0.0 0.0 0.0 3.0 0.0 0.0 0.0 0.0 0.0 0.0 0.0 0.0 0.0 0.0 0.0 0.0 0.0 0.0 0.0 0.0 0.0 0.0 0.0 
0.0 0.0 0.0 0.0 0.0 0.0 0.0 0.0 0.0 0.0 0.0 0.0 0.0 0.0 0.0 0.0 0.0 0.0 0.0 0.0 0.0 0.0 0.0 0.0 0.0 0.0 0.0 0.0 0.0 0.0 0.0 0.0 0.0 0.0 0.0 0.0 0.0 0.0 0.0 0.0 0.0 0.0 0.0 
0.0 0.0 1.58496250072116 0.0 1.0 1.58496250072116 0.0 1.58496250072116 0.0 0.0 0.0 2.32192809488736 3.90689059560852 2.32192809488736 0.0 0.0 4.08746284125034 4.39231742277876 0.0 0.0 2.32192809488736 1.0 2.32192809488736 3.4594316186373 1.58496250072116 0.0 0.0 0.0 0.0 6.10852445677817 1.0 3.8073549220576 0.0 3.70043971814109 0.0 4.24792751344359 4.58496250072116 2.58496250072116 5.90689059560852 2.32192809488736 0.0 0.0 3.32192809488736 
0.0 0.0 0.0 0.0 0.0 0.0 0.0 0.0 0.0 0.0 0.0 0.0 0.0 0.0 0.0 0.0 0.0 0.0 0.0 0.0 0.0 0.0 0.0 0.0 0.0 0.0 0.0 0.0 0.0 0.0 0.0 0.0 0.0 0.0 0.0 0.0 0.0 0.0 0.0 0.0 0.0 0.0 0.0 
0.0 0.0 1.0 0.0 0.0 0.0 0.0 0.0 0.0 1.58496250072116 0.0 0.0 0.0 0.0 1.58496250072116 0.0 0.0 0.0 0.0 1.0 0.0 1.58496250072116 0.0 0.0 0.0 1.58496250072116 0.0 0.0 0.0 0.0 1.0 1.0 0.0 1.58496250072116 1.0 0.0 0.0 0.0 2.0 2.58496250072116 0.0 0.0 0.0 
1.0 0.0 3.0 0.0 1.0 0.0 0.0 2.0 1.58496250072116 0.0 2.0 0.0 0.0 1.58496250072116 0.0 0.0 9.35314682549808 1.58496250072116 0.0 3.32192809488736 3.4594316186373 0.0 0.0 2.32192809488736 1.0 4.16992500144231 0.0 0.0 0.0 2.8073549220576 3.16992500144231 0.0 3.32192809488736 5.24792751344359 0.0 0.0 0.0 0.0 0.0 0.0 0.0 0.0 1.0 
1.58496250072116 0.0 0.0 0.0 0.0 0.0 0.0 0.0 2.0 0.0 0.0 0.0 4.32192809488736 0.0 2.32192809488736 0.0 5.04439411935845 2.8073549220576 0.0 0.0 0.0 0.0 4.58496250072116 1.0 5.04439411935845 0.0 0.0 0.0 3.32192809488736 0.0 2.58496250072116 0.0 0.0 1.0 0.0 7.14974711950468 2.58496250072116 3.0 1.58496250072116 5.08746284125034 0.0 0.0 0.0 
6.4757334309664 5.58496250072116 7.53915881110803 6.70043971814109 5.16992500144231 8.43045255166553 3.4594316186373 6.96578428466209 8.23840473932508 5.70043971814109 4.08746284125034 7.84549005094437 8.26209484537018 4.58496250072116 7.51569983828404 6.39231742277876 7.36632221424582 6.35755200461808 3.0 6.4594316186373 5.0 8.43879185257826 9.40726776424473 7.38370429247405 7.95419631038687 4.85798099512757 6.85798099512757 5.83289001416474 5.8073549220576 10.7992816215219 9.87958324961278 7.67948009950545 7.91288933622996 7.38370429247405 6.68650052718322 10.103287808412 6.71424551766612 5.75488750216347 8.33539035469392 10.2070143201775 6.98868468677217 6.5077946401987 8.35755200461808 
3.70043971814109 1.0 5.04439411935845 4.24792751344359 3.4594316186373 5.55458885167764 1.58496250072116 4.70043971814109 4.90689059560852 3.0 3.16992500144231 4.0 5.52356195605701 3.4594316186373 4.08746284125034 4.16992500144231 4.64385618977472 4.64385618977472 2.8073549220576 4.39231742277876 3.8073549220576 6.3037807481771 5.04439411935845 6.08746284125034 4.58496250072116 1.0 6.3037807481771 3.0 4.08746284125034 7.21916852046216 5.75488750216347 5.0 6.71424551766612 3.0 4.85798099512757 4.52356195605701 5.16992500144231 0.0 4.58496250072116 7.53915881110803 3.90689059560852 6.84549005094437 5.78135971352466 
0.0 0.0 0.0 0.0 0.0 0.0 0.0 0.0 0.0 0.0 0.0 0.0 0.0 0.0 0.0 0.0 0.0 0.0 0.0 0.0 0.0 0.0 0.0 0.0 0.0 0.0 0.0 0.0 0.0 0.0 0.0 0.0 0.0 0.0 0.0 0.0 0.0 0.0 0.0 0.0 0.0 0.0 0.0 
0.0 0.0 5.20945336562895 6.44294349584873 3.8073549220576 0.0 8.57364718749332 2.58496250072116 0.0 8.69348695749932 0.0 0.0 2.0 5.6724253419715 0.0 2.8073549220576 4.32192809488736 0.0 0.0 2.0 0.0 0.0 4.95419631038687 3.58496250072116 5.08746284125034 2.0 0.0 0.0 3.58496250072116 0.0 0.0 0.0 2.32192809488736 4.08746284125034 0.0 0.0 3.58496250072116 0.0 1.0 2.32192809488736 0.0 3.58496250072116 0.0 
0.0 0.0 0.0 0.0 0.0 0.0 0.0 0.0 0.0 0.0 0.0 0.0 0.0 0.0 0.0 0.0 0.0 0.0 0.0 0.0 0.0 0.0 0.0 0.0 0.0 0.0 0.0 0.0 0.0 0.0 0.0 0.0 0.0 0.0 0.0 0.0 0.0 0.0 0.0 0.0 0.0 0.0 0.0 
0.0 0.0 1.0 1.0 0.0 1.0 0.0 0.0 0.0 0.0 0.0 0.0 1.0 0.0 0.0 0.0 0.0 0.0 0.0 0.0 2.58496250072116 0.0 1.0 2.0 0.0 0.0 0.0 0.0 0.0 1.58496250072116 0.0 0.0 2.0 0.0 2.32192809488736 0.0 0.0 1.0 0.0 0.0 1.0 0.0 0.0 
0.0 0.0 0.0 0.0 0.0 0.0 0.0 0.0 0.0 0.0 0.0 0.0 0.0 0.0 0.0 0.0 0.0 0.0 0.0 0.0 0.0 0.0 0.0 0.0 0.0 0.0 0.0 0.0 0.0 0.0 0.0 0.0 0.0 0.0 0.0 0.0 0.0 0.0 0.0 0.0 0.0 0.0 0.0 
0.0 0.0 0.0 0.0 0.0 0.0 0.0 0.0 0.0 0.0 0.0 0.0 0.0 0.0 0.0 0.0 0.0 0.0 0.0 0.0 0.0 0.0 0.0 3.70043971814109 0.0 0.0 0.0 3.90689059560852 0.0 0.0 3.8073549220576 0.0 0.0 0.0 0.0 0.0 0.0 0.0 0.0 0.0 0.0 0.0 0.0 
0.0 0.0 0.0 0.0 0.0 0.0 0.0 0.0 0.0 0.0 0.0 0.0 2.58496250072116 0.0 0.0 0.0 2.32192809488736 0.0 0.0 0.0 0.0 0.0 0.0 0.0 0.0 0.0 0.0 0.0 0.0 0.0 0.0 0.0 0.0 0.0 0.0 3.0 0.0 1.0 1.0 2.0 0.0 0.0 0.0 
0.0 0.0 0.0 0.0 0.0 0.0 0.0 0.0 0.0 0.0 0.0 0.0 0.0 0.0 0.0 0.0 0.0 0.0 0.0 0.0 0.0 0.0 0.0 0.0 0.0 0.0 0.0 0.0 0.0 0.0 0.0 0.0 0.0 0.0 0.0 0.0 0.0 0.0 0.0 0.0 0.0 0.0 0.0 
0.0 0.0 6.24792751344359 0.0 2.8073549220576 1.0 1.0 1.0 2.32192809488736 1.58496250072116 1.58496250072116 2.8073549220576 7.4757334309664 5.16992500144231 1.0 2.58496250072116 0.0 1.58496250072116 0.0 0.0 2.0 0.0 2.0 3.4594316186373 0.0 3.0 3.0 3.16992500144231 0.0 3.0 2.58496250072116 3.0 0.0 4.85798099512757 4.85798099512757 3.0 2.58496250072116 1.0 0.0 0.0 1.0 4.64385618977472 2.0 
2.58496250072116 2.0 0.0 0.0 0.0 0.0 1.0 0.0 2.8073549220576 0.0 0.0 0.0 1.0 0.0 0.0 0.0 0.0 0.0 0.0 0.0 0.0 0.0 0.0 1.58496250072116 0.0 0.0 0.0 1.58496250072116 0.0 0.0 0.0 0.0 0.0 0.0 0.0 0.0 1.58496250072116 0.0 0.0 0.0 0.0 3.16992500144231 0.0 
0.0 0.0 2.58496250072116 0.0 0.0 0.0 0.0 0.0 0.0 0.0 0.0 0.0 0.0 0.0 0.0 0.0 0.0 0.0 0.0 0.0 0.0 0.0 0.0 0.0 0.0 0.0 0.0 0.0 0.0 0.0 0.0 0.0 0.0 0.0 0.0 0.0 0.0 0.0 0.0 1.0 0.0 0.0 0.0 
0.0 0.0 1.0 0.0 0.0 2.32192809488736 0.0 0.0 0.0 0.0 0.0 1.58496250072116 0.0 0.0 0.0 0.0 0.0 0.0 0.0 0.0 2.0 0.0 0.0 0.0 0.0 0.0 0.0 0.0 0.0 0.0 1.58496250072116 0.0 3.4594316186373 0.0 0.0 0.0 0.0 0.0 0.0 0.0 0.0 0.0 0.0 
0.0 0.0 0.0 0.0 0.0 0.0 0.0 0.0 0.0 0.0 0.0 0.0 0.0 0.0 0.0 0.0 0.0 0.0 0.0 0.0 0.0 0.0 0.0 0.0 0.0 0.0 0.0 0.0 0.0 0.0 0.0 0.0 0.0 0.0 0.0 0.0 0.0 0.0 0.0 0.0 0.0 0.0 0.0 
0.0 0.0 1.0 0.0 0.0 0.0 0.0 0.0 0.0 0.0 0.0 0.0 0.0 1.0 0.0 0.0 0.0 0.0 0.0 0.0 1.0 0.0 2.58496250072116 0.0 0.0 0.0 1.0 0.0 0.0 2.32192809488736 0.0 0.0 0.0 0.0 0.0 0.0 0.0 0.0 0.0 0.0 0.0 0.0 0.0 
3.16992500144231 1.58496250072116 0.0 0.0 1.0 0.0 3.32192809488736 1.0 0.0 0.0 0.0 2.0 2.8073549220576 0.0 0.0 0.0 2.0 0.0 0.0 0.0 5.28540221886225 0.0 1.58496250072116 2.32192809488736 0.0 3.8073549220576 2.0 0.0 0.0 0.0 1.58496250072116 0.0 3.0 0.0 0.0 3.16992500144231 3.58496250072116 0.0 1.0 3.16992500144231 0.0 0.0 0.0 
0.0 0.0 0.0 0.0 0.0 0.0 0.0 0.0 0.0 0.0 0.0 0.0 0.0 0.0 0.0 0.0 0.0 0.0 0.0 0.0 0.0 0.0 0.0 0.0 0.0 0.0 0.0 0.0 0.0 0.0 0.0 0.0 0.0 0.0 0.0 0.0 0.0 0.0 0.0 0.0 0.0 0.0 0.0 
0.0 0.0 0.0 0.0 0.0 0.0 0.0 0.0 0.0 0.0 0.0 0.0 0.0 1.0 1.0 0.0 0.0 0.0 0.0 0.0 0.0 0.0 0.0 0.0 0.0 0.0 0.0 0.0 0.0 0.0 0.0 0.0 0.0 0.0 0.0 0.0 0.0 0.0 0.0 0.0 1.0 0.0 0.0 
2.58496250072116 0.0 1.0 0.0 3.32192809488736 3.0 0.0 2.8073549220576 0.0 2.32192809488736 0.0 0.0 2.8073549220576 0.0 0.0 0.0 0.0 0.0 0.0 0.0 1.0 0.0 4.08746284125034 2.0 4.16992500144231 0.0 3.32192809488736 0.0 0.0 2.58496250072116 0.0 0.0 4.39231742277876 0.0 4.4594316186373 2.0 1.58496250072116 0.0 4.75488750216347 5.24792751344359 6.06608919045777 0.0 5.12928301694497 
0.0 0.0 0.0 0.0 0.0 0.0 0.0 0.0 0.0 0.0 0.0 0.0 0.0 0.0 0.0 0.0 0.0 0.0 0.0 0.0 0.0 0.0 0.0 0.0 0.0 0.0 0.0 0.0 0.0 0.0 0.0 0.0 0.0 0.0 0.0 0.0 0.0 0.0 0.0 0.0 0.0 0.0 0.0 
0.0 0.0 0.0 0.0 0.0 0.0 0.0 0.0 0.0 0.0 0.0 0.0 0.0 0.0 0.0 0.0 0.0 0.0 0.0 0.0 0.0 0.0 0.0 0.0 0.0 0.0 0.0 0.0 0.0 0.0 0.0 0.0 0.0 0.0 0.0 0.0 0.0 0.0 0.0 0.0 0.0 0.0 0.0 
4.52356195605701 1.58496250072116 3.90689059560852 2.32192809488736 5.08746284125034 5.4594316186373 4.64385618977472 2.8073549220576 1.58496250072116 4.52356195605701 4.64385618977472 1.58496250072116 4.90689059560852 3.0 7.94251450533924 3.0 0.0 0.0 0.0 6.84549005094437 3.16992500144231 5.04439411935845 3.4594316186373 0.0 1.58496250072116 4.32192809488736 0.0 0.0 4.64385618977472 5.20945336562895 5.08746284125034 3.58496250072116 3.58496250072116 6.6724253419715 4.64385618977472 1.0 3.70043971814109 0.0 4.75488750216347 5.90689059560852 0.0 0.0 3.8073549220576 
0.0 0.0 0.0 0.0 0.0 2.0 2.32192809488736 1.0 0.0 3.32192809488736 0.0 3.8073549220576 1.0 2.0 0.0 0.0 1.0 1.0 1.0 3.58496250072116 2.58496250072116 3.70043971814109 0.0 2.32192809488736 4.8073549220576 0.0 0.0 0.0 0.0 2.8073549220576 1.0 0.0 3.70043971814109 1.0 0.0 1.0 1.0 0.0 0.0 3.90689059560852 1.58496250072116 2.8073549220576 1.58496250072116 
0.0 0.0 0.0 0.0 0.0 0.0 0.0 0.0 0.0 0.0 0.0 0.0 0.0 0.0 0.0 0.0 0.0 0.0 0.0 1.58496250072116 0.0 0.0 0.0 0.0 0.0 3.58496250072116 0.0 0.0 0.0 2.0 0.0 5.20945336562895 0.0 0.0 0.0 0.0 0.0 0.0 0.0 0.0 0.0 0.0 0.0 
0.0 0.0 0.0 0.0 0.0 1.58496250072116 0.0 0.0 0.0 0.0 0.0 0.0 6.06608919045777 0.0 0.0 0.0 0.0 0.0 0.0 0.0 0.0 0.0 0.0 0.0 0.0 0.0 0.0 0.0 0.0 0.0 0.0 0.0 0.0 0.0 0.0 0.0 0.0 0.0 0.0 0.0 0.0 0.0 0.0 
0.0 0.0 0.0 0.0 0.0 1.0 2.8073549220576 1.0 0.0 0.0 0.0 0.0 2.0 0.0 0.0 0.0 1.58496250072116 0.0 0.0 2.32192809488736 0.0 0.0 1.0 3.58496250072116 0.0 1.58496250072116 0.0 0.0 3.8073549220576 0.0 0.0 0.0 0.0 0.0 0.0 0.0 0.0 1.0 0.0 1.0 0.0 0.0 0.0 
0.0 0.0 0.0 0.0 0.0 0.0 0.0 0.0 0.0 0.0 0.0 0.0 0.0 0.0 0.0 0.0 0.0 0.0 0.0 0.0 0.0 0.0 0.0 0.0 0.0 0.0 0.0 0.0 0.0 0.0 0.0 0.0 0.0 0.0 0.0 0.0 0.0 0.0 0.0 0.0 0.0 0.0 0.0 
0.0 0.0 0.0 0.0 0.0 0.0 0.0 0.0 0.0 0.0 0.0 0.0 0.0 0.0 0.0 0.0 0.0 0.0 0.0 0.0 0.0 0.0 0.0 0.0 0.0 0.0 0.0 0.0 0.0 0.0 0.0 0.0 0.0 0.0 0.0 0.0 0.0 0.0 0.0 0.0 0.0 0.0 0.0 
0.0 0.0 0.0 0.0 0.0 0.0 0.0 0.0 0.0 0.0 0.0 0.0 0.0 0.0 0.0 0.0 0.0 0.0 0.0 0.0 0.0 0.0 0.0 0.0 0.0 0.0 0.0 0.0 0.0 0.0 0.0 0.0 0.0 0.0 0.0 0.0 0.0 0.0 0.0 0.0 0.0 0.0 0.0 
0.0 0.0 0.0 0.0 0.0 0.0 0.0 0.0 0.0 0.0 0.0 0.0 0.0 0.0 0.0 0.0 0.0 0.0 0.0 0.0 0.0 0.0 0.0 0.0 0.0 0.0 0.0 0.0 0.0 0.0 0.0 0.0 0.0 0.0 0.0 0.0 0.0 0.0 0.0 0.0 0.0 0.0 0.0 
0.0 0.0 0.0 0.0 0.0 0.0 0.0 0.0 0.0 0.0 0.0 0.0 0.0 0.0 0.0 0.0 0.0 0.0 0.0 0.0 0.0 0.0 0.0 0.0 0.0 0.0 0.0 0.0 0.0 0.0 0.0 0.0 0.0 0.0 0.0 0.0 0.0 0.0 0.0 0.0 0.0 0.0 0.0 
0.0 0.0 0.0 0.0 0.0 0.0 0.0 0.0 0.0 0.0 0.0 0.0 0.0 0.0 0.0 0.0 0.0 0.0 0.0 0.0 0.0 0.0 0.0 0.0 0.0 0.0 0.0 0.0 0.0 0.0 0.0 0.0 0.0 0.0 0.0 0.0 0.0 0.0 0.0 0.0 0.0 0.0 0.0 
0.0 0.0 0.0 0.0 0.0 0.0 0.0 0.0 0.0 2.0 0.0 0.0 0.0 0.0 0.0 0.0 1.0 0.0 0.0 0.0 0.0 0.0 0.0 2.58496250072116 0.0 0.0 0.0 0.0 0.0 0.0 0.0 0.0 0.0 0.0 0.0 3.0 0.0 0.0 0.0 0.0 0.0 0.0 0.0 
0.0 0.0 0.0 0.0 0.0 0.0 0.0 0.0 0.0 0.0 0.0 0.0 0.0 0.0 0.0 0.0 0.0 2.0 0.0 0.0 0.0 0.0 0.0 0.0 0.0 0.0 0.0 0.0 0.0 0.0 0.0 0.0 0.0 0.0 0.0 0.0 0.0 0.0 0.0 0.0 0.0 0.0 0.0 
0.0 2.32192809488736 0.0 0.0 0.0 0.0 0.0 0.0 0.0 0.0 0.0 0.0 0.0 0.0 1.0 0.0 0.0 0.0 0.0 0.0 2.8073549220576 0.0 0.0 0.0 0.0 0.0 0.0 0.0 0.0 0.0 0.0 0.0 0.0 0.0 0.0 0.0 0.0 0.0 0.0 0.0 0.0 0.0 0.0 
0.0 0.0 0.0 0.0 0.0 0.0 0.0 0.0 0.0 0.0 0.0 0.0 0.0 0.0 0.0 0.0 0.0 0.0 0.0 0.0 0.0 0.0 0.0 0.0 0.0 0.0 0.0 0.0 0.0 0.0 0.0 0.0 0.0 0.0 0.0 0.0 0.0 0.0 0.0 0.0 0.0 0.0 0.0 
5.39231742277876 4.16992500144231 4.64385618977472 6.20945336562895 6.04439411935845 5.28540221886225 4.90689059560852 5.85798099512757 7.0 6.2667865406949 6.75488750216347 6.78135971352466 5.12928301694497 5.49185309632967 6.28540221886225 6.56985560833095 6.74146698640115 6.90689059560852 3.58496250072116 6.78135971352466 6.56985560833095 4.64385618977472 5.32192809488736 6.20945336562895 6.2667865406949 6.75488750216347 6.02236781302845 6.79441586635011 6.61470984411521 5.04439411935845 5.93073733756289 7.58496250072116 7.24792751344359 7.12928301694497 7.75488750216347 6.8703647195834 5.78135971352466 6.3037807481771 5.70043971814109 5.88264304936184 5.93073733756289 6.88264304936184 5.49185309632967 
1.58496250072116 0.0 1.0 0.0 1.58496250072116 1.58496250072116 1.58496250072116 1.0 1.58496250072116 1.0 1.58496250072116 3.4594316186373 1.0 2.0 0.0 0.0 0.0 1.0 0.0 2.0 2.58496250072116 2.58496250072116 3.0 1.0 0.0 1.58496250072116 1.58496250072116 1.0 0.0 2.32192809488736 1.0 0.0 1.0 0.0 0.0 1.0 1.0 2.0 1.0 2.0 1.58496250072116 2.58496250072116 0.0 
2.0 1.0 0.0 0.0 3.32192809488736 2.8073549220576 1.0 4.16992500144231 0.0 3.58496250072116 0.0 0.0 4.8073549220576 3.0 0.0 3.0 0.0 1.0 3.32192809488736 1.0 0.0 1.58496250072116 4.4594316186373 0.0 4.4594316186373 0.0 6.0 0.0 1.58496250072116 6.08746284125034 4.58496250072116 1.0 4.08746284125034 0.0 0.0 5.12928301694497 0.0 0.0 2.0 6.24792751344359 12.0566377151132 1.0 4.64385618977472 
0.0 0.0 0.0 0.0 0.0 0.0 0.0 0.0 0.0 0.0 0.0 0.0 0.0 0.0 0.0 0.0 0.0 0.0 0.0 0.0 0.0 0.0 0.0 0.0 0.0 0.0 0.0 0.0 0.0 0.0 0.0 0.0 0.0 0.0 0.0 0.0 0.0 0.0 0.0 0.0 0.0 0.0 0.0 
0.0 0.0 0.0 0.0 0.0 0.0 0.0 0.0 0.0 0.0 0.0 0.0 0.0 0.0 0.0 0.0 0.0 0.0 0.0 0.0 0.0 0.0 0.0 0.0 0.0 0.0 0.0 0.0 0.0 0.0 0.0 0.0 0.0 0.0 0.0 0.0 0.0 0.0 0.0 0.0 0.0 0.0 0.0 
0.0 0.0 0.0 0.0 0.0 0.0 0.0 0.0 0.0 0.0 0.0 0.0 0.0 0.0 0.0 0.0 0.0 1.0 0.0 0.0 0.0 0.0 0.0 0.0 0.0 0.0 0.0 0.0 0.0 0.0 0.0 0.0 0.0 0.0 0.0 0.0 0.0 0.0 0.0 0.0 0.0 0.0 0.0 
5.35755200461808 4.64385618977472 8.92481250360578 6.32192809488736 8.83920378809694 8.64024493622235 9.24317398347295 7.51569983828404 5.4594316186373 6.58496250072116 3.70043971814109 5.6724253419715 8.1548181090521 7.73470962022584 6.12928301694497 6.08746284125034 5.39231742277876 3.32192809488736 1.0 5.83289001416474 5.78135971352466 4.24792751344359 6.94251450533924 5.88264304936184 8.25738784269265 4.39231742277876 9.50977500432694 4.08746284125034 6.56985560833095 7.4757334309664 6.12928301694497 5.16992500144231 3.8073549220576 8.20945336562895 7.84549005094437 0.0 7.89481776330794 4.39231742277876 4.16992500144231 6.18982455888002 4.52356195605701 2.58496250072116 2.58496250072116 
0.0 0.0 0.0 0.0 0.0 3.8073549220576 1.0 0.0 0.0 0.0 0.0 0.0 2.8073549220576 0.0 0.0 0.0 0.0 0.0 0.0 0.0 0.0 0.0 0.0 2.8073549220576 1.0 0.0 0.0 0.0 0.0 1.58496250072116 2.32192809488736 0.0 0.0 0.0 0.0 0.0 0.0 0.0 1.58496250072116 1.58496250072116 0.0 3.4594316186373 0.0 
0.0 0.0 0.0 0.0 0.0 0.0 0.0 0.0 0.0 0.0 0.0 0.0 0.0 0.0 0.0 0.0 0.0 0.0 0.0 0.0 0.0 0.0 0.0 0.0 0.0 0.0 0.0 0.0 0.0 0.0 0.0 0.0 0.0 0.0 0.0 0.0 0.0 0.0 0.0 0.0 0.0 0.0 0.0 
0.0 0.0 0.0 0.0 0.0 0.0 0.0 0.0 0.0 0.0 0.0 0.0 0.0 0.0 0.0 0.0 0.0 0.0 0.0 0.0 0.0 0.0 0.0 0.0 0.0 0.0 0.0 0.0 0.0 0.0 0.0 0.0 0.0 0.0 0.0 0.0 0.0 0.0 0.0 0.0 0.0 0.0 0.0 
0.0 0.0 1.0 0.0 0.0 0.0 0.0 0.0 0.0 4.08746284125034 0.0 0.0 0.0 0.0 0.0 0.0 0.0 0.0 0.0 1.0 0.0 0.0 0.0 0.0 0.0 0.0 0.0 0.0 0.0 0.0 0.0 0.0 0.0 1.0 0.0 0.0 0.0 0.0 0.0 1.0 0.0 0.0 1.0 
0.0 0.0 1.0 0.0 0.0 0.0 0.0 0.0 0.0 0.0 0.0 0.0 3.16992500144231 0.0 0.0 0.0 0.0 0.0 0.0 0.0 0.0 0.0 0.0 0.0 0.0 0.0 0.0 0.0 0.0 0.0 0.0 0.0 0.0 0.0 0.0 0.0 0.0 0.0 0.0 0.0 0.0 0.0 0.0 
0.0 0.0 0.0 0.0 0.0 0.0 0.0 0.0 0.0 0.0 0.0 0.0 0.0 0.0 1.58496250072116 0.0 0.0 0.0 0.0 2.32192809488736 0.0 1.0 0.0 0.0 0.0 0.0 0.0 0.0 0.0 0.0 0.0 0.0 0.0 0.0 0.0 0.0 0.0 0.0 0.0 0.0 0.0 0.0 0.0 
2.32192809488736 1.58496250072116 2.0 2.0 3.70043971814109 5.8073549220576 3.58496250072116 1.0 4.4594316186373 0.0 3.58496250072116 3.90689059560852 0.0 2.32192809488736 3.0 2.32192809488736 6.5077946401987 3.32192809488736 1.0 2.32192809488736 3.58496250072116 2.32192809488736 2.32192809488736 2.0 3.0 3.58496250072116 2.8073549220576 3.90689059560852 3.58496250072116 2.58496250072116 2.0 4.58496250072116 4.16992500144231 5.24792751344359 2.32192809488736 3.16992500144231 7.11894107272351 3.4594316186373 3.70043971814109 3.4594316186373 0.0 3.16992500144231 1.58496250072116 
0.0 0.0 0.0 0.0 0.0 3.58496250072116 0.0 0.0 3.4594316186373 0.0 2.8073549220576 0.0 0.0 0.0 1.58496250072116 2.8073549220576 0.0 0.0 0.0 0.0 0.0 0.0 0.0 1.0 0.0 0.0 3.16992500144231 2.8073549220576 0.0 0.0 0.0 0.0 0.0 0.0 0.0 0.0 0.0 0.0 0.0 2.0 2.0 3.70043971814109 3.16992500144231 
4.64385618977472 4.8073549220576 5.75488750216347 4.39231742277876 4.58496250072116 5.39231742277876 4.8073549220576 8.55842071326866 7.6724253419715 5.4262647547021 4.16992500144231 5.58496250072116 8.20945336562895 4.8073549220576 5.04439411935845 5.61470984411521 6.44294349584873 5.8073549220576 4.32192809488736 3.90689059560852 4.16992500144231 7.4262647547021 7.18982455888002 5.7279204545632 7.13955135239879 2.32192809488736 4.52356195605701 2.8073549220576 4.24792751344359 8.78135971352466 6.79441586635011 6.58496250072116 4.58496250072116 6.37503943134692 5.08746284125034 8.33985000288462 6.7279204545632 4.52356195605701 9.53138146051631 9.16490692667569 11.0741414627525 2.8073549220576 7.22881869049588 
0.0 0.0 0.0 0.0 0.0 0.0 0.0 0.0 0.0 0.0 0.0 0.0 0.0 0.0 0.0 0.0 0.0 0.0 0.0 0.0 0.0 0.0 0.0 0.0 0.0 2.58496250072116 0.0 0.0 0.0 0.0 0.0 0.0 0.0 0.0 0.0 0.0 0.0 0.0 0.0 0.0 0.0 0.0 0.0 
0.0 0.0 4.32192809488736 2.58496250072116 2.58496250072116 1.58496250072116 2.58496250072116 5.08746284125034 2.0 2.32192809488736 1.58496250072116 2.58496250072116 3.4594316186373 1.0 3.90689059560852 2.0 6.4757334309664 0.0 0.0 5.16992500144231 0.0 0.0 0.0 0.0 2.0 5.04439411935845 0.0 0.0 2.0 1.0 4.64385618977472 0.0 1.0 4.32192809488736 2.8073549220576 3.0 0.0 0.0 4.52356195605701 7.25738784269265 2.8073549220576 1.0 0.0 
0.0 0.0 0.0 0.0 0.0 0.0 0.0 0.0 0.0 0.0 0.0 1.0 0.0 0.0 0.0 0.0 0.0 0.0 0.0 0.0 3.0 0.0 1.0 0.0 0.0 0.0 0.0 0.0 0.0 1.58496250072116 0.0 0.0 0.0 0.0 0.0 0.0 0.0 0.0 0.0 0.0 0.0 0.0 0.0 
0.0 0.0 0.0 0.0 0.0 1.58496250072116 0.0 0.0 0.0 0.0 0.0 1.0 0.0 0.0 0.0 0.0 0.0 0.0 0.0 0.0 0.0 0.0 0.0 0.0 0.0 0.0 0.0 0.0 0.0 0.0 0.0 0.0 0.0 1.0 0.0 0.0 0.0 0.0 0.0 0.0 0.0 0.0 0.0 
3.8073549220576 2.0 1.58496250072116 2.0 2.0 5.0 1.0 0.0 0.0 0.0 0.0 0.0 4.90689059560852 0.0 0.0 0.0 0.0 0.0 0.0 0.0 0.0 0.0 2.0 2.8073549220576 3.32192809488736 0.0 0.0 0.0 0.0 5.16992500144231 0.0 0.0 0.0 0.0 0.0 0.0 3.0 0.0 0.0 4.85798099512757 0.0 1.58496250072116 6.32192809488736 
0.0 0.0 0.0 0.0 0.0 0.0 0.0 0.0 0.0 0.0 0.0 0.0 0.0 0.0 0.0 0.0 0.0 0.0 0.0 0.0 0.0 0.0 0.0 0.0 0.0 0.0 0.0 0.0 0.0 0.0 0.0 0.0 0.0 0.0 0.0 0.0 0.0 0.0 0.0 1.0 0.0 0.0 0.0 
0.0 0.0 0.0 0.0 0.0 0.0 0.0 0.0 0.0 0.0 0.0 0.0 0.0 0.0 0.0 0.0 0.0 0.0 0.0 0.0 0.0 0.0 0.0 0.0 0.0 0.0 0.0 0.0 0.0 0.0 0.0 0.0 0.0 0.0 0.0 0.0 0.0 1.0 0.0 0.0 0.0 0.0 0.0 
0.0 0.0 0.0 0.0 0.0 0.0 0.0 0.0 0.0 0.0 0.0 0.0 0.0 0.0 0.0 0.0 0.0 0.0 0.0 0.0 0.0 0.0 0.0 1.0 0.0 0.0 0.0 2.32192809488736 0.0 0.0 0.0 0.0 0.0 0.0 0.0 0.0 0.0 0.0 0.0 0.0 0.0 0.0 0.0 
0.0 0.0 0.0 0.0 0.0 0.0 0.0 0.0 0.0 0.0 0.0 0.0 0.0 0.0 0.0 0.0 0.0 0.0 0.0 0.0 0.0 0.0 0.0 0.0 0.0 0.0 0.0 0.0 0.0 0.0 0.0 0.0 0.0 0.0 0.0 0.0 0.0 0.0 0.0 0.0 0.0 0.0 0.0 
0.0 0.0 0.0 0.0 0.0 0.0 0.0 0.0 0.0 0.0 0.0 0.0 0.0 1.0 0.0 0.0 0.0 0.0 0.0 0.0 0.0 0.0 0.0 0.0 0.0 0.0 0.0 0.0 0.0 0.0 0.0 0.0 0.0 0.0 0.0 0.0 0.0 0.0 0.0 0.0 0.0 0.0 0.0 
0.0 0.0 0.0 0.0 0.0 0.0 0.0 0.0 0.0 0.0 0.0 0.0 0.0 0.0 0.0 0.0 0.0 0.0 0.0 0.0 2.32192809488736 0.0 0.0 0.0 0.0 0.0 0.0 0.0 0.0 0.0 0.0 0.0 0.0 0.0 0.0 0.0 0.0 0.0 0.0 0.0 0.0 0.0 0.0 
0.0 0.0 0.0 0.0 0.0 0.0 0.0 0.0 0.0 0.0 0.0 0.0 0.0 0.0 0.0 0.0 0.0 0.0 0.0 0.0 0.0 0.0 0.0 0.0 0.0 0.0 0.0 0.0 2.32192809488736 0.0 0.0 0.0 0.0 0.0 0.0 0.0 0.0 0.0 0.0 0.0 0.0 0.0 0.0 
0.0 0.0 0.0 0.0 0.0 0.0 0.0 0.0 0.0 0.0 0.0 0.0 1.0 0.0 0.0 0.0 0.0 0.0 0.0 0.0 0.0 0.0 0.0 0.0 0.0 1.0 0.0 0.0 0.0 0.0 0.0 0.0 0.0 0.0 0.0 0.0 1.58496250072116 0.0 0.0 0.0 0.0 0.0 0.0 
2.0 1.0 6.06608919045777 2.0 2.0 2.58496250072116 1.0 0.0 0.0 1.0 2.0 2.8073549220576 3.32192809488736 3.58496250072116 1.58496250072116 3.90689059560852 0.0 0.0 0.0 1.58496250072116 1.0 3.0 0.0 0.0 1.58496250072116 3.58496250072116 0.0 2.32192809488736 1.0 3.0 4.4594316186373 0.0 3.4594316186373 1.58496250072116 2.32192809488736 0.0 0.0 0.0 1.0 2.32192809488736 2.0 4.08746284125034 0.0 
0.0 0.0 1.58496250072116 0.0 0.0 1.58496250072116 1.0 1.58496250072116 0.0 0.0 0.0 0.0 0.0 1.0 0.0 1.58496250072116 0.0 1.0 0.0 0.0 1.0 0.0 2.0 0.0 1.0 0.0 1.58496250072116 1.0 0.0 1.58496250072116 0.0 1.0 1.0 1.0 0.0 1.0 1.0 1.0 0.0 0.0 0.0 1.58496250072116 0.0 
0.0 0.0 0.0 0.0 0.0 0.0 0.0 0.0 0.0 0.0 1.0 2.0 0.0 0.0 0.0 0.0 0.0 1.0 0.0 0.0 0.0 0.0 0.0 0.0 0.0 0.0 0.0 0.0 0.0 0.0 0.0 3.58496250072116 0.0 0.0 0.0 0.0 0.0 0.0 0.0 2.0 0.0 0.0 0.0 
0.0 0.0 0.0 0.0 0.0 3.16992500144231 0.0 0.0 0.0 3.32192809488736 0.0 2.8073549220576 0.0 2.58496250072116 0.0 2.32192809488736 0.0 2.58496250072116 2.0 1.58496250072116 2.32192809488736 2.32192809488736 2.0 0.0 0.0 2.58496250072116 1.0 1.0 1.58496250072116 1.58496250072116 4.0 0.0 0.0 1.58496250072116 0.0 0.0 3.0 0.0 3.0 5.85798099512757 3.4594316186373 0.0 1.58496250072116 
0.0 0.0 0.0 0.0 0.0 0.0 0.0 0.0 0.0 0.0 0.0 0.0 0.0 0.0 0.0 0.0 0.0 0.0 0.0 0.0 0.0 0.0 0.0 0.0 0.0 0.0 0.0 0.0 0.0 1.0 1.58496250072116 0.0 0.0 1.0 0.0 0.0 0.0 0.0 1.0 0.0 0.0 0.0 0.0 
0.0 0.0 0.0 0.0 0.0 0.0 0.0 1.58496250072116 0.0 0.0 0.0 0.0 0.0 0.0 0.0 0.0 0.0 0.0 0.0 0.0 0.0 0.0 0.0 0.0 0.0 0.0 0.0 0.0 0.0 1.58496250072116 0.0 0.0 0.0 6.0 0.0 0.0 0.0 0.0 0.0 0.0 0.0 0.0 0.0 
0.0 0.0 0.0 0.0 1.0 2.58496250072116 0.0 5.64385618977472 3.32192809488736 5.12928301694497 0.0 0.0 1.0 1.0 1.0 2.0 2.58496250072116 1.0 1.0 0.0 2.0 0.0 1.0 0.0 0.0 1.0 0.0 0.0 1.0 2.32192809488736 0.0 0.0 0.0 2.8073549220576 0.0 1.0 2.58496250072116 0.0 2.58496250072116 4.32192809488736 0.0 3.16992500144231 1.0 
0.0 0.0 3.0 1.0 0.0 0.0 1.0 0.0 0.0 0.0 1.0 0.0 0.0 3.4594316186373 0.0 1.0 2.32192809488736 0.0 0.0 0.0 3.0 0.0 0.0 0.0 0.0 2.58496250072116 0.0 0.0 0.0 3.16992500144231 0.0 0.0 0.0 0.0 0.0 0.0 1.0 0.0 2.0 0.0 0.0 0.0 0.0 
0.0 0.0 0.0 0.0 0.0 0.0 0.0 0.0 0.0 0.0 0.0 0.0 0.0 0.0 0.0 0.0 0.0 0.0 0.0 0.0 0.0 0.0 1.0 0.0 0.0 0.0 0.0 0.0 0.0 0.0 0.0 0.0 0.0 0.0 0.0 0.0 0.0 0.0 0.0 0.0 0.0 0.0 0.0 
0.0 0.0 4.75488750216347 0.0 0.0 3.0 2.0 0.0 0.0 0.0 0.0 0.0 2.8073549220576 2.8073549220576 0.0 2.0 3.32192809488736 0.0 1.0 3.8073549220576 3.32192809488736 0.0 0.0 0.0 1.58496250072116 3.0 0.0 0.0 3.16992500144231 0.0 0.0 0.0 0.0 3.90689059560852 0.0 0.0 0.0 3.16992500144231 3.0 3.16992500144231 0.0 4.39231742277876 1.0 
0.0 0.0 0.0 0.0 0.0 0.0 0.0 0.0 0.0 0.0 0.0 0.0 0.0 0.0 0.0 1.0 0.0 0.0 0.0 0.0 0.0 0.0 0.0 0.0 0.0 0.0 0.0 0.0 0.0 0.0 0.0 0.0 0.0 0.0 0.0 0.0 0.0 0.0 0.0 0.0 0.0 0.0 0.0 
0.0 0.0 0.0 0.0 0.0 0.0 0.0 0.0 0.0 0.0 0.0 0.0 0.0 0.0 0.0 0.0 0.0 0.0 0.0 0.0 0.0 0.0 0.0 0.0 0.0 0.0 0.0 0.0 0.0 1.58496250072116 0.0 0.0 0.0 0.0 0.0 0.0 0.0 0.0 0.0 0.0 0.0 0.0 0.0 
0.0 0.0 0.0 0.0 1.0 1.58496250072116 0.0 0.0 3.4594316186373 0.0 0.0 0.0 0.0 0.0 0.0 0.0 0.0 0.0 0.0 0.0 0.0 0.0 5.35755200461808 2.32192809488736 0.0 0.0 1.58496250072116 0.0 0.0 2.58496250072116 0.0 0.0 0.0 0.0 0.0 0.0 0.0 0.0 0.0 1.0 0.0 4.95419631038687 0.0 
2.32192809488736 0.0 0.0 0.0 0.0 0.0 1.58496250072116 0.0 0.0 2.0 0.0 0.0 0.0 0.0 3.0 0.0 3.90689059560852 0.0 0.0 3.70043971814109 0.0 0.0 1.0 0.0 0.0 0.0 0.0 0.0 0.0 0.0 3.16992500144231 0.0 0.0 0.0 3.8073549220576 0.0 0.0 1.58496250072116 2.8073549220576 7.4757334309664 0.0 0.0 2.32192809488736 
Eva Case Dim 1 277
Eva Case Dim 2 43
Eva Control Dim 1 277
Eva Control Dim 2 43
Gen Case Dim 1 277
Gen Case Dim 2 43
Gen Control Dim 1 277
Gen Control Dim 2 42
Done with inputBobCase gen
Done with inputAliceCase gen
Done with inputAliceControl gen
Done with inputBobControl gen
-1.005865,NA,NA
9.051433856827422E15,NA,NA
